1.000000 0.000000 0.000000 0.000000 0.000000 1.000000 0.000000 0.000000 0.000000 0.000000 1.000000 0.000000
0.999949 -0.001827 0.009930 0.003630 0.001815 0.999998 0.001221 -0.008453 -0.009932 -0.001203 0.999950 0.280955
0.999878 -0.004415 0.014967 0.016033 0.004399 0.999990 0.001158 -0.013710 -0.014972 -0.001092 0.999887 0.555729
0.999860 -0.006653 0.015322 0.029250 0.006652 0.999978 0.000126 -0.016537 -0.015323 -0.000024 0.999883 0.836810
0.999900 -0.007771 0.011817 0.040453 0.007787 0.999969 -0.001338 -0.019045 -0.011806 0.001430 0.999929 1.128978
0.999945 -0.009688 0.004145 0.047772 0.009700 0.999949 -0.002813 -0.018240 -0.004117 0.002853 0.999987 1.427035
0.999900 -0.010577 -0.009358 0.057551 0.010534 0.999933 -0.004701 -0.026647 0.009408 0.004602 0.999945 1.730196
0.999599 -0.008970 -0.026876 0.047137 0.008838 0.999948 -0.005033 -0.034665 0.026919 0.004794 0.999626 2.038713
0.998914 -0.004707 -0.046353 0.008358 0.004479 0.999977 -0.005012 -0.042987 0.046376 0.004799 0.998913 2.371222
0.997753 -0.001420 -0.066987 -0.024340 0.000986 0.999978 -0.006511 -0.043356 0.066994 0.006431 0.997733 2.718143
0.996239 -0.001202 -0.086637 -0.061411 0.000574 0.999973 -0.007277 -0.041075 0.086643 0.007200 0.996213 3.073312
0.994163 -0.002020 -0.107871 -0.089416 0.001246 0.999973 -0.007242 -0.042317 0.107883 0.007065 0.994139 3.447295
0.991993 -0.002615 -0.126263 -0.135868 0.001838 0.999979 -0.006267 -0.054516 0.126277 0.005984 0.991977 3.829362
0.989411 -0.001982 -0.145127 -0.216278 0.001138 0.999982 -0.005897 -0.068832 0.145136 0.005669 0.989395 4.219244
0.986985 -0.000638 -0.160811 -0.282459 -0.000241 0.999985 -0.005445 -0.075183 0.160812 0.005412 0.986970 4.619497
0.984286 -0.000259 -0.176583 -0.364513 -0.000780 0.999983 -0.005816 -0.083455 0.176582 0.005862 0.984268 5.019478
0.982036 -0.001266 -0.188689 -0.444794 -0.000022 0.999977 -0.006826 -0.092173 0.188693 0.006708 0.982013 5.437407
0.980065 -0.004443 -0.198625 -0.499528 0.002718 0.999956 -0.008955 -0.094063 0.198656 0.008237 0.980035 5.869999
0.978282 -0.003218 -0.207252 -0.599261 0.001069 0.999945 -0.010482 -0.109221 0.207275 0.010033 0.978231 6.319357
0.976606 -0.002630 -0.215021 -0.701712 -0.000022 0.999924 -0.012331 -0.111518 0.215037 0.012047 0.976532 6.776634
0.974840 -0.003227 -0.222882 -0.801249 -0.000126 0.999887 -0.015029 -0.118250 0.222906 0.014679 0.974729 7.244935
0.973067 -0.006546 -0.230429 -0.877987 0.002701 0.999852 -0.016998 -0.121945 0.230506 0.015918 0.972941 7.735893
0.971099 -0.012672 -0.238341 -0.972073 0.008516 0.999793 -0.018459 -0.135705 0.238526 0.015896 0.971006 8.239424
0.968969 -0.012033 -0.246891 -1.097389 0.007411 0.999780 -0.019642 -0.158287 0.247073 0.017202 0.968844 8.759386
0.966827 -0.007998 -0.255306 -1.246640 0.002141 0.999728 -0.023211 -0.169948 0.255422 0.021895 0.966582 9.275419
0.963997 -0.004944 -0.265865 -1.399826 -0.002117 0.999653 -0.026267 -0.177798 0.265903 0.025884 0.963652 9.782097
0.961701 -0.006944 -0.274013 -1.520482 -0.000873 0.999596 -0.028397 -0.186088 0.274100 0.027549 0.961307 10.334498
0.959250 -0.008775 -0.282424 -1.668961 0.000364 0.999555 -0.029818 -0.210694 0.282560 0.028500 0.958826 10.881677
0.956950 -0.007681 -0.290151 -1.817198 -0.001491 0.999507 -0.031376 -0.230990 0.290249 0.030458 0.956466 11.426543
0.954398 -0.006623 -0.298463 -1.994439 -0.003905 0.999391 -0.034662 -0.252454 0.298511 0.034247 0.953792 12.003284
0.951681 -0.007349 -0.307000 -2.159015 -0.005046 0.999204 -0.039563 -0.271138 0.307046 0.039201 0.950887 12.575985
0.950005 -0.007219 -0.312151 -2.271380 -0.007652 0.998894 -0.046390 -0.278819 0.312141 0.046459 0.948899 13.125340
0.948469 -0.005344 -0.316825 -2.390106 -0.012301 0.998483 -0.053668 -0.284598 0.316632 0.054800 0.946964 13.749187
0.945822 -0.001378 -0.324682 -2.440464 -0.019605 0.997924 -0.061346 -0.275688 0.324092 0.064388 0.943832 14.325428
0.939122 0.001298 -0.343580 -2.552827 -0.026906 0.997200 -0.069774 -0.281372 0.342528 0.074771 0.936528 14.877819
0.937535 0.003777 -0.347871 -2.747477 -0.032257 0.996577 -0.076114 -0.317796 0.346393 0.082581 0.934448 15.477081
0.935594 0.005776 -0.353031 -2.969812 -0.036964 0.995974 -0.081664 -0.366243 0.351138 0.089453 0.932041 16.076651
0.933500 0.008879 -0.358468 -3.184042 -0.042914 0.995275 -0.087100 -0.411253 0.356000 0.096691 0.929470 16.712372
0.931583 0.011903 -0.363333 -3.414448 -0.048404 0.994626 -0.091522 -0.468111 0.360291 0.102847 0.927153 17.360224
0.929460 0.014931 -0.368621 -3.678421 -0.053527 0.994066 -0.094701 -0.531050 0.365019 0.107752 0.924743 17.994087
0.927297 0.016661 -0.373955 -3.954124 -0.056613 0.993760 -0.096107 -0.599579 0.370021 0.110290 0.922454 18.669554
0.924965 0.018020 -0.379625 -4.245859 -0.058537 0.993711 -0.095456 -0.682463 0.375517 0.110516 0.920203 19.353552
0.922747 0.018828 -0.384946 -4.527270 -0.059478 0.993797 -0.093967 -0.759503 0.380789 0.109604 0.918143 20.052578
0.919343 0.022005 -0.392842 -4.788455 -0.062910 0.993811 -0.091555 -0.811903 0.388396 0.108884 0.915037 20.789618
0.915797 0.023754 -0.400939 -5.100972 -0.064543 0.993980 -0.088536 -0.897876 0.396422 0.106959 0.911816 21.477978
0.912270 0.026211 -0.408751 -5.432610 -0.065809 0.994365 -0.083112 -0.978779 0.404269 0.102720 0.908854 22.208868
0.908306 0.030061 -0.417225 -5.767396 -0.068629 0.994608 -0.077746 -1.058790 0.412638 0.099251 0.905472 22.939663
0.904217 0.034014 -0.425717 -6.127542 -0.072127 0.994667 -0.073724 -1.139098 0.420939 0.097368 0.901848 23.662535
0.900170 0.035450 -0.434095 -6.461735 -0.073707 0.994705 -0.071614 -1.209877 0.429258 0.096460 0.898016 24.401808
0.896047 0.035626 -0.442527 -6.818677 -0.074572 0.994691 -0.070917 -1.285824 0.437651 0.096545 0.893947 25.141592
0.891538 0.035957 -0.451517 -7.189633 -0.075511 0.994693 -0.069888 -1.357059 0.446607 0.096403 0.889521 25.888308
0.887442 0.038272 -0.459328 -7.578830 -0.078099 0.994623 -0.068017 -1.431363 0.454255 0.096234 0.885659 26.633173
0.883176 0.037977 -0.467501 -7.974695 -0.077542 0.994824 -0.065675 -1.507238 0.462587 0.094254 0.881549 27.401314
0.878763 0.038365 -0.475713 -8.398969 -0.076843 0.995133 -0.061695 -1.592359 0.471031 0.090770 0.877434 28.156837
0.874757 0.039986 -0.482910 -8.835768 -0.076687 0.995454 -0.056488 -1.667454 0.478456 0.086447 0.873846 28.935667
0.870658 0.039007 -0.490340 -9.262302 -0.074233 0.995853 -0.052590 -1.742013 0.486256 0.082187 0.869943 29.710043
0.866449 0.037839 -0.497830 -9.698754 -0.072476 0.996094 -0.050430 -1.807302 0.493977 0.079776 0.865807 30.524368
0.862866 0.038651 -0.503952 -10.154737 -0.073231 0.996111 -0.048989 -1.861028 0.500099 0.079176 0.862341 31.339563
0.859387 0.039763 -0.509778 -10.621547 -0.073988 0.996150 -0.047028 -1.923495 0.505945 0.078133 0.859020 32.138596
0.856648 0.039597 -0.514379 -11.130194 -0.073556 0.996238 -0.045811 -1.989276 0.510630 0.077080 0.856339 32.988728
0.853648 0.039161 -0.519376 -11.626958 -0.073316 0.996276 -0.045382 -2.040191 0.515664 0.076819 0.853340 33.843342
0.850993 0.037703 -0.523822 -12.107255 -0.072234 0.996343 -0.045638 -2.092781 0.520186 0.076675 0.850604 34.657913
0.849584 0.037820 -0.526096 -12.620250 -0.072795 0.996289 -0.045934 -2.148003 0.522406 0.077322 0.849184 35.507034
0.848996 0.038907 -0.526966 -13.122127 -0.073769 0.996246 -0.045296 -2.198862 0.523225 0.077330 0.848679 36.334305
0.848715 0.037727 -0.527504 -13.665943 -0.071391 0.996495 -0.043593 -2.265869 0.524010 0.074657 0.848433 37.207516
0.847878 0.036658 -0.528922 -14.175361 -0.069936 0.996623 -0.043036 -2.322496 0.525558 0.073480 0.847578 38.085770
0.847323 0.035643 -0.529880 -14.708512 -0.069336 0.996630 -0.043833 -2.377721 0.526532 0.073881 0.846939 38.964542
0.846075 0.034277 -0.531960 -15.236037 -0.068513 0.996646 -0.044749 -2.437069 0.528642 0.074307 0.845586 39.849007
0.844606 0.035488 -0.534211 -15.808266 -0.069130 0.996677 -0.043087 -2.502002 0.530906 0.073322 0.844252 40.741852
0.843116 0.036344 -0.536502 -16.397457 -0.068162 0.996889 -0.039586 -2.567935 0.533394 0.069945 0.842970 41.632309
0.840479 0.034973 -0.540714 -16.991550 -0.064393 0.997290 -0.035586 -2.637439 0.538004 0.064728 0.840453 42.523655
0.836592 0.035647 -0.546665 -17.567575 -0.064224 0.997382 -0.033248 -2.696731 0.544048 0.062924 0.836691 43.410652
0.830282 0.032907 -0.556372 -18.139427 -0.062518 0.997454 -0.034303 -2.736989 0.553827 0.063264 0.830225 44.270657
0.824076 0.029919 -0.565689 -18.703648 -0.061361 0.997443 -0.036634 -2.791461 0.563147 0.064900 0.823804 45.098194
0.817684 0.030527 -0.574857 -19.319542 -0.062617 0.997384 -0.036102 -2.847490 0.572252 0.065515 0.817457 45.955078
0.812202 0.034526 -0.582354 -19.971113 -0.064830 0.997406 -0.031284 -2.900773 0.579763 0.063163 0.812333 46.815334
0.806972 0.039160 -0.589290 -20.615667 -0.067781 0.997347 -0.026542 -2.960225 0.586688 0.061361 0.807485 47.650520
0.803021 0.039077 -0.594669 -21.248678 -0.068712 0.997264 -0.027254 -3.007472 0.591977 0.062746 0.803509 48.496281
0.800074 0.037482 -0.598729 -21.872797 -0.069935 0.997069 -0.031034 -3.046298 0.595810 0.066702 0.800350 49.358257
0.796165 0.036741 -0.603963 -22.415201 -0.074224 0.996547 -0.037221 -3.092332 0.600510 0.074462 0.796143 50.199554
0.792927 0.035892 -0.608259 -23.061714 -0.075085 0.996411 -0.039085 -3.140876 0.604673 0.076663 0.792776 51.036167
0.789586 0.036059 -0.612580 -23.716919 -0.072988 0.996704 -0.035407 -3.205637 0.609284 0.072668 0.789615 51.806850
0.785777 0.038980 -0.617281 -24.419765 -0.073236 0.996855 -0.030277 -3.264075 0.614159 0.068999 0.786160 52.621376
0.782523 0.040039 -0.621333 -25.087353 -0.072790 0.996970 -0.027427 -3.312562 0.618352 0.066689 0.783066 53.422771
0.778958 0.040307 -0.625779 -25.774923 -0.073463 0.996926 -0.027233 -3.362907 0.622758 0.067185 0.779525 54.247482
0.775203 0.039841 -0.630454 -26.424767 -0.074930 0.996763 -0.029144 -3.405523 0.627252 0.069833 0.775679 55.077160
0.771284 0.038937 -0.635298 -27.015104 -0.076249 0.996591 -0.031489 -3.441599 0.631907 0.072728 0.771624 55.896919
0.766234 0.038972 -0.641379 -27.702934 -0.077080 0.996526 -0.031534 -3.495281 0.637922 0.073600 0.766576 56.705544
0.761894 0.039019 -0.646526 -28.386269 -0.076993 0.996562 -0.030589 -3.541777 0.643110 0.073083 0.762279 57.487995
0.756685 0.039415 -0.652590 -29.087923 -0.077350 0.996568 -0.029498 -3.595690 0.649188 0.072798 0.757137 58.271812
0.750740 0.039057 -0.659442 -29.779959 -0.077890 0.996521 -0.029654 -3.645548 0.655990 0.073626 0.751170 59.068329
0.745113 0.038672 -0.665816 -30.493879 -0.078488 0.996465 -0.029959 -3.692897 0.662304 0.074581 0.745514 59.868114
0.739735 0.038056 -0.671821 -31.209620 -0.078941 0.996413 -0.030478 -3.737398 0.668252 0.075579 0.740086 60.675919
0.732808 0.036678 -0.679447 -31.928967 -0.078361 0.996452 -0.030723 -3.792109 0.675909 0.075756 0.733081 61.459591
0.726724 0.034850 -0.686045 -32.672363 -0.077429 0.996503 -0.031399 -3.847073 0.682552 0.075938 0.726882 62.222607
0.720719 0.034785 -0.692354 -33.429852 -0.077916 0.996476 -0.031044 -3.891379 0.688835 0.076319 0.720890 63.012722
0.714427 0.036483 -0.698759 -34.199207 -0.079590 0.996395 -0.029352 -3.946863 0.695169 0.076584 0.714755 63.797039
0.708060 0.035044 -0.705282 -34.954037 -0.077287 0.996614 -0.028072 -4.005607 0.701910 0.074385 0.708371 64.573471
0.700778 0.034897 -0.712525 -35.695217 -0.078227 0.996539 -0.028131 -4.046166 0.709077 0.075452 0.701083 65.367348
0.691779 0.031323 -0.721430 -36.341076 -0.079403 0.996300 -0.032881 -3.959916 0.717731 0.080030 0.691706 66.204384
0.684851 0.030715 -0.728036 -37.126049 -0.079111 0.996340 -0.032384 -4.012046 0.724376 0.079774 0.684774 66.973167
0.679950 0.031712 -0.732572 -37.958340 -0.080155 0.996292 -0.031270 -4.071214 0.728864 0.079981 0.679971 67.722397
0.674862 0.032887 -0.737211 -38.740227 -0.082802 0.996072 -0.031364 -4.106623 0.733284 0.082209 0.674934 68.504860
0.669081 0.031808 -0.742508 -39.571594 -0.082534 0.996084 -0.031702 -4.153172 0.738592 0.082494 0.669086 69.269089
0.663128 0.030227 -0.747896 -40.370159 -0.083890 0.995890 -0.034132 -4.184239 0.743790 0.085375 0.662938 70.062294
0.657208 0.027731 -0.753199 -41.208210 -0.083890 0.995805 -0.036536 -4.224625 0.749026 0.087198 0.656777 70.833748
0.651708 0.027972 -0.757954 -42.048950 -0.085767 0.995628 -0.037002 -4.282905 0.753605 0.089122 0.651257 71.582153
0.646291 0.028826 -0.762546 -42.919937 -0.086347 0.995631 -0.035546 -4.342067 0.758190 0.088817 0.645956 72.313690
0.641695 0.029045 -0.766410 -43.824409 -0.085672 0.995743 -0.033995 -4.404710 0.762160 0.087474 0.641452 73.061600
0.637017 0.027751 -0.770350 -44.683437 -0.084751 0.995815 -0.034209 -4.455599 0.766177 0.087079 0.636703 73.799698
0.632297 0.027131 -0.774251 -45.588810 -0.084796 0.995806 -0.034354 -4.505472 0.770072 0.087375 0.631945 74.525070
0.627622 0.027136 -0.778046 -46.449978 -0.085001 0.995806 -0.033836 -4.558073 0.773864 0.087371 0.627296 75.223106
0.623392 0.027209 -0.781436 -47.363682 -0.085424 0.995782 -0.033475 -4.614328 0.777229 0.087621 0.623087 75.933258
0.619273 0.024633 -0.784789 -48.296623 -0.082909 0.995971 -0.034161 -4.664256 0.780786 0.086221 0.618821 76.674942
0.614240 0.022621 -0.788795 -49.079311 -0.085372 0.995627 -0.037928 -4.675690 0.784488 0.090638 0.613485 77.456596
0.610687 0.019097 -0.791642 -49.990906 -0.081952 0.995865 -0.039196 -4.734642 0.787620 0.088813 0.609727 78.206696
0.603845 0.015533 -0.796951 -50.912350 -0.077503 0.996217 -0.039307 -4.794672 0.793325 0.085502 0.602764 78.938202
0.595075 0.011327 -0.803590 -51.857780 -0.072240 0.996607 -0.039448 -4.859297 0.800417 0.081525 0.593874 79.668617
0.586416 0.010769 -0.809939 -52.780312 -0.070702 0.996776 -0.037936 -4.927448 0.806919 0.079511 0.585287 80.362404
0.578451 0.012193 -0.815626 -53.815914 -0.070294 0.996914 -0.034951 -4.994061 0.812682 0.077551 0.577523 81.038437
0.569697 0.012479 -0.821760 -54.792416 -0.070807 0.996912 -0.033949 -5.054925 0.818799 0.077527 0.568822 81.695076
0.560271 0.011550 -0.828229 -55.765118 -0.072130 0.996785 -0.034893 -5.105112 0.825163 0.079290 0.559303 82.374931
0.552146 0.009871 -0.833689 -56.722347 -0.072113 0.996748 -0.035959 -5.164252 0.830623 0.079974 0.551062 83.029732
0.543847 0.008911 -0.839137 -57.737343 -0.072499 0.996704 -0.036403 -5.219068 0.836047 0.080634 0.542700 83.685448
0.534917 0.008520 -0.844862 -58.737713 -0.071263 0.996841 -0.035066 -5.279853 0.841894 0.078965 0.533834 84.342293
0.521549 0.009193 -0.853172 -59.800110 -0.071564 0.996890 -0.033005 -5.345443 0.850215 0.078270 0.520584 84.985077
0.512282 0.008383 -0.858776 -60.858868 -0.070955 0.996947 -0.032595 -5.409805 0.855881 0.077633 0.511313 85.603516
0.503608 0.007965 -0.863896 -61.898800 -0.072430 0.996826 -0.033032 -5.473591 0.860891 0.079208 0.502586 86.233009
0.494054 0.007957 -0.869395 -62.946236 -0.074536 0.996664 -0.033235 -5.533318 0.866230 0.081221 0.492999 86.845894
0.483899 0.007251 -0.875094 -64.028519 -0.075830 0.996552 -0.033674 -5.591060 0.871832 0.082653 0.482780 87.442253
0.475666 0.007523 -0.879594 -65.119865 -0.077498 0.996433 -0.033387 -5.653090 0.876205 0.084048 0.474552 88.014748
0.468451 0.009217 -0.883441 -66.241447 -0.078358 0.996438 -0.031154 -5.720774 0.880008 0.083818 0.467505 88.581017
0.461038 0.010684 -0.887316 -67.330200 -0.078230 0.996524 -0.028649 -5.779216 0.883925 0.082623 0.460271 89.133911
0.453801 0.010480 -0.891041 -68.430435 -0.077883 0.996571 -0.027944 -5.837181 0.887693 0.082078 0.453061 89.692215
0.447245 0.007575 -0.894380 -69.528450 -0.076014 0.996668 -0.029570 -5.893143 0.891176 0.081211 0.446330 90.246170
0.440946 0.004444 -0.897523 -70.651314 -0.073798 0.996781 -0.031321 -5.953783 0.894494 0.080046 0.439855 90.821030
0.435777 0.001408 -0.900054 -71.737656 -0.071986 0.996850 -0.033294 -6.012414 0.897171 0.079300 0.434505 91.366425
0.431246 -0.001807 -0.902233 -72.829971 -0.070748 0.996851 -0.035813 -6.074927 0.899456 0.079276 0.429760 91.904556
0.427320 -0.003152 -0.904095 -73.959534 -0.068710 0.996989 -0.035952 -6.143496 0.901486 0.077483 0.425816 92.430565
0.423550 -0.001154 -0.905872 -75.093979 -0.067479 0.997181 -0.032820 -6.222559 0.903356 0.075028 0.422278 92.947495
0.420138 0.000625 -0.907460 -76.219505 -0.064379 0.997501 -0.029119 -6.300273 0.905174 0.070655 0.419128 93.452507
0.417921 0.001134 -0.908483 -77.347481 -0.062298 0.997681 -0.027413 -6.370825 0.906345 0.068053 0.417022 93.960503
0.415510 0.000839 -0.909588 -78.466278 -0.060443 0.997815 -0.026690 -6.433394 0.907578 0.066068 0.414653 94.463234
0.413256 0.001592 -0.910613 -79.580055 -0.058326 0.997991 -0.024724 -6.502713 0.908745 0.063330 0.412519 94.933502
0.411698 0.001957 -0.911318 -80.667595 -0.056149 0.998152 -0.023223 -6.567777 0.909589 0.060730 0.411047 95.415489
0.410555 0.001133 -0.911835 -81.765030 -0.054561 0.998238 -0.023326 -6.640418 0.910202 0.059327 0.409893 95.904793
0.409177 0.000773 -0.912455 -82.857658 -0.053145 0.998322 -0.022986 -6.699542 0.910906 0.057898 0.408531 96.379990
0.407024 0.001783 -0.913416 -83.952019 -0.051305 0.998464 -0.020912 -6.785016 0.911976 0.055374 0.406490 96.860466
0.405825 0.002253 -0.913948 -85.051826 -0.048355 0.998649 -0.019010 -6.876306 0.912671 0.051909 0.405386 97.315033
0.403665 0.001450 -0.914906 -86.127853 -0.046615 0.998733 -0.018984 -6.929589 0.913719 0.050311 0.403221 97.787148
0.401183 -0.000447 -0.915998 -87.192841 -0.043564 0.998859 -0.019567 -6.996115 0.914961 0.047754 0.400706 98.239082
0.399596 -0.000907 -0.916691 -88.222160 -0.044242 0.998815 -0.020273 -7.049152 0.915623 0.048657 0.399083 98.696655
0.401574 -0.001395 -0.915826 -89.270386 -0.045963 0.998708 -0.021675 -7.088484 0.914673 0.050798 0.400991 99.159081
0.404302 -0.001935 -0.914623 -90.300972 -0.046760 0.998646 -0.022782 -7.151865 0.913429 0.051979 0.403665 99.587349
0.407398 -0.002280 -0.913248 -91.333984 -0.047843 0.998570 -0.023835 -7.211720 0.911997 0.053402 0.406707 100.008652
0.410915 -0.002921 -0.911669 -92.327583 -0.049217 0.998465 -0.025383 -7.268912 0.910344 0.055300 0.410141 100.429535
0.415409 -0.003369 -0.909628 -93.329887 -0.049208 0.998446 -0.026171 -7.327915 0.908303 0.055632 0.414598 100.862755
0.422068 -0.003183 -0.906559 -94.330017 -0.049359 0.998430 -0.026486 -7.378829 0.905219 0.055926 0.421248 101.305641
0.430645 -0.002056 -0.902519 -95.337532 -0.050256 0.998391 -0.026254 -7.439396 0.901121 0.056663 0.429849 101.746437
0.439363 -0.002512 -0.898306 -96.317131 -0.049481 0.998410 -0.026993 -7.499731 0.896946 0.056309 0.438540 102.168793
0.431054 -0.001194 -0.902325 -97.243584 -0.051648 0.998327 -0.025994 -7.536572 0.900847 0.057808 0.430272 102.622452
0.440934 -0.001855 -0.897538 -98.198875 -0.052961 0.998202 -0.028081 -7.580646 0.895976 0.059916 0.440043 103.045273
0.452654 -0.002653 -0.891682 -99.153458 -0.056313 0.997914 -0.031555 -7.632727 0.889906 0.064497 0.451561 103.506462
0.464016 -0.003026 -0.885821 -100.066963 -0.058143 0.997734 -0.033866 -7.681566 0.883916 0.067219 0.462789 103.971054
0.477074 -0.001727 -0.878862 -101.006798 -0.060012 0.997600 -0.034537 -7.739934 0.876812 0.069219 0.475825 104.449104
0.492177 0.000250 -0.870495 -101.951385 -0.060112 0.997623 -0.033701 -7.825467 0.868417 0.068914 0.491022 104.905045
0.505486 0.001531 -0.862833 -102.885269 -0.059595 0.997672 -0.033144 -7.892242 0.860774 0.068175 0.504400 105.411331
0.516776 0.001134 -0.856120 -103.803139 -0.058290 0.997725 -0.033864 -7.978698 0.854134 0.067403 0.515666 105.901611
0.527323 0.001031 -0.849664 -104.688217 -0.059093 0.997622 -0.035464 -8.032532 0.847607 0.068910 0.526130 106.446945
0.537429 0.000916 -0.843309 -105.535065 -0.060207 0.997489 -0.037285 -8.088397 0.841157 0.070811 0.536135 106.967056
0.549653 -0.002574 -0.835389 -106.410110 -0.055477 0.997675 -0.039576 -8.168020 0.833549 0.068098 0.548233 107.491859
0.560940 -0.002513 -0.827852 -107.252823 -0.054600 0.997706 -0.040025 -8.234438 0.826054 0.067652 0.559516 108.033119
0.567362 -0.000722 -0.823468 -108.068443 -0.054236 0.997796 -0.038243 -8.316401 0.821681 0.066359 0.566072 108.558510
0.577543 0.000664 -0.816360 -108.908722 -0.051829 0.998012 -0.035855 -8.404325 0.814713 0.063018 0.576430 109.091621
0.586561 0.000135 -0.809905 -109.754982 -0.049630 0.998127 -0.035777 -8.481417 0.808383 0.061181 0.585469 109.594246
0.595926 0.000936 -0.803038 -110.536797 -0.051737 0.997967 -0.037230 -8.534415 0.801371 0.063733 0.594763 110.143333
0.605434 0.001148 -0.795894 -111.305435 -0.052931 0.997843 -0.038826 -8.591403 0.794133 0.065634 0.604189 110.702263
0.615392 0.001329 -0.788220 -112.079575 -0.051869 0.997899 -0.038813 -8.650291 0.786513 0.064770 0.614168 111.274376
0.623748 0.002718 -0.781621 -112.848602 -0.051052 0.998000 -0.037270 -8.716438 0.779957 0.063151 0.622639 111.836143
0.631774 0.003149 -0.775146 -113.611031 -0.049217 0.998137 -0.036059 -8.780961 0.773588 0.060931 0.630752 112.407082
0.639617 0.003626 -0.768685 -114.341606 -0.048627 0.998177 -0.035754 -8.838045 0.767154 0.060248 0.638628 112.986969
0.647313 0.003893 -0.762214 -115.071930 -0.048965 0.998134 -0.036486 -8.896481 0.760650 0.060940 0.646296 113.568222
0.654617 0.004943 -0.755945 -115.785301 -0.049178 0.998139 -0.036060 -8.953474 0.754360 0.060781 0.653641 114.150871
0.662079 0.006637 -0.749405 -116.514877 -0.048312 0.998259 -0.033842 -9.016547 0.747875 0.058611 0.661247 114.713104
0.669545 0.009670 -0.742709 -117.212730 -0.049426 0.998279 -0.031560 -9.067388 0.741125 0.057840 0.668871 115.296631
0.677087 0.011318 -0.735816 -117.883232 -0.050549 0.998235 -0.031160 -9.112618 0.734165 0.058292 0.676464 115.879387
0.684882 0.011860 -0.728558 -118.528191 -0.050480 0.998237 -0.031203 -9.164963 0.726904 0.058148 0.684273 116.457603
0.693247 0.014374 -0.720557 -119.195305 -0.052723 0.998134 -0.030813 -9.211182 0.718769 0.059351 0.692711 117.027336
0.701935 0.017031 -0.712037 -119.830734 -0.052763 0.998211 -0.028138 -9.265362 0.710284 0.057320 0.701578 117.598503
0.710806 0.020480 -0.703090 -120.456696 -0.054190 0.998200 -0.025707 -9.308619 0.701298 0.056373 0.710636 118.173859
0.721546 0.022480 -0.692002 -121.079185 -0.055429 0.998140 -0.025371 -9.355493 0.690145 0.056663 0.721450 118.752220
0.731923 0.022709 -0.681009 -121.671288 -0.056270 0.998045 -0.027197 -9.393104 0.679060 0.058227 0.731770 119.326042
0.741254 0.021751 -0.670872 -122.204872 -0.056057 0.997989 -0.029582 -9.420669 0.668880 0.059535 0.740983 119.900864
0.751531 0.022133 -0.659326 -122.788879 -0.055745 0.997993 -0.030040 -9.463538 0.657338 0.059330 0.751257 120.482056
0.761751 0.023862 -0.647430 -123.354935 -0.055955 0.998011 -0.029053 -9.509649 0.645449 0.058358 0.761571 121.056129
0.771999 0.025863 -0.635098 -123.934921 -0.055582 0.998091 -0.026918 -9.556947 0.633189 0.056081 0.771962 121.637672
0.781616 0.027047 -0.623173 -124.479202 -0.055008 0.998156 -0.025672 -9.596076 0.621330 0.054345 0.781662 122.251411
0.791110 0.028549 -0.611008 -125.020134 -0.054325 0.998242 -0.023696 -9.637854 0.609257 0.051939 0.791270 122.876060
0.799260 0.029288 -0.600272 -125.528732 -0.053460 0.998317 -0.022473 -9.673767 0.598603 0.050052 0.799480 123.514252
0.806785 0.029137 -0.590126 -126.021637 -0.052127 0.998399 -0.021970 -9.707585 0.588541 0.048487 0.807012 124.160034
0.813760 0.029132 -0.580470 -126.504723 -0.051600 0.998420 -0.022230 -9.748031 0.578905 0.048042 0.813978 124.812775
0.820735 0.030209 -0.570509 -126.986053 -0.052365 0.998375 -0.022468 -9.782013 0.568904 0.048315 0.820984 125.465240
0.827715 0.031830 -0.560245 -127.482079 -0.053508 0.998318 -0.022336 -9.820639 0.558592 0.048465 0.828026 126.109993
0.834069 0.032833 -0.550682 -127.959435 -0.054179 0.998277 -0.022539 -9.849574 0.548993 0.048635 0.834411 126.762245
0.840242 0.032330 -0.541247 -128.425690 -0.053222 0.998318 -0.022990 -9.883554 0.539594 0.048123 0.840549 127.446304
0.845898 0.031146 -0.532435 -128.893616 -0.052012 0.998352 -0.024233 -9.916430 0.530802 0.048192 0.846124 128.158417
0.850262 0.030526 -0.525474 -129.351852 -0.051284 0.998372 -0.024984 -9.954803 0.523856 0.048192 0.850443 128.865356
0.854042 0.031308 -0.519261 -129.818115 -0.051577 0.998365 -0.024636 -9.993270 0.517641 0.047822 0.854261 129.578674
0.857097 0.033197 -0.514084 -130.289703 -0.051678 0.998428 -0.021685 -10.030293 0.512556 0.045153 0.857466 130.314270
0.860180 0.036928 -0.508652 -130.769638 -0.053504 0.998405 -0.017997 -10.065953 0.507177 0.042696 0.860784 131.041595
0.863507 0.039979 -0.502750 -131.263962 -0.055159 0.998360 -0.015349 -10.092340 0.501311 0.040985 0.864296 131.793961
0.866114 0.042289 -0.498055 -131.732407 -0.056453 0.998315 -0.013405 -10.121791 0.496649 0.039727 0.867042 132.552872
0.869331 0.044289 -0.492241 -132.212769 -0.057437 0.998282 -0.011618 -10.140716 0.490881 0.038373 0.870381 133.329239
0.872940 0.045538 -0.485698 -132.678284 -0.057265 0.998315 -0.009323 -10.161988 0.484455 0.035952 0.874077 134.113800
0.876998 0.045771 -0.478309 -133.156952 -0.056407 0.998377 -0.007886 -10.180705 0.477171 0.033896 0.878156 134.935226
0.880969 0.045513 -0.470980 -133.618530 -0.055496 0.998432 -0.007323 -10.205296 0.469908 0.032589 0.882113 135.763382
0.884940 0.044884 -0.463537 -134.060867 -0.054629 0.998478 -0.007609 -10.217708 0.462490 0.032056 0.886045 136.588043
0.889203 0.042358 -0.455549 -134.459091 -0.051964 0.998612 -0.008577 -10.239275 0.454553 0.031298 0.890170 137.429153
0.893650 0.040649 -0.446920 -134.881851 -0.050462 0.998675 -0.010069 -10.256773 0.445919 0.031550 0.894517 138.276581
0.898959 0.039519 -0.436246 -135.316803 -0.049866 0.998680 -0.012288 -10.286951 0.435185 0.032800 0.899744 139.141251
0.904997 0.041113 -0.423427 -135.755005 -0.051655 0.998574 -0.013446 -10.313408 0.422271 0.034041 0.905830 140.018051
0.911846 0.044245 -0.408141 -136.194626 -0.054303 0.998439 -0.013084 -10.342700 0.406925 0.034093 0.912825 140.877777
0.919033 0.048187 -0.391225 -136.638260 -0.057087 0.998307 -0.011144 -10.361640 0.390025 0.032576 0.920228 141.785706
0.926357 0.051029 -0.373173 -137.058792 -0.059090 0.998201 -0.010185 -10.387396 0.371982 0.031485 0.927706 142.714722
0.933973 0.052587 -0.353452 -137.447540 -0.060018 0.998146 -0.010087 -10.414747 0.352266 0.030634 0.935398 143.650726
0.941373 0.054047 -0.333011 -137.822189 -0.060734 0.998107 -0.009695 -10.431066 0.331857 0.029352 0.942873 144.617905
0.948901 0.055238 -0.310702 -138.207077 -0.060677 0.998127 -0.007859 -10.460106 0.309686 0.026310 0.950475 145.617874
0.955029 0.057509 -0.290883 -138.553802 -0.061732 0.998078 -0.005355 -10.480904 0.290016 0.023071 0.956744 146.648285
0.961243 0.059596 -0.269185 -138.893692 -0.062440 0.998047 -0.002007 -10.507753 0.268540 0.018737 0.963086 147.694550
0.966839 0.061900 -0.247773 -139.217194 -0.063745 0.997966 0.000579 -10.523937 0.247305 0.015235 0.968818 148.756866
0.972034 0.063006 -0.226230 -139.503540 -0.064639 0.997909 0.000190 -10.544323 0.225769 0.014438 0.974074 149.828186
0.976699 0.062822 -0.205215 -139.763458 -0.064691 0.997902 -0.002406 -10.559802 0.204634 0.015625 0.978714 150.923691
0.980687 0.062693 -0.185264 -140.001480 -0.064583 0.997904 -0.004179 -10.576011 0.184613 0.016064 0.982680 152.026031
0.984300 0.061662 -0.165382 -140.231232 -0.063099 0.998001 -0.003441 -10.597530 0.164840 0.013823 0.986224 153.177368
0.987388 0.062440 -0.145484 -140.446854 -0.063395 0.997987 -0.001935 -10.625151 0.145071 0.011134 0.989359 154.343094
0.990156 0.062791 -0.125093 -140.644958 -0.063501 0.997980 -0.001689 -10.649047 0.124734 0.009616 0.992144 155.513123
0.992423 0.063899 -0.104944 -140.804001 -0.064436 0.997920 -0.001733 -10.666650 0.104615 0.008483 0.994477 156.683426
0.994307 0.064316 -0.084949 -140.951691 -0.064709 0.997902 -0.001880 -10.685911 0.084650 0.007367 0.996384 157.875656
0.995717 0.065501 -0.065244 -141.076294 -0.065822 0.997827 -0.002785 -10.706351 0.064920 0.007067 0.997865 159.038330
0.996738 0.066451 -0.045808 -141.184845 -0.066728 0.997761 -0.004547 -10.722177 0.045403 0.007589 0.998940 160.229202
0.997450 0.066217 -0.026615 -141.258957 -0.066425 0.997767 -0.007016 -10.747687 0.026091 0.008766 0.999621 161.457779
0.997698 0.067239 -0.008761 -141.320068 -0.067324 0.997683 -0.009773 -10.776943 0.008084 0.010341 0.999914 162.666855
0.997656 0.067789 0.009377 -141.356873 -0.067675 0.997636 -0.011959 -10.803307 -0.010165 0.011297 0.999885 163.913559
0.997369 0.067168 0.027255 -141.346466 -0.066780 0.997657 -0.014876 -10.838539 -0.028190 0.013017 0.999518 165.154022
0.996688 0.067281 0.045678 -141.318237 -0.066416 0.997587 -0.020205 -10.871313 -0.046927 0.017105 0.998752 166.404526
0.995706 0.067664 0.063169 -141.235870 -0.066080 0.997453 -0.026837 -10.916881 -0.064824 0.022547 0.997642 167.612198
0.994422 0.069408 0.079421 -141.171463 -0.067020 0.997227 -0.032359 -10.959484 -0.081447 0.026856 0.996316 168.860260
0.992921 0.070528 0.095568 -141.062469 -0.067317 0.997067 -0.036423 -11.021532 -0.097857 0.029732 0.994756 170.121567
0.990985 0.072552 0.112629 -140.947113 -0.068477 0.996865 -0.039645 -11.086665 -0.115152 0.031575 0.992846 171.431427
0.988905 0.072628 0.129581 -140.808578 -0.067949 0.996880 -0.040174 -11.155261 -0.132094 0.030924 0.990755 172.754745
0.986583 0.071183 0.146924 -140.660141 -0.065835 0.996990 -0.040956 -11.227428 -0.149397 0.030734 0.988300 174.106445
0.984032 0.069536 0.163846 -140.418823 -0.062877 0.996984 -0.045485 -11.303226 -0.166515 0.034456 0.985437 175.399780
0.981090 0.069944 0.180470 -140.216507 -0.061867 0.996831 -0.050010 -11.383626 -0.183396 0.037899 0.982308 176.682983
0.977758 0.072216 0.196913 -140.004364 -0.063400 0.996698 -0.050722 -11.469115 -0.199926 0.037110 0.979108 178.030228
0.973776 0.073430 0.215335 -139.736313 -0.063854 0.996650 -0.051104 -11.556298 -0.218366 0.036014 0.975202 179.342194
0.969341 0.076321 0.233564 -139.466125 -0.065386 0.996386 -0.054220 -11.638863 -0.236858 0.037286 0.970829 180.654694
0.964740 0.077190 0.251632 -139.185501 -0.064626 0.996232 -0.057832 -11.726258 -0.255148 0.039531 0.966094 181.935547
0.959955 0.077288 0.269282 -138.854675 -0.063245 0.996165 -0.060453 -11.814898 -0.272921 0.041002 0.961162 183.214523
0.954965 0.076620 0.286655 -138.477280 -0.060394 0.996053 -0.065040 -11.917662 -0.290507 0.044799 0.955824 184.461014
0.948820 0.078485 0.305910 -138.095749 -0.059646 0.995729 -0.070467 -12.027620 -0.310134 0.048614 0.949449 185.719101
0.941455 0.081394 0.327165 -137.696671 -0.060263 0.995418 -0.074234 -12.141269 -0.331708 0.050172 0.942047 187.003815
0.932724 0.084262 0.350607 -137.258896 -0.061337 0.995219 -0.076005 -12.261707 -0.355336 0.049386 0.933433 188.326706
0.922032 0.087387 0.377122 -136.767227 -0.062364 0.994994 -0.078084 -12.387064 -0.382058 0.048477 0.922866 189.580963
0.911150 0.091167 0.401864 -136.238861 -0.063650 0.994653 -0.081332 -12.506786 -0.407130 0.048527 0.912080 190.849442
0.899206 0.094089 0.427289 -135.718628 -0.063943 0.994378 -0.084399 -12.640939 -0.432828 0.048570 0.900167 192.125946
0.886963 0.095624 0.451832 -135.124847 -0.062863 0.994222 -0.087012 -12.778714 -0.457542 0.048773 0.887849 193.444855
0.873270 0.096345 0.477615 -134.478165 -0.060849 0.994146 -0.089284 -12.925980 -0.483421 0.048907 0.874021 194.736237
0.859882 0.097108 0.501171 -133.866455 -0.057764 0.993944 -0.093482 -13.071267 -0.507214 0.051434 0.860284 196.002441
0.845929 0.098616 0.524099 -133.152695 -0.055099 0.993656 -0.098036 -13.224549 -0.530442 0.054054 0.845996 197.194870
0.832259 0.099820 0.545326 -132.457184 -0.052865 0.993464 -0.101169 -13.378477 -0.551861 0.055371 0.832096 198.372711
0.818793 0.100885 0.565155 -131.718277 -0.050714 0.993300 -0.103839 -13.543937 -0.571844 0.056361 0.818424 199.583847
0.805768 0.101283 0.583507 -130.925308 -0.048490 0.993242 -0.105443 -13.715606 -0.590243 0.056669 0.805234 200.811829
0.793821 0.101140 0.599682 -130.079239 -0.045919 0.993227 -0.106730 -13.893692 -0.606415 0.057188 0.793089 202.014114
0.781377 0.101212 0.615797 -129.196884 -0.042802 0.993129 -0.108918 -14.077809 -0.622590 0.058749 0.780340 203.220490
0.768628 0.101628 0.631572 -128.290497 -0.039174 0.992925 -0.112099 -14.262105 -0.638496 0.061421 0.767170 204.386520
0.756142 0.102785 0.646285 -127.362236 -0.036162 0.992642 -0.115560 -14.448862 -0.653408 0.064009 0.754295 205.484772
0.743733 0.104589 0.660244 -126.401596 -0.034692 0.992393 -0.118125 -14.635520 -0.667576 0.064948 0.741704 206.572296
0.730511 0.105114 0.674762 -125.449913 -0.033262 0.992387 -0.118583 -14.841596 -0.682090 0.064182 0.728446 207.734085
0.716235 0.106089 0.689748 -124.476913 -0.033136 0.992433 -0.118236 -15.043633 -0.697072 0.061829 0.714330 208.841583
0.701254 0.106990 0.704837 -123.501411 -0.034374 0.992599 -0.116471 -15.248556 -0.712082 0.057448 0.699742 209.939072
0.685401 0.108044 0.720105 -122.478287 -0.035944 0.992745 -0.114739 -15.454417 -0.727278 0.052759 0.684312 211.035065
0.669598 0.109455 0.734614 -121.419388 -0.037081 0.992775 -0.114121 -15.659631 -0.741798 0.049175 0.668819 212.079865
0.654154 0.111640 0.748077 -120.380486 -0.036666 0.992565 -0.116064 -15.858088 -0.755472 0.048495 0.653384 213.096039
0.637579 0.114630 0.761809 -119.315331 -0.038025 0.992345 -0.117495 -16.057400 -0.769446 0.045945 0.637057 214.039948
0.619952 0.115075 0.776156 -118.250778 -0.038312 0.992447 -0.116541 -16.265368 -0.783704 0.042514 0.619678 214.998688
0.602148 0.114192 0.790176 -117.161133 -0.038081 0.992700 -0.114441 -16.467417 -0.797476 0.038819 0.602100 215.913528
0.583645 0.112264 0.804211 -116.079063 -0.037121 0.993050 -0.111685 -16.669436 -0.811160 0.035332 0.583756 216.799805
0.565845 0.110699 0.817047 -115.004982 -0.036339 0.993332 -0.109416 -16.860151 -0.823711 0.032222 0.566094 217.635727
0.547042 0.109470 0.829917 -113.886337 -0.034465 0.993517 -0.108332 -17.047329 -0.836396 0.030659 0.547268 218.442520
0.528082 0.108536 0.842228 -112.785240 -0.032662 0.993661 -0.107571 -17.227936 -0.848565 0.029297 0.528280 219.207947
0.509360 0.107274 0.853841 -111.664574 -0.028754 0.993767 -0.107700 -17.406820 -0.860073 0.030307 0.509270 219.939590
0.492409 0.106971 0.863765 -110.581085 -0.025689 0.993773 -0.108427 -17.577871 -0.869985 0.031201 0.492091 220.622131
0.474956 0.105463 0.873667 -109.447197 -0.021552 0.993889 -0.108259 -17.753624 -0.879746 0.032589 0.474326 221.272720
0.456597 0.103582 0.883623 -108.338623 -0.019700 0.994133 -0.106357 -17.930267 -0.889455 0.031156 0.455959 221.916092
0.437230 0.103068 0.893424 -107.242020 -0.017254 0.994190 -0.106249 -18.088644 -0.899184 0.031040 0.436468 222.501099
0.418877 0.107312 0.901680 -106.140732 -0.015901 0.993707 -0.110878 -18.248493 -0.907904 0.032107 0.417947 223.053101
0.402069 0.115942 0.908239 -105.073792 -0.016724 0.992715 -0.119323 -18.384399 -0.915456 0.032787 0.401079 223.501770
0.385532 0.123908 0.914337 -103.988914 -0.020249 0.991840 -0.125873 -18.536512 -0.922472 0.030013 0.384895 223.959274
0.366854 0.127849 0.921451 -102.910202 -0.022954 0.991454 -0.128423 -18.699005 -0.929995 0.025962 0.366653 224.361298
0.349282 0.129443 0.928034 -101.842293 -0.025912 0.991368 -0.128525 -18.870850 -0.936659 0.020844 0.349621 224.812973
0.331779 0.130258 0.934321 -100.727615 -0.028477 0.991353 -0.128097 -19.052729 -0.942927 0.015893 0.332619 225.246872
0.313959 0.130828 0.940380 -99.599998 -0.030656 0.991341 -0.127683 -19.234758 -0.948941 0.011259 0.315251 225.665741
0.297534 0.129739 0.945855 -98.479332 -0.029956 0.991504 -0.126578 -19.418985 -0.954241 0.009327 0.298893 226.055923
0.280776 0.129921 0.950939 -97.363182 -0.030237 0.991501 -0.126535 -19.592533 -0.959297 0.006774 0.282318 226.440811
0.264314 0.130137 0.955616 -96.245323 -0.028193 0.991473 -0.127223 -19.766539 -0.964024 0.006685 0.265729 226.771927
0.247919 0.133074 0.959597 -95.149857 -0.030280 0.991101 -0.129620 -19.930141 -0.968307 0.003079 0.249743 227.089401
0.229439 0.134119 0.964038 -94.041893 -0.030027 0.990965 -0.130719 -20.109764 -0.972860 0.001045 0.231394 227.387985
0.214766 0.131193 0.967814 -92.923943 -0.029454 0.991356 -0.127849 -20.282909 -0.976221 -0.001048 0.216774 227.686218
0.201231 0.126953 0.971282 -91.805489 -0.026569 0.991908 -0.124144 -20.458931 -0.979183 -0.000824 0.202976 227.939560
0.188094 0.122789 0.974445 -90.685410 -0.025149 0.992431 -0.120201 -20.632881 -0.981829 -0.001898 0.189759 228.206528
0.177233 0.119797 0.976851 -89.597519 -0.023030 0.992797 -0.117574 -20.796385 -0.983899 -0.001659 0.178716 228.433838
0.167535 0.119127 0.978642 -88.506020 -0.021468 0.992878 -0.117185 -20.959482 -0.985632 -0.001377 0.168899 228.661118
0.159842 0.120810 0.979722 -87.437828 -0.021211 0.992674 -0.118947 -21.113781 -0.986915 -0.001769 0.161233 228.822327
0.154377 0.122403 0.980401 -86.379333 -0.022141 0.992476 -0.120424 -21.265760 -0.987764 -0.003116 0.155926 229.016647
0.148024 0.125892 0.980938 -85.329842 -0.021992 0.992039 -0.123998 -21.414864 -0.988739 -0.003218 0.149614 229.189819
0.142792 0.133005 0.980775 -84.297333 -0.021352 0.991113 -0.131298 -21.565657 -0.989522 -0.002194 0.144363 229.307861
0.138309 0.135753 0.981041 -83.283386 -0.024073 0.990729 -0.133700 -21.727509 -0.990096 -0.005125 0.140295 229.464600
0.134135 0.128859 0.982549 -82.228355 -0.025283 0.991632 -0.126599 -21.892305 -0.990640 -0.007861 0.136271 229.625916
0.131750 0.119235 0.984086 -81.175705 -0.024678 0.992826 -0.116990 -22.058172 -0.990976 -0.008872 0.133747 229.796188
0.130954 0.115472 0.984641 -80.138023 -0.024518 0.993267 -0.113223 -22.210346 -0.991085 -0.009314 0.132903 229.938644
0.131229 0.117050 0.984418 -79.127350 -0.024841 0.993082 -0.114769 -22.350733 -0.991041 -0.009393 0.133229 230.083954
0.132659 0.119967 0.983875 -78.131287 -0.024802 0.992739 -0.117703 -22.485727 -0.990851 -0.008788 0.134671 230.213058
0.134806 0.122282 0.983298 -77.132751 -0.027019 0.992441 -0.119714 -22.634350 -0.990504 -0.010430 0.137091 230.356842
0.137423 0.123438 0.982791 -76.146866 -0.029325 0.992277 -0.120529 -22.778049 -0.990078 -0.012257 0.139981 230.493393
0.140838 0.124651 0.982154 -75.157433 -0.030869 0.992113 -0.121488 -22.920195 -0.989551 -0.013208 0.143575 230.641556
0.144595 0.126012 0.981434 -74.201157 -0.032572 0.991926 -0.122560 -23.058050 -0.988955 -0.014245 0.147532 230.791306
0.149309 0.127157 0.980581 -73.229362 -0.034364 0.991765 -0.123375 -23.191299 -0.988193 -0.015276 0.152449 230.945587
0.156143 0.127117 0.979521 -72.256203 -0.035713 0.991762 -0.123012 -23.329172 -0.987089 -0.015774 0.159396 231.109482
0.163568 0.125842 0.978473 -71.284744 -0.035184 0.991944 -0.121693 -23.469763 -0.985904 -0.014521 0.166678 231.272842
0.171670 0.124666 0.977235 -70.327217 -0.033319 0.992128 -0.120713 -23.612354 -0.984591 -0.011838 0.174472 231.417252
0.178433 0.125112 0.975965 -69.385406 -0.033221 0.992084 -0.121105 -23.750751 -0.983391 -0.010814 0.181177 231.602798
0.184942 0.125115 0.974753 -68.429268 -0.033644 0.992087 -0.120957 -23.895901 -0.982173 -0.010424 0.187688 231.787140
0.190392 0.124721 0.973753 -67.490379 -0.035400 0.992124 -0.120152 -24.033924 -0.981070 -0.011595 0.193307 231.977478
0.197034 0.123089 0.972639 -66.551331 -0.035947 0.992327 -0.118298 -24.167225 -0.979737 -0.011655 0.199947 232.172989
0.203392 0.121732 0.971500 -65.616318 -0.036557 0.992493 -0.116709 -24.307245 -0.978415 -0.011778 0.206315 232.376205
0.209839 0.122283 0.970059 -64.694077 -0.038936 0.992406 -0.116678 -24.448500 -0.976960 -0.013287 0.213007 232.580887
0.216308 0.124267 0.968384 -63.774036 -0.038907 0.992176 -0.118630 -24.582333 -0.975550 -0.012016 0.219451 232.786346
0.223393 0.125650 0.966596 -62.850681 -0.039415 0.992010 -0.119844 -24.711432 -0.973931 -0.011327 0.226560 232.996475
0.229686 0.127287 0.964905 -61.924416 -0.040979 0.991797 -0.121080 -24.851007 -0.972402 -0.011731 0.233018 233.225647
0.236236 0.128437 0.963170 -61.008804 -0.043004 0.991637 -0.121685 -24.979668 -0.970744 -0.012673 0.239784 233.460159
0.243167 0.128664 0.961413 -60.095127 -0.044550 0.991599 -0.121436 -25.114445 -0.968961 -0.013302 0.246856 233.703018
0.250237 0.126955 0.959825 -59.179237 -0.046011 0.991805 -0.119190 -25.246447 -0.967091 -0.014337 0.254027 233.953827
0.256581 0.125228 0.958376 -58.255234 -0.046281 0.992025 -0.117234 -25.380436 -0.965414 -0.014274 0.260330 234.212372
0.262934 0.124698 0.956722 -57.327969 -0.045992 0.992105 -0.116670 -25.512138 -0.963717 -0.013325 0.266593 234.470200
