1.000000 0.000000 0.000000 0.000000 0.000000 1.000000 0.000000 0.000000 0.000000 0.000000 1.000000 0.000000
1.000000 0.000000 0.000000 0.000000 0.000000 1.000000 0.000000 0.000000 0.000000 0.000000 1.000000 0.000000
1.000000 0.000000 0.000000 0.000000 0.000000 1.000000 0.000000 0.000000 0.000000 0.000000 1.000000 0.000000
1.000000 0.000000 0.000000 0.000000 0.000000 1.000000 0.000000 0.000000 0.000000 0.000000 1.000000 0.000000
0.999860 -0.006653 0.015322 0.029250 0.006652 0.999978 0.000126 -0.016537 -0.015323 -0.000024 0.999883 0.836810
0.999945 -0.009688 0.004145 0.047772 0.009700 0.999949 -0.002813 -0.018240 -0.004117 0.002853 0.999987 1.427035
0.999900 -0.010577 -0.009358 0.057551 0.010534 0.999933 -0.004701 -0.026647 0.009408 0.004602 0.999945 1.730196
0.999599 -0.008970 -0.026876 0.047137 0.008838 0.999948 -0.005033 -0.034665 0.026919 0.004794 0.999626 2.038713
0.998914 -0.004707 -0.046353 0.008358 0.004479 0.999977 -0.005012 -0.042987 0.046376 0.004799 0.998913 2.371222
0.998914 -0.004707 -0.046353 0.008358 0.004479 0.999977 -0.005012 -0.042987 0.046376 0.004799 0.998913 2.371222
0.996261 -0.001464 -0.086386 -0.088783 0.000803 0.999970 -0.007691 -0.051419 0.086395 0.007593 0.996232 3.120629
0.994189 -0.002282 -0.107620 -0.116694 0.001466 0.999970 -0.007661 -0.052816 0.107635 0.007459 0.994163 3.494618
0.992024 -0.002877 -0.126014 -0.163047 0.002050 0.999976 -0.006690 -0.065177 0.126030 0.006378 0.992006 3.876692
0.989447 -0.002244 -0.144878 -0.243356 0.001342 0.999979 -0.006324 -0.079668 0.144890 0.006063 0.989429 4.266588
0.989447 -0.002244 -0.144878 -0.243356 0.001342 0.999979 -0.006324 -0.079668 0.144890 0.006063 0.989429 4.266588
0.984485 -0.000882 -0.175468 -0.405408 -0.000090 0.999985 -0.005529 -0.103691 0.175470 0.005459 0.984470 5.120445
0.982249 -0.001888 -0.187575 -0.485210 0.000671 0.999978 -0.006548 -0.112290 0.187583 0.006306 0.982229 5.538468
0.980287 -0.005063 -0.197512 -0.539454 0.003415 0.999956 -0.008685 -0.114041 0.197548 0.007839 0.980262 5.971123
0.978515 -0.003836 -0.206140 -0.638671 0.001767 0.999946 -0.010218 -0.129080 0.206168 0.009634 0.978469 6.420599
0.978515 -0.003836 -0.206140 -0.638671 0.001767 0.999946 -0.010218 -0.129080 0.206168 0.009634 0.978469 6.420599
0.975981 -0.006040 -0.217771 -0.870383 0.002741 0.999877 -0.015447 -0.159164 0.217837 0.014479 0.975878 7.414565
0.974240 -0.009353 -0.225320 -0.944558 0.005565 0.999832 -0.017438 -0.162967 0.225445 0.015735 0.974129 7.905915
0.972296 -0.015478 -0.233239 -1.035987 0.011376 0.999756 -0.018923 -0.176883 0.233475 0.015745 0.972235 8.409931
0.970214 -0.014833 -0.241796 -1.158533 0.010267 0.999745 -0.020131 -0.199706 0.242033 0.017048 0.970118 8.930543
0.968122 -0.012957 -0.250145 -1.369084 0.006969 0.999668 -0.024809 -0.232668 0.250383 0.022275 0.967891 9.485420
0.968122 -0.012957 -0.250145 -1.369084 0.006969 0.999668 -0.024809 -0.232668 0.250383 0.022275 0.967891 9.485420
0.968122 -0.012957 -0.250145 -1.369084 0.006969 0.999668 -0.024809 -0.232668 0.250383 0.022275 0.967891 9.485420
0.968122 -0.012957 -0.250145 -1.369084 0.006969 0.999668 -0.024809 -0.232668 0.250383 0.022275 0.967891 9.485420
0.968122 -0.012957 -0.250145 -1.369084 0.006969 0.999668 -0.024809 -0.232668 0.250383 0.022275 0.967891 9.485420
0.958445 -0.012593 -0.285000 -1.928108 0.003275 0.999445 -0.033147 -0.297276 0.285260 0.030836 0.957954 11.639465
0.953757 -0.014838 -0.300212 -2.359699 0.001878 0.999056 -0.043412 -0.370655 0.300572 0.040841 0.952884 12.860127
0.952136 -0.014656 -0.305324 -2.468264 -0.000749 0.998735 -0.050276 -0.380055 0.305674 0.048098 0.950921 13.410220
0.950666 -0.012722 -0.309954 -2.582698 -0.005416 0.998326 -0.057587 -0.387718 0.310168 0.056425 0.949006 14.034847
0.948127 -0.008686 -0.317772 -2.629205 -0.012752 0.997783 -0.065321 -0.380086 0.317635 0.065984 0.945914 14.611431
0.948127 -0.008686 -0.317772 -2.629205 -0.012752 0.997783 -0.065321 -0.380086 0.317635 0.065984 0.945914 14.611431
0.945067 -0.014292 -0.326564 -3.280985 -0.013362 0.996520 -0.082281 -0.564967 0.326603 0.082125 0.941587 15.861113
0.943320 -0.012136 -0.331662 -3.489657 -0.018103 0.995962 -0.087934 -0.617353 0.331390 0.088954 0.939291 16.465244
0.941448 -0.008869 -0.337042 -3.689535 -0.024090 0.995330 -0.093479 -0.666115 0.336297 0.096125 0.936837 17.105347
0.939731 -0.005703 -0.341867 -3.905092 -0.029614 0.994746 -0.097998 -0.727034 0.340629 0.102216 0.934625 17.757925
0.939731 -0.005703 -0.341867 -3.905092 -0.029614 0.994746 -0.097998 -0.727034 0.340629 0.102216 0.934625 17.757925
0.937432 -0.005167 -0.348130 -4.638291 -0.033517 0.993907 -0.105006 -0.942599 0.346551 0.110104 0.931547 19.216843
0.935287 -0.003802 -0.353869 -4.910580 -0.035497 0.993892 -0.104497 -1.032436 0.352104 0.110296 0.929439 19.907946
0.933227 -0.003020 -0.359275 -5.172318 -0.036490 0.993997 -0.103141 -1.116170 0.357430 0.109364 0.927514 20.613810
0.930101 0.000137 -0.367304 -5.413495 -0.040003 0.994089 -0.100926 -1.174757 0.365119 0.108564 0.924609 21.357176
0.930101 0.000137 -0.367304 -5.413495 -0.040003 0.994089 -0.100926 -1.174757 0.365119 0.108564 0.924609 21.357176
0.923757 -0.000023 -0.382979 -6.133296 -0.038331 0.994973 -0.092517 -1.393413 0.381056 0.100144 0.919112 22.895203
0.920090 0.003728 -0.391688 -6.446974 -0.041243 0.995319 -0.087407 -1.481159 0.389529 0.096577 0.915937 23.634426
0.916316 0.007629 -0.400383 -6.786185 -0.044836 0.995487 -0.083643 -1.569955 0.397938 0.094595 0.912523 24.366375
0.912529 0.009040 -0.408912 -7.099321 -0.046511 0.995564 -0.081786 -1.648433 0.406359 0.093651 0.908901 25.114044
0.908380 0.005919 -0.418104 -7.527298 -0.043689 0.995771 -0.080821 -1.730920 0.415857 0.091683 0.904797 25.950651
0.908380 0.005919 -0.418104 -7.527298 -0.043689 0.995771 -0.080821 -1.730920 0.415857 0.091683 0.904797 25.950651
0.908380 0.005919 -0.418104 -7.527298 -0.043689 0.995771 -0.080821 -1.730920 0.415857 0.091683 0.904797 25.950651
0.908380 0.005919 -0.418104 -7.527298 -0.043689 0.995771 -0.080821 -1.730920 0.415857 0.091683 0.904797 25.950651
0.908380 0.005919 -0.418104 -7.527298 -0.043689 0.995771 -0.080821 -1.730920 0.415857 0.091683 0.904797 25.950651
0.891996 0.008500 -0.451963 -9.022974 -0.046354 0.996273 -0.072747 -2.073639 0.449660 0.085841 0.889066 29.004908
0.884525 0.010563 -0.466373 -9.898258 -0.045057 0.997004 -0.062874 -2.192743 0.464311 0.076627 0.882351 30.653854
0.880461 0.009328 -0.474027 -10.311801 -0.043388 0.997196 -0.060966 -2.266965 0.472129 0.074245 0.878397 31.479294
0.877059 0.010123 -0.480276 -10.745192 -0.044219 0.997235 -0.059731 -2.330219 0.478343 0.073625 0.875081 32.306049
0.873753 0.011207 -0.486241 -11.189541 -0.045050 0.997302 -0.057966 -2.402627 0.484279 0.072553 0.871900 33.116959
0.873753 0.011207 -0.486241 -11.189541 -0.045050 0.997302 -0.057966 -2.402627 0.484279 0.072553 0.871900 33.116959
0.868255 0.008063 -0.496053 -12.214484 -0.040962 0.997619 -0.055481 -2.528193 0.494425 0.068491 0.866518 34.869884
0.865679 0.006600 -0.500556 -12.672225 -0.039932 0.997637 -0.055905 -2.589908 0.499005 0.068384 0.863897 35.696712
0.864345 0.006735 -0.502853 -13.161683 -0.040520 0.997592 -0.056288 -2.655048 0.501263 0.069028 0.862537 36.558922
0.863810 0.007822 -0.503756 -13.640724 -0.041507 0.997585 -0.055683 -2.715640 0.502105 0.069008 0.862049 37.398979
0.863810 0.007822 -0.503756 -13.640724 -0.041507 0.997585 -0.055683 -2.715640 0.502105 0.069008 0.862049 37.398979
0.863574 0.006313 -0.504183 -14.737842 -0.038209 0.997866 -0.052950 -2.859093 0.502773 0.064991 0.861972 39.184040
0.863026 0.005310 -0.505132 -15.245013 -0.037619 0.997844 -0.053783 -2.924099 0.503757 0.065419 0.861365 40.077400
0.861809 0.003956 -0.507217 -15.746277 -0.036819 0.997820 -0.054777 -2.992999 0.505894 0.065882 0.860076 40.976326
0.860422 0.005139 -0.509555 -16.291796 -0.037465 0.997881 -0.053199 -3.068848 0.508202 0.064864 0.858792 41.884892
0.860422 0.005139 -0.509555 -16.291796 -0.037465 0.997881 -0.053199 -3.068848 0.508202 0.064864 0.858792 41.884892
0.856330 0.003152 -0.516419 -17.493456 -0.030888 0.998504 -0.045125 -3.221579 0.515504 0.054593 0.855146 43.762093
0.852604 0.003774 -0.522544 -18.043104 -0.030788 0.998600 -0.043024 -3.291103 0.521650 0.052771 0.851526 44.664940
0.846505 0.001042 -0.532380 -18.589949 -0.029195 0.998584 -0.044467 -3.341738 0.531580 0.053185 0.845337 45.540520
0.840516 -0.001898 -0.541783 -19.129564 -0.028152 0.998490 -0.047172 -3.406652 0.541054 0.054901 0.839194 46.383568
0.833506 -0.003438 -0.552500 -19.748173 -0.026995 0.998533 -0.046939 -3.479932 0.551851 0.054039 0.832190 47.354256
0.833506 -0.003438 -0.552500 -19.748173 -0.026995 0.998533 -0.046939 -3.479932 0.551851 0.054039 0.832190 47.354256
0.833506 -0.003438 -0.552500 -19.748173 -0.026995 0.998533 -0.046939 -3.479932 0.551851 0.054039 0.832190 47.354256
0.833506 -0.003438 -0.552500 -19.748173 -0.026995 0.998533 -0.046939 -3.479932 0.551851 0.054039 0.832190 47.354256
0.833506 -0.003438 -0.552500 -19.748173 -0.026995 0.998533 -0.046939 -3.479932 0.551851 0.054039 0.832190 47.354256
0.816766 0.003551 -0.576959 -22.206467 -0.034658 0.998477 -0.042918 -3.729488 0.575928 0.055051 0.815645 50.823372
0.808501 -0.002959 -0.588488 -23.456930 -0.032664 0.998220 -0.049895 -3.876308 0.587588 0.059563 0.806965 52.539387
0.805180 -0.002892 -0.593023 -24.091759 -0.030625 0.998451 -0.046449 -3.954125 0.592239 0.055561 0.803844 53.325760
0.801493 -0.000061 -0.598004 -24.773464 -0.030942 0.998656 -0.041573 -4.026790 0.597203 0.051824 0.800414 54.156937
0.798317 0.000941 -0.602236 -25.420645 -0.030555 0.998774 -0.038942 -4.088318 0.601461 0.049489 0.797368 54.974026
0.798317 0.000941 -0.602236 -25.420645 -0.030555 0.998774 -0.038942 -4.088318 0.601461 0.049489 0.797368 54.974026
0.791996 0.003297 -0.610517 -26.713112 -0.035566 0.998536 -0.040746 -4.182388 0.609489 0.053984 0.790954 56.815765
0.788241 0.002468 -0.615362 -27.282255 -0.036958 0.998377 -0.043337 -4.227842 0.614256 0.056903 0.787053 57.649921
0.783369 0.002526 -0.621552 -27.948378 -0.037885 0.998326 -0.043692 -4.294759 0.620402 0.057774 0.782153 58.475555
0.779151 0.002559 -0.626831 -28.610899 -0.037881 0.998356 -0.043010 -4.354739 0.625691 0.057256 0.777967 59.274811
0.779151 0.002559 -0.626831 -28.610899 -0.037881 0.998356 -0.043010 -4.354739 0.625691 0.057256 0.777967 59.274811
0.768508 0.000162 -0.639840 -30.083014 -0.035265 0.998491 -0.042104 -4.501936 0.638867 0.054921 0.767354 60.997746
0.763060 -0.000198 -0.646327 -30.775408 -0.035970 0.998437 -0.042772 -4.563001 0.645326 0.055886 0.761860 61.815327
0.757847 -0.000787 -0.652432 -31.469547 -0.036527 0.998380 -0.043634 -4.621143 0.651409 0.056900 0.756590 62.640923
0.751083 -0.002161 -0.660204 -32.167442 -0.036084 0.998366 -0.044318 -4.690084 0.659221 0.057109 0.749778 63.442661
0.751083 -0.002161 -0.660204 -32.167442 -0.036084 0.998366 -0.044318 -4.690084 0.659221 0.057109 0.749778 63.442661
0.739608 -0.006695 -0.673004 -33.717854 -0.032417 0.998436 -0.045557 -4.828631 0.672256 0.055511 0.738234 65.097397
0.733547 -0.004989 -0.679620 -34.465195 -0.034226 0.998433 -0.044271 -4.900570 0.678776 0.055735 0.732227 65.901413
0.727249 -0.006488 -0.686343 -35.198074 -0.032056 0.998543 -0.043406 -4.975309 0.685625 0.053569 0.725982 66.697258
0.720188 -0.006606 -0.693748 -35.917694 -0.033157 0.998484 -0.043929 -5.030931 0.692986 0.054640 0.718877 67.509842
0.712200 -0.008842 -0.701921 -36.726490 -0.031889 0.998481 -0.044933 -5.102730 0.701252 0.054385 0.710836 68.322868
0.712200 -0.008842 -0.701921 -36.726490 -0.031889 0.998481 -0.044933 -5.102730 0.701252 0.054385 0.710836 68.322868
0.712200 -0.008842 -0.701921 -36.726490 -0.031889 0.998481 -0.044933 -5.102730 0.701252 0.054385 0.710836 68.322868
0.712200 -0.008842 -0.701921 -36.726490 -0.031889 0.998481 -0.044933 -5.102730 0.701252 0.054385 0.710836 68.322868
0.712200 -0.008842 -0.701921 -36.726490 -0.031889 0.998481 -0.044933 -5.102730 0.701252 0.054385 0.710836 68.322868
0.690182 -0.008287 -0.723588 -39.868519 -0.035420 0.998349 -0.045219 -5.350747 0.722768 0.056839 0.688749 71.474403
0.679692 -0.012760 -0.733386 -41.628986 -0.034340 0.998199 -0.049193 -5.503016 0.732693 0.058621 0.678030 73.040443
0.674400 -0.012461 -0.738261 -42.446457 -0.036313 0.998088 -0.050019 -5.574957 0.737472 0.060542 0.672658 73.813042
0.669136 -0.011616 -0.743049 -43.294544 -0.036988 0.998118 -0.048912 -5.649544 0.742219 0.060212 0.667447 74.569649
0.664622 -0.011437 -0.747093 -44.175491 -0.036392 0.998201 -0.047656 -5.728544 0.746293 0.058862 0.663009 75.343636
0.664622 -0.011437 -0.747093 -44.175491 -0.036392 0.998201 -0.047656 -5.728544 0.746293 0.058862 0.663009 75.343636
0.654935 -0.014477 -0.755546 -45.972431 -0.033196 0.998300 -0.047904 -5.873871 0.754956 0.056455 0.653341 76.852776
0.650372 -0.014472 -0.759478 -46.812286 -0.033484 0.998300 -0.047696 -5.941674 0.758877 0.056450 0.648782 77.575050
0.646253 -0.014392 -0.762988 -47.704140 -0.033983 0.998288 -0.047614 -6.015015 0.762366 0.056699 0.644657 78.310951
0.642120 -0.017008 -0.766415 -48.614674 -0.031538 0.998321 -0.048578 -6.081878 0.765955 0.055364 0.640506 79.078690
0.642120 -0.017008 -0.766415 -48.614674 -0.031538 0.998321 -0.048578 -6.081878 0.765955 0.055364 0.640506 79.078690
0.634168 -0.026219 -0.772751 -50.399174 -0.021725 0.998426 -0.051705 -6.252217 0.772890 0.049578 0.632600 80.662056
0.627271 -0.029881 -0.778227 -51.297375 -0.017376 0.998478 -0.052343 -6.325906 0.778607 0.046356 0.625798 81.420731
0.618448 -0.034203 -0.785081 -52.219334 -0.012248 0.998511 -0.053149 -6.405348 0.785730 0.042486 0.617108 82.179138
0.609897 -0.034820 -0.791716 -53.119209 -0.010858 0.998573 -0.052281 -6.488705 0.792406 0.040482 0.608649 82.900475
0.609897 -0.034820 -0.791716 -53.119209 -0.010858 0.998573 -0.052281 -6.488705 0.792406 0.040482 0.608649 82.900475
0.592212 -0.032441 -0.805129 -55.172638 -0.011348 0.998754 -0.048590 -6.658266 0.805702 0.037912 0.591106 84.309685
0.583017 -0.033320 -0.811777 -56.125027 -0.012844 0.998656 -0.050215 -6.725498 0.812359 0.039702 0.581805 85.016304
0.575035 -0.034978 -0.817380 -57.062153 -0.012979 0.998570 -0.051863 -6.801971 0.818026 0.040431 0.573759 85.697838
0.566898 -0.035919 -0.823004 -58.057148 -0.013525 0.998509 -0.052895 -6.876744 0.823677 0.041118 0.565567 86.381638
0.554016 -0.038046 -0.831636 -59.126434 -0.009446 0.998604 -0.051977 -6.972986 0.832452 0.036652 0.552883 87.067429
0.554016 -0.038046 -0.831636 -59.126434 -0.009446 0.998604 -0.051977 -6.972986 0.832452 0.036652 0.552883 87.067429
0.554016 -0.038046 -0.831636 -59.126434 -0.009446 0.998604 -0.051977 -6.972986 0.832452 0.036652 0.552883 87.067429
0.554016 -0.038046 -0.831636 -59.126434 -0.009446 0.998604 -0.051977 -6.972986 0.832452 0.036652 0.552883 87.067429
0.554016 -0.038046 -0.831636 -59.126434 -0.009446 0.998604 -0.051977 -6.972986 0.832452 0.036652 0.552883 87.067429
0.513840 -0.038556 -0.857019 -63.268303 -0.013598 0.998498 -0.053074 -7.317243 0.857778 0.038925 0.512544 89.669418
0.494604 -0.041232 -0.868140 -65.488701 -0.011564 0.998473 -0.054011 -7.477608 0.869042 0.036753 0.493372 90.888214
0.487511 -0.039545 -0.872221 -66.595108 -0.012596 0.998551 -0.052313 -7.573401 0.873026 0.036489 0.486306 91.479713
0.480172 -0.038106 -0.876346 -67.669441 -0.012647 0.998651 -0.050354 -7.658991 0.877083 0.035262 0.479042 92.056755
0.472995 -0.038322 -0.880231 -68.755165 -0.012478 0.998662 -0.050183 -7.744413 0.880977 0.034720 0.471884 92.639412
0.472995 -0.038322 -0.880231 -68.755165 -0.012478 0.998662 -0.050183 -7.744413 0.880977 0.034720 0.471884 92.639412
0.456330 -0.043892 -0.888727 -71.012405 -0.007132 0.998570 -0.052979 -7.899601 0.889782 0.030514 0.455365 93.864944
0.451115 -0.046938 -0.891231 -72.086891 -0.005442 0.998453 -0.055339 -7.983741 0.892449 0.029815 0.450161 94.430122
0.446560 -0.050149 -0.893347 -73.167259 -0.004314 0.998296 -0.058197 -8.072412 0.894743 0.029843 0.445583 94.988327
0.442566 -0.051523 -0.895255 -74.284683 -0.002371 0.998277 -0.058625 -8.169550 0.896733 0.028068 0.441681 95.535339
0.442566 -0.051523 -0.895255 -74.284683 -0.002371 0.998277 -0.058625 -8.169550 0.896733 0.028068 0.441681 95.535339
0.432408 -0.046707 -0.900468 -76.614449 0.000086 0.998660 -0.051759 -8.377083 0.901678 0.022303 0.431832 96.605186
0.430106 -0.046235 -0.901594 -77.732216 0.002114 0.998737 -0.050208 -8.476330 0.902776 0.019689 0.429660 97.130653
0.427622 -0.046557 -0.902758 -78.841255 0.003911 0.998759 -0.049655 -8.567433 0.903949 0.017704 0.427273 97.650360
0.425282 -0.045843 -0.903899 -79.945305 0.005972 0.998837 -0.047848 -8.666621 0.905041 0.014950 0.425061 98.137894
0.425282 -0.045843 -0.903899 -79.945305 0.005972 0.998837 -0.047848 -8.666621 0.905041 0.014950 0.425061 98.137894
0.420252 -0.044427 -0.906319 -82.181419 0.008479 0.998949 -0.045035 -8.812225 0.907368 0.011241 0.420187 99.204941
0.418816 -0.044802 -0.906965 -83.266129 0.009863 0.998948 -0.044791 -8.898068 0.908018 0.009814 0.418817 99.693993
0.416590 -0.043821 -0.908038 -84.351311 0.011653 0.999013 -0.042865 -9.010026 0.909020 0.007275 0.416689 100.189598
0.415262 -0.043389 -0.908667 -85.441895 0.014575 0.999051 -0.041044 -9.129293 0.909585 0.003800 0.415500 100.659668
0.410876 -0.043425 -0.910657 -86.568436 0.018664 0.999056 -0.039219 -9.108690 0.911500 -0.000882 0.411299 101.204826
0.410876 -0.043425 -0.910657 -86.568436 0.018664 0.999056 -0.039219 -9.108690 0.911500 -0.000882 0.411299 101.204826
0.410876 -0.043425 -0.910657 -86.568436 0.018664 0.999056 -0.039219 -9.108690 0.911500 -0.000882 0.411299 101.204826
0.410876 -0.043425 -0.910657 -86.568436 0.018664 0.999056 -0.039219 -9.108690 0.911500 -0.000882 0.411299 101.204826
0.410876 -0.043425 -0.910657 -86.568436 0.018664 0.999056 -0.039219 -9.108690 0.911500 -0.000882 0.411299 101.204826
0.411518 -0.046792 -0.910200 -90.716263 0.018533 0.998904 -0.042973 -9.424953 0.911213 0.000816 0.411934 103.048866
0.418542 -0.046233 -0.907020 -92.771034 0.014328 0.998915 -0.044306 -9.570991 0.908084 0.005548 0.418750 103.934189
0.423018 -0.046678 -0.904918 -93.766983 0.014430 0.998893 -0.044780 -9.651616 0.906006 0.005885 0.423223 104.378448
0.429657 -0.046490 -0.901795 -94.761047 0.014413 0.998900 -0.044628 -9.723591 0.902877 0.006177 0.429854 104.831940
0.438239 -0.045356 -0.897714 -95.762077 0.013685 0.998947 -0.043791 -9.805623 0.898755 0.006905 0.438398 105.283882
0.438239 -0.045356 -0.897714 -95.762077 0.013685 0.998947 -0.043791 -9.805623 0.898755 0.006905 0.438398 105.283882
0.442265 -0.041225 -0.895936 -97.689896 0.008529 0.999091 -0.041761 -9.898108 0.896844 0.010828 0.442215 106.258438
0.452138 -0.041858 -0.890965 -98.638092 0.007385 0.999040 -0.043188 -9.960396 0.891917 0.012947 0.452013 106.694725
0.463920 -0.042595 -0.884852 -99.584854 0.004222 0.998938 -0.045873 -10.028824 0.885867 0.017546 0.463608 107.169701
0.475284 -0.042932 -0.878784 -100.490669 0.002567 0.998872 -0.047411 -10.092204 0.879829 0.020278 0.474858 107.647408
0.475284 -0.042932 -0.878784 -100.490669 0.002567 0.998872 -0.047411 -10.092204 0.879829 0.020278 0.474858 107.647408
0.513819 -0.038089 -0.857052 -102.411873 -0.000007 0.999014 -0.044402 -10.284205 0.857898 0.022821 0.513312 108.716591
0.526919 -0.036828 -0.849117 -103.330574 0.000667 0.999078 -0.042919 -10.363369 0.849915 0.022049 0.526458 109.248230
0.537994 -0.037245 -0.842126 -104.232857 0.002097 0.999079 -0.042847 -10.462304 0.842946 0.021286 0.537577 109.764397
0.548414 -0.037308 -0.835374 -105.102440 0.001399 0.999044 -0.043700 -10.524815 0.836206 0.022797 0.547942 110.333237
0.548414 -0.037308 -0.835374 -105.102440 0.001399 0.999044 -0.043700 -10.524815 0.836206 0.022797 0.547942 110.333237
0.571905 -0.040452 -0.819322 -106.838310 0.005323 0.998945 -0.045604 -10.614109 0.820303 0.021720 0.571517 111.536011
0.582959 -0.040403 -0.811496 -107.664055 0.006277 0.998957 -0.045227 -10.687117 0.812477 0.021272 0.582605 112.102005
0.589251 -0.038649 -0.807025 -108.462517 0.006679 0.999054 -0.042969 -10.775353 0.807923 0.019929 0.588952 112.652153
0.599153 -0.037356 -0.799763 -109.285187 0.009144 0.999165 -0.039820 -10.870120 0.800582 0.016546 0.598994 113.210953
0.612198 -0.032801 -0.790024 -110.137718 0.004417 0.999265 -0.038065 -10.865359 0.790692 0.019814 0.611893 113.894928
0.612198 -0.032801 -0.790024 -110.137718 0.004417 0.999265 -0.038065 -10.865359 0.790692 0.019814 0.611893 113.894928
0.612198 -0.032801 -0.790024 -110.137718 0.004417 0.999265 -0.038065 -10.865359 0.790692 0.019814 0.611893 113.894928
0.612198 -0.032801 -0.790024 -110.137718 0.004417 0.999265 -0.038065 -10.865359 0.790692 0.019814 0.611893 113.894928
0.612198 -0.032801 -0.790024 -110.137718 0.004417 0.999265 -0.038065 -10.865359 0.790692 0.019814 0.611893 113.894928
0.648531 -0.030157 -0.760590 -113.151802 0.003039 0.999310 -0.037030 -11.108741 0.761182 0.021704 0.648175 116.241821
0.666763 -0.025759 -0.744824 -114.633392 -0.000452 0.999388 -0.034967 -11.225131 0.745270 0.023651 0.666344 117.592384
0.674238 -0.025467 -0.738075 -115.341141 -0.000801 0.999379 -0.035215 -11.283748 0.738514 0.024335 0.673799 118.200897
0.681325 -0.024424 -0.731574 -116.031975 -0.001029 0.999410 -0.034324 -11.340360 0.731981 0.024138 0.680898 118.810143
0.688529 -0.022810 -0.724850 -116.739487 -0.000182 0.999500 -0.031626 -11.404300 0.725209 0.021907 0.688181 119.399796
0.688529 -0.022810 -0.724850 -116.739487 -0.000182 0.999500 -0.031626 -11.404300 0.725209 0.021907 0.688181 119.399796
0.704510 -0.015566 -0.709524 -118.085419 -0.005793 0.999600 -0.027682 -11.483257 0.709671 0.023613 0.704138 120.748657
0.712030 -0.015029 -0.701988 -118.707138 -0.005765 0.999612 -0.027249 -11.533048 0.702125 0.023449 0.711667 121.352013
0.720156 -0.012472 -0.693700 -119.351471 -0.008060 0.999621 -0.026339 -11.577633 0.693765 0.024559 0.719782 121.947502
0.728527 -0.009894 -0.684946 -119.963882 -0.008158 0.999699 -0.023117 -11.629242 0.684968 0.022429 0.728227 122.543518
0.728527 -0.009894 -0.684946 -119.963882 -0.008158 0.999699 -0.023117 -11.629242 0.684968 0.022429 0.728227 122.543518
0.748937 -0.003242 -0.662633 -121.184837 -0.012441 0.999743 -0.018953 -11.711441 0.662524 0.022438 0.748704 123.895866
0.758898 -0.002950 -0.651202 -121.753044 -0.013387 0.999708 -0.020130 -11.745041 0.651071 0.023994 0.758637 124.493591
0.767820 -0.003856 -0.640655 -122.263046 -0.013275 0.999671 -0.021927 -11.767013 0.640529 0.025341 0.767516 125.089676
0.777631 -0.003482 -0.628712 -122.822739 -0.013087 0.999678 -0.021723 -11.805397 0.628585 0.025120 0.777335 125.694618
0.777631 -0.003482 -0.628712 -122.822739 -0.013087 0.999678 -0.021723 -11.805397 0.628585 0.025120 0.777335 125.694618
0.798794 0.001767 -0.601602 -123.899376 -0.014823 0.999750 -0.016745 -11.892666 0.601422 0.022293 0.798620 127.071541
0.807893 0.002876 -0.589323 -124.416512 -0.014408 0.999786 -0.014874 -11.924677 0.589153 0.020508 0.807761 127.708717
0.816856 0.004274 -0.576825 -124.929779 -0.013896 0.999828 -0.012270 -11.958882 0.576674 0.018038 0.816775 128.356735
0.824532 0.004931 -0.565794 -125.410339 -0.013187 0.999858 -0.010503 -11.985961 0.565662 0.016121 0.824480 129.016708
0.833474 0.005626 -0.552531 -125.826378 -0.012589 0.999882 -0.008810 -11.993637 0.552416 0.014299 0.833446 129.885590
0.833474 0.005626 -0.552531 -125.826378 -0.012589 0.999882 -0.008810 -11.993637 0.552416 0.014299 0.833446 129.885590
0.833474 0.005626 -0.552531 -125.826378 -0.012589 0.999882 -0.008810 -11.993637 0.552416 0.014299 0.833446 129.885590
0.833474 0.005626 -0.552531 -125.826378 -0.012589 0.999882 -0.008810 -11.993637 0.552416 0.014299 0.833446 129.885590
0.833474 0.005626 -0.552531 -125.826378 -0.012589 0.999882 -0.008810 -11.993637 0.552416 0.014299 0.833446 129.885590
0.858998 0.009327 -0.511894 -127.641075 -0.015323 0.999855 -0.007494 -12.093972 0.511750 0.014281 0.859016 132.576981
0.871240 0.007864 -0.490793 -128.496765 -0.013877 0.999867 -0.008613 -12.123864 0.490660 0.014315 0.871233 134.208267
0.875249 0.007245 -0.483619 -128.919724 -0.013278 0.999871 -0.009052 -12.149493 0.483491 0.014344 0.875232 134.937424
0.878736 0.008009 -0.477242 -129.350403 -0.013689 0.999871 -0.008426 -12.175194 0.477113 0.013937 0.878732 135.673340
0.881547 0.009767 -0.471995 -129.785370 -0.013887 0.999890 -0.005246 -12.198832 0.471892 0.011179 0.881585 136.431717
0.881547 0.009767 -0.471995 -129.785370 -0.013887 0.999890 -0.005246 -12.198832 0.471892 0.011179 0.881585 136.431717
0.888563 0.017066 -0.458437 -130.639038 -0.017981 0.999836 0.002370 -12.244152 0.458402 0.006137 0.888724 138.115448
0.890965 0.019311 -0.453661 -131.068146 -0.019371 0.999802 0.004515 -12.258658 0.453659 0.004765 0.891163 138.897705
0.893914 0.021241 -0.447735 -131.508530 -0.020475 0.999769 0.006549 -12.262330 0.447771 0.003313 0.894142 139.697632
0.897192 0.022366 -0.441074 -131.933624 -0.020439 0.999749 0.009121 -12.267725 0.441168 0.000832 0.897424 140.505081
0.897192 0.022366 -0.441074 -131.933624 -0.020439 0.999749 0.009121 -12.267725 0.441168 0.000832 0.897424 140.505081
0.905847 0.022976 -0.422982 -132.745865 -0.019816 0.999733 0.011866 -12.278499 0.423142 -0.002367 0.906060 142.348618
0.909395 0.022319 -0.415335 -133.143204 -0.019110 0.999747 0.011880 -12.273013 0.415495 -0.002867 0.909591 143.195953
0.913162 0.019753 -0.407117 -133.495377 -0.016619 0.999799 0.011232 -12.275128 0.407257 -0.003490 0.913307 144.057632
0.917105 0.018059 -0.398236 -133.871826 -0.015310 0.999832 0.010082 -12.273516 0.398351 -0.003149 0.917228 144.926788
0.917105 0.018059 -0.398236 -133.871826 -0.015310 0.999832 0.010082 -12.273516 0.398351 -0.003149 0.917228 144.926788
0.928111 0.019214 -0.371806 -134.697968 -0.017481 0.999815 0.008030 -12.305786 0.371892 -0.000953 0.928276 146.849228
0.934155 0.022345 -0.356167 -135.088135 -0.020497 0.999750 0.008963 -12.315508 0.356278 -0.001073 0.934379 147.732941
0.940452 0.026199 -0.338915 -135.479858 -0.023695 0.999653 0.011523 -12.313339 0.339099 -0.002806 0.940746 148.664612
0.946804 0.028978 -0.320502 -135.847198 -0.026148 0.999572 0.013130 -12.316760 0.320745 -0.004051 0.947157 149.616257
0.954453 0.031691 -0.296674 -136.186356 -0.028718 0.999484 0.014373 -12.329532 0.296976 -0.005198 0.954871 150.775772
0.954453 0.031691 -0.296674 -136.186356 -0.028718 0.999484 0.014373 -12.329532 0.296976 -0.005198 0.954871 150.775772
0.954453 0.031691 -0.296674 -136.186356 -0.028718 0.999484 0.014373 -12.329532 0.296976 -0.005198 0.954871 150.775772
0.954453 0.031691 -0.296674 -136.186356 -0.028718 0.999484 0.014373 -12.329532 0.296976 -0.005198 0.954871 150.775772
0.954453 0.031691 -0.296674 -136.186356 -0.028718 0.999484 0.014373 -12.329532 0.296976 -0.005198 0.954871 150.775772
0.976724 0.037978 -0.211109 -137.386093 -0.033418 0.999126 0.025128 -12.315063 0.211879 -0.017488 0.977139 154.900436
0.985295 0.041436 -0.165762 -137.835312 -0.037171 0.998895 0.028753 -12.298485 0.166770 -0.022169 0.985747 157.243332
0.988649 0.041325 -0.144449 -138.026840 -0.037847 0.998926 0.026743 -12.281940 0.145399 -0.020972 0.989151 158.352829
0.991393 0.041224 -0.124256 -138.196121 -0.038340 0.998939 0.025511 -12.265447 0.125176 -0.020527 0.991922 159.467804
0.993748 0.040055 -0.104216 -138.353989 -0.037456 0.998940 0.026773 -12.252425 0.105177 -0.022702 0.994194 160.631287
0.993748 0.040055 -0.104216 -138.353989 -0.037456 0.998940 0.026773 -12.252425 0.105177 -0.022702 0.994194 160.631287
0.997217 0.041107 -0.062201 -138.554031 -0.039331 0.998790 0.029524 -12.228209 0.063339 -0.026996 0.997627 163.141861
0.998231 0.042142 -0.041949 -138.638504 -0.040903 0.998714 0.029964 -12.209211 0.043158 -0.028195 0.998670 164.319870
0.998857 0.042488 -0.021875 -138.710251 -0.041817 0.998666 0.030284 -12.190898 0.023132 -0.029334 0.999302 165.519089
0.999045 0.043653 -0.002100 -138.760788 -0.043572 0.998605 0.029826 -12.174303 0.003400 -0.029706 0.999553 166.687378
0.999045 0.043653 -0.002100 -138.760788 -0.043572 0.998605 0.029826 -12.174303 0.003400 -0.029706 0.999553 166.687378
0.998240 0.045706 0.037798 -138.707855 -0.046744 0.998541 0.027039 -12.141918 -0.036507 -0.028759 0.998919 169.300842
0.997350 0.046829 0.055687 -138.690552 -0.048259 0.998531 0.024629 -12.130509 -0.054452 -0.027251 0.998144 170.511642
0.996142 0.047440 0.073828 -138.646652 -0.049242 0.998527 0.022785 -12.114455 -0.072638 -0.026332 0.997011 171.758301
0.994680 0.046930 0.091703 -138.555847 -0.048976 0.998596 0.020193 -12.106591 -0.090626 -0.024577 0.995582 172.995956
0.994680 0.046930 0.091703 -138.555847 -0.048976 0.998596 0.020193 -12.106591 -0.090626 -0.024577 0.995582 172.995956
0.990228 0.048959 0.130584 -138.186615 -0.050427 0.998696 0.007958 -12.108161 -0.130024 -0.014465 0.991405 175.641891
0.987848 0.050992 0.146819 -138.037628 -0.051949 0.998646 0.002685 -12.107490 -0.146483 -0.010280 0.989160 176.883453
0.985255 0.052306 0.162902 -137.842911 -0.052826 0.998603 -0.001140 -12.125006 -0.162734 -0.007483 0.986642 178.135803
0.982184 0.054453 0.179858 -137.638535 -0.054603 0.998500 -0.004119 -12.143854 -0.179812 -0.005775 0.983684 179.436249
0.978144 0.056137 0.200206 -137.361877 -0.056230 0.998404 -0.005230 -12.171192 -0.200181 -0.006142 0.979740 181.028641
0.978144 0.056137 0.200206 -137.361877 -0.056230 0.998404 -0.005230 -12.171192 -0.200181 -0.006142 0.979740 181.028641
0.978144 0.056137 0.200206 -137.361877 -0.056230 0.998404 -0.005230 -12.171192 -0.200181 -0.006142 0.979740 181.028641
0.978144 0.056137 0.200206 -137.361877 -0.056230 0.998404 -0.005230 -12.171192 -0.200181 -0.006142 0.979740 181.028641
0.978144 0.056137 0.200206 -137.361877 -0.056230 0.998404 -0.005230 -12.171192 -0.200181 -0.006142 0.979740 181.028641
0.962134 0.056168 0.266727 -136.180054 -0.054111 0.998421 -0.015064 -12.297055 -0.267152 0.000060 0.963654 186.240509
0.950849 0.061673 0.303452 -135.407166 -0.058796 0.998096 -0.018618 -12.402981 -0.304022 -0.000139 0.952665 189.055481
0.944936 0.062704 0.321193 -135.033997 -0.058709 0.998030 -0.022116 -12.443804 -0.321947 0.002041 0.946755 190.314865
0.938866 0.062908 0.338486 -134.610870 -0.057988 0.998013 -0.024637 -12.485187 -0.339364 0.003503 0.940649 191.568802
0.932580 0.062516 0.355508 -134.143387 -0.055794 0.998017 -0.029139 -12.541066 -0.356625 0.007339 0.934219 192.787415
0.932580 0.062516 0.355508 -134.143387 -0.055794 0.998017 -0.029139 -12.541066 -0.356625 0.007339 0.934219 192.787415
0.916047 0.068646 0.395152 -133.053299 -0.057809 0.997555 -0.039282 -12.689919 -0.396882 0.013141 0.917775 195.605270
0.905660 0.071452 0.417941 -132.519730 -0.059766 0.997370 -0.041003 -12.761567 -0.419771 0.012156 0.907549 196.896133
0.893094 0.074507 0.443658 -131.937256 -0.061802 0.997159 -0.043052 -12.839590 -0.445606 0.011031 0.895161 198.114853
0.880461 0.078286 0.467611 -131.317276 -0.064046 0.996872 -0.046301 -12.911016 -0.469773 0.010817 0.882721 199.344910
0.880461 0.078286 0.467611 -131.317276 -0.064046 0.996872 -0.046301 -12.911016 -0.469773 0.010817 0.882721 199.344910
0.852545 0.084419 0.515792 -129.924347 -0.066702 0.996374 -0.052825 -13.121353 -0.518381 0.010632 0.855084 202.155960
0.836997 0.085149 0.540543 -129.184311 -0.065691 0.996311 -0.055226 -13.219011 -0.543251 0.010716 0.839502 203.401077
0.821887 0.086095 0.563107 -128.480988 -0.063537 0.996200 -0.059575 -13.315931 -0.566096 0.013186 0.824234 204.623596
0.806260 0.087791 0.585010 -127.681084 -0.061793 0.996015 -0.064307 -13.421969 -0.588325 0.015698 0.808472 205.765411
0.806260 0.087791 0.585010 -127.681084 -0.061793 0.996015 -0.064307 -13.421969 -0.588325 0.015698 0.808472 205.765411
0.776957 0.091130 0.622923 -125.878891 -0.059327 0.995663 -0.071663 -13.678526 -0.626752 0.018723 0.778994 208.277786
0.762636 0.091549 0.640317 -124.998886 -0.057829 0.995619 -0.073472 -13.802534 -0.644238 0.019004 0.764589 209.450989
0.749543 0.091444 0.655609 -124.067650 -0.055903 0.995619 -0.074955 -13.933160 -0.659591 0.019531 0.751371 210.595016
0.735946 0.091627 0.670812 -123.099846 -0.053437 0.995570 -0.077360 -14.069272 -0.674928 0.021086 0.737582 211.740707
0.719353 0.092689 0.688433 -121.865433 -0.050191 0.995403 -0.081573 -14.242176 -0.692829 0.024126 0.720698 212.945770
0.719353 0.092689 0.688433 -121.865433 -0.050191 0.995403 -0.081573 -14.242176 -0.692829 0.024126 0.720698 212.945770
0.719353 0.092689 0.688433 -121.865433 -0.050191 0.995403 -0.081573 -14.242176 -0.692829 0.024126 0.720698 212.945770
0.719353 0.092689 0.688433 -121.865433 -0.050191 0.995403 -0.081573 -14.242176 -0.692829 0.024126 0.720698 212.945770
0.719353 0.092689 0.688433 -121.865433 -0.050191 0.995403 -0.081573 -14.242176 -0.692829 0.024126 0.720698 212.945770
0.662664 0.097174 0.742585 -117.720322 -0.046529 0.994973 -0.088679 -14.844747 -0.747470 0.024213 0.663854 217.123886
0.627787 0.100039 0.771930 -115.353340 -0.051905 0.994880 -0.086719 -15.226758 -0.776652 0.014374 0.629765 219.259262
0.610928 0.101169 0.785195 -114.214836 -0.053639 0.994812 -0.086443 -15.389560 -0.789867 0.010693 0.613185 220.224823
0.594475 0.103297 0.797452 -113.098549 -0.053793 0.994602 -0.088734 -15.546682 -0.802313 0.009853 0.596822 221.163193
0.576890 0.106084 0.809904 -111.961639 -0.055740 0.994332 -0.090539 -15.706642 -0.814918 0.007087 0.579533 222.027542
0.576890 0.106084 0.809904 -111.961639 -0.055740 0.994332 -0.090539 -15.706642 -0.814918 0.007087 0.579533 222.027542
0.537202 0.106283 0.836731 -109.495529 -0.058713 0.994335 -0.088607 -16.050457 -0.841408 -0.001527 0.540399 223.716797
0.517660 0.104080 0.849232 -108.344315 -0.058343 0.994557 -0.086327 -16.215094 -0.853595 -0.004858 0.520915 224.519775
0.498912 0.102269 0.860598 -107.205185 -0.058109 0.994726 -0.084521 -16.370115 -0.864703 -0.007840 0.502223 225.272858
0.479141 0.100918 0.871917 -106.023994 -0.056797 0.994851 -0.083935 -16.522167 -0.875899 -0.009305 0.482405 225.993256
0.479141 0.100918 0.871917 -106.023994 -0.056797 0.994851 -0.083935 -16.522167 -0.875899 -0.009305 0.482405 225.993256
0.433563 0.098597 0.895713 -103.426979 -0.053147 0.995064 -0.083807 -16.826427 -0.899555 -0.011269 0.436663 227.281357
0.415788 0.098372 0.904126 -102.286850 -0.050550 0.995096 -0.085023 -16.965933 -0.908056 -0.010352 0.418721 227.872726
0.397513 0.096988 0.912456 -101.099213 -0.046881 0.995246 -0.085365 -17.110790 -0.916398 -0.008844 0.400170 228.428055
0.378366 0.094988 0.920769 -99.937408 -0.045501 0.995427 -0.083993 -17.256983 -0.924537 -0.010116 0.380958 228.978424
0.378366 0.094988 0.920769 -99.937408 -0.045501 0.995427 -0.083993 -17.256983 -0.924537 -0.010116 0.380958 228.978424
0.333572 0.098664 0.937547 -97.361626 -0.042600 0.995070 -0.089561 -17.547754 -0.941761 -0.010064 0.336131 229.905884
0.316150 0.107331 0.942618 -96.256416 -0.043811 0.994172 -0.098507 -17.659958 -0.947697 -0.010154 0.319010 230.258102
0.299078 0.115016 0.947272 -95.132362 -0.047702 0.993270 -0.105540 -17.787918 -0.953036 -0.013622 0.302551 230.617981
0.279817 0.118571 0.952703 -94.019432 -0.050808 0.992782 -0.108637 -17.928143 -0.958708 -0.018006 0.283822 230.923569
0.257789 0.119162 0.958825 -92.632011 -0.053476 0.992604 -0.108983 -18.169128 -0.964720 -0.023179 0.262254 231.482010
0.257789 0.119162 0.958825 -92.632011 -0.053476 0.992604 -0.108983 -18.169128 -0.964720 -0.023179 0.262254 231.482010
0.257789 0.119162 0.958825 -92.632011 -0.053476 0.992604 -0.108983 -18.169128 -0.964720 -0.023179 0.262254 231.482010
0.257789 0.119162 0.958825 -92.632011 -0.053476 0.992604 -0.108983 -18.169128 -0.964720 -0.023179 0.262254 231.482010
0.257789 0.119162 0.958825 -92.632011 -0.053476 0.992604 -0.108983 -18.169128 -0.964720 -0.023179 0.262254 231.482010
0.187477 0.118282 0.975121 -88.008835 -0.059132 0.992282 -0.108995 -18.798386 -0.980488 -0.037227 0.193024 232.691681
0.148497 0.120518 0.981542 -85.506767 -0.058676 0.991871 -0.112909 -19.119968 -0.987171 -0.040826 0.154361 233.149109
0.129648 0.121352 0.984106 -84.372063 -0.058735 0.991680 -0.114548 -19.279957 -0.989819 -0.042951 0.135697 233.338425
0.114703 0.118224 0.986340 -83.227531 -0.058403 0.991978 -0.112108 -19.433392 -0.991682 -0.044746 0.120688 233.526184
0.100903 0.114022 0.988341 -82.087036 -0.055736 0.992499 -0.108811 -19.591116 -0.993334 -0.044107 0.106501 233.669327
0.100903 0.114022 0.988341 -82.087036 -0.055736 0.992499 -0.108811 -19.591116 -0.993334 -0.044107 0.106501 233.669327
0.071151 0.105635 0.991856 -79.653648 -0.053916 0.993330 -0.101924 -19.924065 -0.996007 -0.046225 0.076372 233.895584
0.061303 0.104998 0.992581 -78.542000 -0.052507 0.993414 -0.101843 -20.068741 -0.996737 -0.045875 0.066412 234.009354
0.053514 0.106632 0.992857 -77.460716 -0.052370 0.993213 -0.103848 -20.207045 -0.997193 -0.046439 0.058735 234.059692
0.048003 0.108074 0.992983 -76.385567 -0.053381 0.992986 -0.105494 -20.342030 -0.997420 -0.047942 0.053435 234.143906
0.048003 0.108074 0.992983 -76.385567 -0.053381 0.992986 -0.105494 -20.342030 -0.997420 -0.047942 0.053435 234.143906
0.033003 0.123156 0.991838 -74.156815 -0.053662 0.991166 -0.121287 -20.622131 -0.998014 -0.049221 0.039321 234.176544
0.028509 0.125567 0.991675 -73.130379 -0.056424 0.990699 -0.123822 -20.773367 -0.998000 -0.052424 0.035329 234.225479
0.024312 0.118406 0.992668 -72.062569 -0.057673 0.991473 -0.116852 -20.927181 -0.998039 -0.054409 0.030933 234.274536
0.021899 0.108719 0.993831 -70.996140 -0.057092 0.992583 -0.107325 -21.081774 -0.998129 -0.054390 0.027943 234.332779
0.021899 0.108719 0.993831 -70.996140 -0.057092 0.992583 -0.107325 -21.081774 -0.998129 -0.054390 0.027943 234.332779
0.022636 0.104600 0.994257 -68.823509 -0.053943 0.993191 -0.103260 -21.355871 -0.998287 -0.051296 0.028124 234.420349
0.024077 0.107569 0.993906 -67.817909 -0.053887 0.992889 -0.106153 -21.479385 -0.998257 -0.051003 0.029702 234.443695
0.026273 0.109694 0.993618 -66.808105 -0.056076 0.992558 -0.108094 -21.616055 -0.998081 -0.052879 0.032229 234.481766
0.028945 0.110646 0.993438 -65.811714 -0.058349 0.992347 -0.108824 -21.748121 -0.997877 -0.054816 0.035180 234.513870
0.030188 0.112219 0.993225 -64.728943 -0.058421 0.992177 -0.110325 -21.881557 -0.997835 -0.054695 0.036508 234.585907
0.030188 0.112219 0.993225 -64.728943 -0.058421 0.992177 -0.110325 -21.881557 -0.997835 -0.054695 0.036508 234.585907
0.030188 0.112219 0.993225 -64.728943 -0.058421 0.992177 -0.110325 -21.881557 -0.997835 -0.054695 0.036508 234.585907
0.030188 0.112219 0.993225 -64.728943 -0.058421 0.992177 -0.110325 -21.881557 -0.997835 -0.054695 0.036508 234.585907
0.030188 0.112219 0.993225 -64.728943 -0.058421 0.992177 -0.110325 -21.881557 -0.997835 -0.054695 0.036508 234.585907
0.053227 0.113259 0.992139 -60.804626 -0.062468 0.991979 -0.109889 -22.385197 -0.996627 -0.056127 0.059875 234.796555
0.066478 0.112979 0.991371 -58.816879 -0.060469 0.992199 -0.109019 -22.654949 -0.995954 -0.052700 0.072791 234.934830
0.073087 0.113026 0.990900 -57.844604 -0.060810 0.992214 -0.108691 -22.788048 -0.995470 -0.052313 0.079391 235.013687
0.078644 0.112502 0.990534 -56.888863 -0.062496 0.992214 -0.107731 -22.913971 -0.994942 -0.053432 0.085062 235.100250
0.085400 0.110872 0.990159 -55.932426 -0.062958 0.992404 -0.105693 -23.035023 -0.994356 -0.053312 0.091731 235.191788
0.085400 0.110872 0.990159 -55.932426 -0.062958 0.992404 -0.105693 -23.035023 -0.994356 -0.053312 0.091731 235.191788
0.100067 0.108510 0.989046 -53.964752 -0.065844 0.992579 -0.102236 -23.288713 -0.992800 -0.054892 0.106469 235.407013
0.106652 0.110626 0.988123 -53.026047 -0.065719 0.992402 -0.104012 -23.408737 -0.992122 -0.053845 0.113112 235.512070
0.113878 0.112079 0.987153 -52.083591 -0.066120 0.992268 -0.105032 -23.523863 -0.991292 -0.053310 0.120409 235.621246
0.120321 0.113663 0.986207 -51.135994 -0.067586 0.992057 -0.106092 -23.648880 -0.990432 -0.053889 0.127047 235.749313
0.120321 0.113663 0.986207 -51.135994 -0.067586 0.992057 -0.106092 -23.648880 -0.990432 -0.053889 0.127047 235.749313
0.134054 0.115488 0.984222 -49.186771 -0.068083 0.991913 -0.107117 -23.880108 -0.988632 -0.052650 0.140833 236.044312
0.141304 0.113672 0.983418 -48.247231 -0.069437 0.992077 -0.104696 -23.998053 -0.987528 -0.053492 0.148078 236.194443
0.147798 0.111960 0.982660 -47.298740 -0.069611 0.992285 -0.102587 -24.117712 -0.986565 -0.053242 0.154452 236.351395
