1.000000 0.000000 0.000000 0.000000 0.000000 1.000000 0.000000 0.000000 0.000000 0.000000 1.000000 0.000000
0.999919 -0.001836 0.012581 0.011044 0.001817 0.999997 0.001473 -0.014358 -0.012584 -0.001450 0.999920 0.271139
0.999804 -0.005482 0.019009 0.022020 0.005454 0.999984 0.001527 -0.024207 -0.019017 -0.001423 0.999818 0.541626
0.999786 -0.006970 0.019456 0.034855 0.006938 0.999974 0.001727 -0.033243 -0.019468 -0.001592 0.999809 0.814904
0.999848 -0.008317 0.015356 0.040733 0.008319 0.999965 -0.000113 -0.030271 -0.015354 0.000241 0.999882 1.107144
0.999924 -0.009254 0.008117 0.036784 0.009264 0.999956 -0.001176 -0.035145 -0.008106 0.001251 0.999966 1.397898
0.999918 -0.011943 -0.004698 0.059364 0.011931 0.999925 -0.002578 -0.020871 0.004729 0.002521 0.999986 1.687347
0.999682 -0.010934 -0.022730 0.055185 0.010889 0.999938 -0.002129 -0.003169 0.022752 0.001881 0.999739 1.977677
0.999126 -0.005218 -0.041482 -0.006548 0.005118 0.999984 -0.002519 0.017650 0.041494 0.002305 0.999136 2.293292
0.998021 -0.001844 -0.062853 -0.044486 0.001511 0.999985 -0.005349 0.064715 0.062862 0.005243 0.998008 2.636930
0.996857 -0.002046 -0.079199 -0.096214 0.001855 0.999995 -0.002481 0.088206 0.079204 0.002327 0.996856 2.984034
0.994854 -0.003581 -0.101256 -0.136891 0.003263 0.999989 -0.003306 0.113946 0.101267 0.002959 0.994855 3.361483
0.993309 -0.004609 -0.115393 -0.208980 0.004591 0.999989 -0.000423 0.117643 0.115394 -0.000110 0.993320 3.736032
0.990782 -0.004804 -0.135380 -0.335508 0.004618 0.999988 -0.001692 0.109598 0.135386 0.001051 0.990792 4.125918
0.988769 -0.003631 -0.149410 -0.404359 0.003662 0.999993 -0.000065 0.125365 0.149410 -0.000483 0.988775 4.525863
0.985615 -0.004565 -0.168943 -0.500734 0.004432 0.999990 -0.001169 0.136548 0.168947 0.000404 0.985625 4.942347
0.983422 -0.007172 -0.181190 -0.602304 0.007088 0.999974 -0.001114 0.126060 0.181193 -0.000189 0.983448 5.363833
0.981442 -0.012379 -0.191359 -0.635869 0.012090 0.999923 -0.002676 0.195420 0.191378 0.000313 0.981516 5.804456
0.979708 -0.011256 -0.200112 -0.748357 0.010456 0.999933 -0.005050 0.195039 0.200156 0.002855 0.979760 6.257262
0.977801 -0.009569 -0.209318 -0.846117 0.007856 0.999929 -0.009012 0.214668 0.209389 0.007167 0.977806 6.720129
0.976021 -0.011347 -0.217381 -0.934759 0.008908 0.999886 -0.012197 0.233984 0.217495 0.009968 0.976011 7.184851
0.974474 -0.015629 -0.223957 -0.980096 0.012888 0.999823 -0.013695 0.273025 0.224132 0.010459 0.974503 7.693601
0.972305 -0.024889 -0.232386 -1.072607 0.021509 0.999623 -0.017070 0.265032 0.232723 0.011599 0.972474 8.183804
0.970246 -0.025784 -0.240746 -1.200362 0.021925 0.999585 -0.018695 0.307785 0.241128 0.012860 0.970408 8.701607
0.968328 -0.021156 -0.248785 -1.341425 0.015881 0.999605 -0.023193 0.321119 0.249177 0.018507 0.968281 9.230604
0.964865 -0.018670 -0.262083 -1.477836 0.011994 0.999562 -0.027047 0.338239 0.262473 0.022953 0.964666 9.711991
0.962860 -0.021786 -0.269120 -1.571872 0.014944 0.999511 -0.027449 0.365230 0.269587 0.022408 0.962715 10.276837
0.960773 -0.024556 -0.276245 -1.736724 0.017180 0.999429 -0.029087 0.374937 0.276802 0.023200 0.960647 10.800684
0.958807 -0.024559 -0.282994 -1.844592 0.016505 0.999389 -0.030809 0.405348 0.283578 0.024869 0.958627 11.330745
0.956379 -0.026243 -0.290946 -2.006886 0.017173 0.999285 -0.033686 0.423648 0.291622 0.027220 0.956146 11.914428
0.952703 -0.026495 -0.302744 -2.145080 0.015042 0.999083 -0.040099 0.455211 0.303529 0.033648 0.952228 12.497611
0.951620 -0.027435 -0.306049 -2.150149 0.013492 0.998776 -0.047582 0.601660 0.306980 0.041151 0.950826 13.048195
0.949715 -0.028665 -0.311799 -2.155047 0.012040 0.998407 -0.055115 0.731327 0.312883 0.048589 0.948548 13.723104
0.946423 -0.028029 -0.321711 -2.081547 0.006934 0.997760 -0.066531 0.950004 0.322856 0.060736 0.944497 14.346147
0.934840 -0.030220 -0.353782 -2.155570 0.001039 0.996600 -0.082384 1.050996 0.355069 0.076648 0.931693 14.942892
0.934146 -0.027816 -0.355804 -2.282310 -0.004424 0.995979 -0.089479 1.049641 0.356862 0.085160 0.930267 15.536562
0.932261 -0.027992 -0.360703 -2.466267 -0.006694 0.995497 -0.094556 1.032040 0.361726 0.090565 0.927875 16.126776
0.931019 -0.024910 -0.364119 -2.612181 -0.012555 0.994892 -0.100165 1.048409 0.364754 0.097827 0.925951 16.776377
0.929120 -0.024301 -0.368980 -2.792221 -0.016053 0.994247 -0.105904 1.042982 0.369431 0.104321 0.923384 17.427217
0.927544 -0.023519 -0.372973 -3.030973 -0.018937 0.993778 -0.109759 1.004539 0.373234 0.108869 0.921327 18.012405
0.925662 -0.021382 -0.377747 -3.304077 -0.022081 0.993647 -0.110352 0.927333 0.377707 0.110490 0.919309 18.674290
0.923616 -0.020601 -0.382766 -3.610258 -0.022840 0.993823 -0.108602 0.834775 0.382639 0.109049 0.917440 19.345152
0.921605 -0.019679 -0.387630 -3.887937 -0.023712 0.993993 -0.106841 0.791148 0.387404 0.107656 0.915603 20.029205
0.918794 -0.016778 -0.394381 -4.104501 -0.026829 0.994132 -0.104796 0.852743 0.393825 0.106867 0.912952 20.770218
0.914986 -0.015610 -0.403183 -4.426498 -0.028078 0.994366 -0.102220 0.742144 0.402507 0.104850 0.909392 21.410997
0.911657 -0.012836 -0.410752 -4.774616 -0.029093 0.994988 -0.095665 0.651592 0.409921 0.099164 0.906714 22.120823
0.907822 -0.008545 -0.419269 -5.116114 -0.032797 0.995283 -0.091299 0.591352 0.418071 0.096634 0.903260 22.830135
0.903985 -0.003677 -0.427549 -5.503507 -0.037273 0.995478 -0.087370 0.495010 0.425937 0.094917 0.899760 23.516722
0.900754 -0.002487 -0.434322 -5.825511 -0.038921 0.995498 -0.086420 0.457871 0.432582 0.094747 0.896603 24.244322
0.897054 -0.002867 -0.441913 -6.191137 -0.039233 0.995514 -0.086100 0.369427 0.440177 0.094573 0.892917 24.974823
0.891990 -0.003857 -0.452038 -6.565597 -0.039080 0.995562 -0.085608 0.290447 0.450362 0.094027 0.887881 25.710930
0.888183 -0.000041 -0.459490 -6.952894 -0.043150 0.995573 -0.083496 0.210337 0.457460 0.093987 0.884249 26.425043
0.884079 -0.000998 -0.467336 -7.366889 -0.041388 0.995901 -0.080422 0.103879 0.465501 0.090441 0.880414 27.187017
0.879427 0.001314 -0.476032 -7.830296 -0.042512 0.996217 -0.075788 -0.050791 0.474131 0.086887 0.876157 27.899376
0.875742 0.003776 -0.482765 -8.283498 -0.042965 0.996611 -0.070144 -0.175596 0.480864 0.082170 0.872936 28.652252
0.871208 0.001978 -0.490910 -8.710982 -0.039924 0.996965 -0.066835 -0.285728 0.489288 0.077826 0.868643 29.397705
0.867137 -0.000700 -0.498069 -9.158513 -0.036211 0.997264 -0.064444 -0.334286 0.496751 0.073917 0.864740 30.215099
0.864165 -0.001138 -0.503208 -9.614021 -0.035865 0.997315 -0.063848 -0.363155 0.501930 0.073223 0.861803 31.041800
0.860489 -0.001134 -0.509467 -10.083503 -0.035666 0.997410 -0.062460 -0.463271 0.508218 0.071917 0.858220 31.825972
0.857926 0.001014 -0.513772 -10.615015 -0.037799 0.997413 -0.061149 -0.557757 0.512381 0.071881 0.855745 32.681877
0.855152 0.000874 -0.518376 -11.110524 -0.038215 0.997384 -0.061361 -0.572003 0.516967 0.072283 0.852948 33.560825
0.852053 -0.003387 -0.523444 -11.562819 -0.033637 0.997558 -0.061207 -0.604541 0.522373 0.069759 0.849859 34.364189
0.851127 -0.005793 -0.524927 -12.052061 -0.031755 0.997540 -0.062497 -0.655953 0.523998 0.069862 0.848849 35.219391
0.850861 -0.003522 -0.525379 -12.527216 -0.033203 0.997618 -0.060462 -0.688068 0.524341 0.068889 0.848717 36.025646
0.850490 -0.005561 -0.525962 -13.086747 -0.029707 0.997840 -0.058587 -0.801599 0.525152 0.065452 0.848488 36.887875
0.848447 -0.007866 -0.529222 -13.570406 -0.027380 0.997898 -0.058729 -0.847693 0.528572 0.064319 0.846448 37.776062
0.848424 -0.008189 -0.529254 -14.101763 -0.026948 0.997915 -0.058640 -0.902953 0.528631 0.064014 0.846435 38.667336
0.847528 -0.010090 -0.530655 -14.600141 -0.024658 0.997991 -0.058359 -0.961465 0.530178 0.062546 0.845576 39.552097
0.846497 -0.008698 -0.532323 -15.195062 -0.025390 0.998069 -0.056682 -1.055760 0.531788 0.061497 0.844642 40.442772
0.844886 -0.007461 -0.534894 -15.812219 -0.024213 0.998345 -0.052170 -1.149527 0.534398 0.057029 0.843307 41.307484
0.842020 -0.010489 -0.539344 -16.438633 -0.018133 0.998696 -0.047732 -1.261167 0.539141 0.049971 0.840732 42.157360
0.838206 -0.009016 -0.545279 -17.030178 -0.018512 0.998817 -0.044971 -1.319164 0.545039 0.047789 0.837047 43.049374
0.831488 -0.013110 -0.555389 -17.602057 -0.015998 0.998742 -0.047528 -1.302544 0.555313 0.048404 0.830232 43.890079
0.825444 -0.015786 -0.564264 -18.170027 -0.015481 0.998600 -0.050583 -1.352307 0.564272 0.050489 0.824044 44.688519
0.818908 -0.015398 -0.573719 -18.804224 -0.016226 0.998619 -0.049962 -1.416078 0.573696 0.050223 0.817527 45.531906
0.814352 -0.010717 -0.580272 -19.464540 -0.018587 0.998835 -0.044532 -1.479693 0.580074 0.047050 0.813204 46.370136
0.809814 -0.005642 -0.586659 -20.111361 -0.021451 0.999000 -0.039219 -1.544705 0.586294 0.044344 0.808884 47.176796
0.806322 -0.005853 -0.591447 -20.747686 -0.023126 0.998874 -0.041413 -1.585333 0.591024 0.047070 0.805280 48.038986
0.804013 -0.007300 -0.594567 -21.360382 -0.025119 0.998615 -0.046228 -1.591402 0.594081 0.052103 0.802716 48.929958
0.800301 -0.009277 -0.599527 -21.828888 -0.027572 0.998253 -0.052252 -1.583718 0.598965 0.058347 0.798647 49.811321
0.797738 -0.009858 -0.602923 -22.477039 -0.027343 0.998246 -0.052501 -1.636725 0.602384 0.058368 0.796070 50.653225
0.794883 -0.008511 -0.606703 -23.148859 -0.025700 0.998532 -0.047679 -1.763559 0.606219 0.053491 0.793497 51.356476
0.790356 -0.005399 -0.612624 -23.901443 -0.026378 0.998734 -0.042833 -1.853263 0.612079 0.050013 0.789213 52.132553
0.787320 -0.004380 -0.616529 -24.579763 -0.026823 0.998785 -0.041350 -1.914684 0.615961 0.049093 0.786246 52.902573
0.783322 -0.006905 -0.621578 -25.290243 -0.025167 0.998766 -0.042812 -1.970490 0.621106 0.049179 0.782182 53.719975
0.778245 -0.008716 -0.627900 -25.929775 -0.026033 0.998596 -0.046127 -1.994947 0.627421 0.052244 0.776926 54.558670
0.774375 -0.010465 -0.632640 -26.472128 -0.026482 0.998451 -0.048930 -1.979421 0.632173 0.054644 0.772898 55.404209
0.769282 -0.011238 -0.638810 -27.172190 -0.026443 0.998429 -0.049408 -2.061253 0.638362 0.054901 0.767776 56.188217
0.764989 -0.011917 -0.643933 -27.860125 -0.025913 0.998450 -0.049262 -2.114538 0.643521 0.054371 0.763495 56.932045
0.760159 -0.011791 -0.649630 -28.577301 -0.026856 0.998411 -0.049547 -2.201232 0.649182 0.055110 0.758634 57.671928
0.753409 -0.012415 -0.657435 -29.268553 -0.026952 0.998398 -0.049741 -2.242893 0.656999 0.055195 0.751868 58.461349
0.747644 -0.012808 -0.663976 -29.990408 -0.027253 0.998380 -0.049946 -2.294565 0.663540 0.055437 0.746084 59.260029
0.741769 -0.013613 -0.670517 -30.718081 -0.027198 0.998361 -0.050357 -2.322849 0.670104 0.055590 0.740183 60.063976
0.734264 -0.016973 -0.678651 -31.451017 -0.024972 0.998335 -0.051987 -2.401937 0.678404 0.055119 0.732618 60.826767
0.728508 -0.019063 -0.684772 -32.209873 -0.024223 0.998271 -0.053560 -2.491654 0.684609 0.055606 0.726787 61.548950
0.723424 -0.017354 -0.690186 -32.981693 -0.026137 0.998279 -0.052497 -2.530275 0.689909 0.056017 0.721725 62.336342
0.717036 -0.012587 -0.696922 -33.769321 -0.031620 0.998220 -0.050560 -2.626187 0.696318 0.058290 0.715362 63.108959
0.710564 -0.014624 -0.703480 -34.512611 -0.027165 0.998468 -0.048195 -2.722967 0.703108 0.053356 0.709079 63.878551
0.702685 -0.014819 -0.711346 -35.235737 -0.027484 0.998472 -0.047950 -2.717216 0.710970 0.053244 0.701204 64.695572
0.692943 -0.017942 -0.720769 -35.861362 -0.027072 0.998338 -0.050878 -2.284976 0.720484 0.054768 0.691306 65.631111
0.685163 -0.021327 -0.728077 -36.641022 -0.022549 0.998471 -0.050468 -2.334398 0.728040 0.050997 0.683635 66.393425
0.680855 -0.020923 -0.732120 -37.490936 -0.021854 0.998566 -0.048862 -2.415414 0.732093 0.049268 0.679421 67.127838
0.675458 -0.018740 -0.737161 -38.261028 -0.024982 0.998522 -0.048275 -2.395130 0.736975 0.051023 0.673991 67.933853
0.668871 -0.021792 -0.743059 -39.098789 -0.022627 0.998510 -0.049652 -2.423577 0.743034 0.050023 0.667382 68.711708
0.663587 -0.024101 -0.747711 -39.873375 -0.022131 0.998411 -0.051823 -2.368182 0.747772 0.050936 0.661999 69.545433
0.657400 -0.026513 -0.753075 -40.714874 -0.021904 0.998286 -0.054267 -2.361628 0.753223 0.052171 0.655692 70.339264
0.652402 -0.024218 -0.757486 -41.537884 -0.025128 0.998249 -0.053558 -2.431723 0.757456 0.053976 0.650651 71.091522
0.646107 -0.025265 -0.762828 -42.414326 -0.024668 0.998239 -0.053956 -2.513328 0.762848 0.053679 0.644346 71.799118
0.641198 -0.027208 -0.766893 -43.339054 -0.021472 0.998344 -0.053373 -2.595265 0.767075 0.050690 0.639552 72.539932
0.637071 -0.030776 -0.770190 -44.183777 -0.017276 0.998381 -0.054185 -2.612363 0.770611 0.047825 0.635509 73.283470
0.632707 -0.031901 -0.773734 -45.099995 -0.016492 0.998369 -0.054648 -2.658717 0.774215 0.047337 0.631150 74.002502
0.627323 -0.031429 -0.778125 -45.945267 -0.018030 0.998331 -0.054859 -2.722674 0.778551 0.048443 0.625709 74.668480
0.622707 -0.032054 -0.781798 -46.868301 -0.018397 0.998285 -0.055583 -2.789794 0.782239 0.048995 0.621049 75.361519
0.618322 -0.036499 -0.785077 -47.831478 -0.014916 0.998196 -0.058154 -2.833278 0.785783 0.047668 0.616663 76.110184
0.614099 -0.040786 -0.788175 -48.583054 -0.011461 0.998098 -0.060580 -2.636408 0.789146 0.046236 0.612463 76.962059
0.610803 -0.044818 -0.790513 -49.493549 -0.005985 0.998107 -0.061212 -2.692368 0.791760 0.042119 0.609378 77.718498
0.602315 -0.050871 -0.796636 -50.412556 0.000409 0.997987 -0.063419 -2.752829 0.798259 0.037872 0.601123 78.439842
0.589998 -0.055652 -0.805484 -51.385120 0.006647 0.997923 -0.064079 -2.828920 0.807377 0.032452 0.589143 79.147987
0.580785 -0.054937 -0.812201 -52.304462 0.008085 0.998060 -0.061727 -2.910633 0.814017 0.029284 0.580103 79.811150
0.572682 -0.052685 -0.818083 -53.396202 0.008702 0.998267 -0.058197 -3.038327 0.819731 0.026209 0.572148 80.428886
0.562012 -0.050785 -0.825568 -54.400486 0.007417 0.998383 -0.056367 -3.095710 0.827096 0.025556 0.561480 81.043175
0.552336 -0.050983 -0.832061 -55.384689 0.007405 0.998389 -0.056259 -3.112105 0.833589 0.024912 0.551824 81.723083
0.543557 -0.052258 -0.837744 -56.345268 0.008527 0.998352 -0.056744 -3.147854 0.839329 0.023701 0.543107 82.368408
0.534678 -0.055164 -0.843254 -57.387745 0.008778 0.998176 -0.059733 -3.193384 0.845011 0.024536 0.534186 83.009949
0.524441 -0.054208 -0.849719 -58.405380 0.011190 0.998324 -0.056782 -3.252522 0.851373 0.020271 0.524169 83.646393
0.506549 -0.051516 -0.860671 -59.519314 0.006629 0.998417 -0.055859 -3.327832 0.862186 0.022590 0.506088 84.252502
0.496153 -0.052991 -0.866617 -60.616756 0.009967 0.998418 -0.055344 -3.412010 0.868178 0.018821 0.495896 84.834152
0.487538 -0.054062 -0.871427 -61.677849 0.010416 0.998370 -0.056109 -3.490335 0.873040 0.018278 0.487306 85.463158
0.478656 -0.054591 -0.876304 -62.739357 0.007704 0.998288 -0.057982 -3.549901 0.877969 0.021003 0.478257 86.049408
0.468158 -0.056200 -0.881856 -63.842720 0.006211 0.998160 -0.060315 -3.624120 0.883623 0.022760 0.467646 86.624619
0.460970 -0.055431 -0.885683 -64.954063 0.004495 0.998180 -0.060132 -3.724886 0.887404 0.023738 0.460381 87.160027
0.454709 -0.053755 -0.889017 -66.107620 0.005990 0.998339 -0.057302 -3.878221 0.890620 0.020731 0.454275 87.679619
0.448043 -0.052553 -0.892466 -67.214180 0.006093 0.998427 -0.055734 -3.994532 0.893991 0.019534 0.447658 88.175522
0.442072 -0.051277 -0.895513 -68.327782 0.006329 0.998518 -0.054051 -4.089376 0.896957 0.018227 0.441742 88.698669
0.435894 -0.054639 -0.898338 -69.433167 0.006962 0.998330 -0.057343 -4.171423 0.899971 0.018741 0.435546 89.231789
0.429242 -0.058134 -0.901317 -70.567444 0.009619 0.998164 -0.059799 -4.238016 0.903138 0.016999 0.429013 89.794724
0.422800 -0.062155 -0.904089 -71.655624 0.012185 0.997945 -0.062910 -4.304740 0.906141 0.015582 0.422689 90.334358
0.417320 -0.066794 -0.906301 -72.764267 0.013135 0.997634 -0.067477 -4.382391 0.908665 0.016255 0.417210 90.856369
0.412982 -0.067994 -0.908198 -73.903481 0.016716 0.997607 -0.067087 -4.502422 0.910586 0.012524 0.413130 91.357681
0.408917 -0.063862 -0.910335 -75.040916 0.016840 0.997907 -0.062441 -4.665001 0.912416 0.010203 0.409136 91.832367
0.403410 -0.061355 -0.912960 -76.178246 0.020671 0.998106 -0.057943 -4.840143 0.914786 0.004504 0.403914 92.283127
0.401591 -0.059740 -0.913869 -77.319908 0.021414 0.998210 -0.055843 -4.972699 0.915569 0.002856 0.402151 92.762535
0.399109 -0.060853 -0.914882 -78.446747 0.025055 0.998146 -0.055461 -5.090107 0.916561 -0.000788 0.399894 93.258133
0.395335 -0.060949 -0.916513 -79.558884 0.027813 0.998133 -0.054380 -5.249566 0.918116 -0.003993 0.396292 93.667389
0.394424 -0.059136 -0.917024 -80.651924 0.028722 0.998233 -0.052020 -5.405199 0.918479 -0.005821 0.395426 94.111214
0.393344 -0.059480 -0.917465 -81.755493 0.027567 0.998219 -0.052896 -5.577618 0.918978 -0.004486 0.394283 94.574112
0.391566 -0.060324 -0.918171 -82.861702 0.029607 0.998158 -0.052952 -5.714107 0.919674 -0.006450 0.392631 95.019203
0.388791 -0.057756 -0.919514 -83.966415 0.030503 0.998293 -0.049806 -5.963274 0.920821 -0.008684 0.389889 95.462357
0.387628 -0.056580 -0.920078 -85.079895 0.032393 0.998334 -0.047745 -6.233106 0.921246 -0.011297 0.388815 95.843506
0.384234 -0.057147 -0.921465 -86.165604 0.035100 0.998265 -0.047274 -6.317449 0.922568 -0.014180 0.385573 96.288094
0.380244 -0.059666 -0.922960 -87.241676 0.038693 0.998070 -0.048580 -6.496303 0.924076 -0.017240 0.381819 96.704597
0.376981 -0.057124 -0.924458 -88.271004 0.037017 0.998228 -0.046588 -6.561304 0.925481 -0.016658 0.378428 97.153717
0.379502 -0.058460 -0.923342 -89.326958 0.036123 0.998177 -0.048352 -6.573087 0.924486 -0.015004 0.380922 97.633514
0.383919 -0.059055 -0.921476 -90.357208 0.035751 0.998155 -0.049073 -6.707801 0.922674 -0.014104 0.385322 98.037621
0.385474 -0.056731 -0.920973 -91.403000 0.033620 0.998309 -0.047423 -6.848196 0.922106 -0.012683 0.386729 98.434319
0.387051 -0.057423 -0.920269 -92.396935 0.033291 0.998278 -0.048289 -6.962790 0.921457 -0.011946 0.388296 98.827599
0.390778 -0.056837 -0.918729 -93.407745 0.032763 0.998318 -0.047825 -7.073594 0.919902 -0.011411 0.391983 99.239731
0.399281 -0.058804 -0.914941 -94.417435 0.034600 0.998197 -0.049056 -7.142955 0.916176 -0.012070 0.400595 99.662193
0.410215 -0.053768 -0.910403 -95.441940 0.031921 0.998495 -0.044588 -7.263836 0.911430 -0.010770 0.411314 100.075089
0.419257 -0.055041 -0.906198 -96.435066 0.032040 0.998436 -0.045820 -7.386207 0.907302 -0.009824 0.420365 100.460724
0.400860 -0.052877 -0.914612 -97.380089 0.028510 0.998569 -0.045236 -7.405794 0.915696 -0.007943 0.401794 100.887444
0.410937 -0.053517 -0.910092 -98.336586 0.026462 0.998555 -0.046771 -7.458430 0.911280 -0.004863 0.411759 101.271194
0.424913 -0.055486 -0.903532 -99.299744 0.022388 0.998459 -0.050787 -7.536766 0.904957 0.001352 0.425500 101.728554
0.436655 -0.056340 -0.897863 -100.196098 0.021018 0.998404 -0.052427 -7.577324 0.899383 0.004021 0.437143 102.186600
0.450158 -0.056372 -0.891168 -101.136147 0.020519 0.998395 -0.052790 -7.670106 0.892713 0.005478 0.450592 102.655121
0.469555 -0.053769 -0.881265 -102.079231 0.019466 0.998532 -0.050553 -7.872498 0.882689 0.006583 0.469912 103.062286
0.485897 -0.052686 -0.872427 -103.018600 0.020611 0.998595 -0.048826 -8.005009 0.873773 0.005743 0.486300 103.542572
0.497095 -0.050134 -0.866247 -103.944344 0.018629 0.998716 -0.047111 -8.222589 0.867496 0.007282 0.497391 103.979820
0.507128 -0.049641 -0.860440 -104.824615 0.017930 0.998731 -0.047052 -8.267536 0.861684 0.008434 0.507375 104.527069
0.516551 -0.051033 -0.854734 -105.652245 0.017169 0.998639 -0.049249 -8.313119 0.856084 0.010765 0.516724 105.030937
0.531049 -0.054324 -0.845598 -106.555054 0.019769 0.998465 -0.051729 -8.481183 0.847110 0.010754 0.531308 105.510483
0.543230 -0.054057 -0.837842 -107.386078 0.020414 0.998480 -0.051185 -8.559210 0.839336 0.010702 0.543508 106.037445
0.545824 -0.051674 -0.836305 -108.201843 0.018894 0.998602 -0.049370 -8.718562 0.837687 0.011146 0.546037 106.523254
0.557863 -0.048069 -0.828540 -109.051743 0.018430 0.998793 -0.045538 -8.915617 0.829729 0.010134 0.558075 107.005852
0.566171 -0.046204 -0.822992 -109.935684 0.016698 0.998866 -0.044590 -9.082626 0.824119 0.011503 0.566300 107.434692
0.576849 -0.046616 -0.815519 -110.697678 0.014550 0.998798 -0.046801 -9.138862 0.816721 0.015131 0.576834 107.966759
0.588724 -0.045640 -0.807044 -111.450409 0.012210 0.998793 -0.047577 -9.194861 0.808242 0.018156 0.588571 108.508202
0.600951 -0.045991 -0.797961 -112.214722 0.013410 0.998783 -0.047467 -9.266815 0.799173 0.017824 0.600836 109.068741
0.608834 -0.044869 -0.792028 -112.992966 0.013971 0.998851 -0.045846 -9.368203 0.793175 0.016848 0.608761 109.594521
0.616258 -0.044039 -0.786312 -113.774727 0.014652 0.998904 -0.044462 -9.483529 0.787408 0.015879 0.616228 110.122063
0.624455 -0.044189 -0.779810 -114.510269 0.016041 0.998913 -0.043759 -9.543360 0.780896 0.014817 0.624485 110.680885
0.632419 -0.043318 -0.773414 -115.247635 0.014791 0.998928 -0.043854 -9.626699 0.774485 0.016294 0.632382 111.235855
0.639917 -0.043313 -0.767222 -115.961731 0.015307 0.998931 -0.043627 -9.699276 0.768291 0.016174 0.639896 111.802505
0.648515 -0.040220 -0.760138 -116.703140 0.014797 0.999081 -0.040239 -9.815009 0.761058 0.014848 0.648514 112.311615
0.657199 -0.035646 -0.752874 -117.383858 0.012837 0.999265 -0.036107 -9.866242 0.753608 0.014065 0.657174 112.873238
0.665995 -0.033158 -0.745219 -118.046494 0.010546 0.999330 -0.035040 -9.916613 0.745882 0.015477 0.665898 113.438614
0.675663 -0.033811 -0.736435 -118.677513 0.010678 0.999292 -0.036082 -9.976027 0.737134 0.016516 0.675545 114.005577
0.685142 -0.032400 -0.727689 -119.344254 0.008809 0.999306 -0.036199 -10.038805 0.728356 0.018391 0.684952 114.554855
0.693935 -0.030567 -0.719389 -119.972778 0.009466 0.999399 -0.033334 -10.117132 0.719976 0.016322 0.693807 115.093323
0.703237 -0.026952 -0.710445 -120.586365 0.008523 0.999529 -0.029483 -10.172470 0.710904 0.014678 0.703135 115.627823
0.715249 -0.025104 -0.698419 -121.214287 0.007207 0.999566 -0.028548 -10.240438 0.698833 0.015386 0.715120 116.169365
0.726203 -0.024178 -0.687055 -121.806503 0.005612 0.999557 -0.029243 -10.289177 0.687458 0.017381 0.726016 116.717751
0.735809 -0.025666 -0.676703 -122.300186 0.005907 0.999487 -0.031486 -10.262154 0.677164 0.019170 0.735582 117.271187
0.746957 -0.025468 -0.664384 -122.892365 0.006500 0.999498 -0.031007 -10.321346 0.664841 0.018842 0.746748 117.820015
0.758207 -0.022996 -0.651608 -123.455475 0.004827 0.999548 -0.029659 -10.407902 0.651996 0.019342 0.757976 118.343300
0.769843 -0.021796 -0.637860 -124.052238 0.005334 0.999601 -0.027720 -10.507935 0.638210 0.017937 0.769653 118.873138
0.779952 -0.020901 -0.625491 -124.589035 0.005604 0.999635 -0.026414 -10.564066 0.625815 0.017096 0.779784 119.453987
0.790366 -0.018323 -0.612361 -125.134079 0.005465 0.999724 -0.022861 -10.645484 0.612611 0.014722 0.790248 120.049927
0.799035 -0.015813 -0.601077 -125.623741 0.004751 0.999789 -0.019987 -10.698795 0.601266 0.013115 0.798941 120.649834
0.807962 -0.014611 -0.589053 -126.097641 0.005773 0.999841 -0.016881 -10.714653 0.589206 0.010239 0.807918 121.260910
0.814863 -0.014105 -0.579482 -126.562576 0.005332 0.999844 -0.016838 -10.750950 0.579629 0.010631 0.814811 121.882408
0.822080 -0.013401 -0.569214 -127.031952 0.004817 0.999851 -0.016583 -10.778935 0.569351 0.010890 0.822022 122.525665
0.829756 -0.011498 -0.558008 -127.520393 0.003395 0.999873 -0.015555 -10.831575 0.558116 0.011012 0.829690 123.152252
0.836288 -0.011046 -0.548179 -127.970970 0.003386 0.999882 -0.014983 -10.860352 0.548280 0.010674 0.836227 123.807503
0.842071 -0.010680 -0.539261 -128.422928 0.003278 0.999887 -0.014684 -10.892967 0.539357 0.010597 0.842010 124.462753
0.847479 -0.011614 -0.530703 -128.881927 0.003632 0.999864 -0.016081 -10.926634 0.530817 0.011701 0.847405 125.155838
0.851872 -0.012326 -0.523605 -129.334503 0.003755 0.999841 -0.017429 -10.970891 0.523736 0.012881 0.851783 125.827370
0.856022 -0.011240 -0.516816 -129.782730 0.003447 0.999865 -0.016037 -11.019782 0.516927 0.011947 0.855946 126.518188
0.858339 -0.010137 -0.512983 -130.257187 0.004535 0.999916 -0.012170 -11.054282 0.513063 0.008119 0.858312 127.215820
0.861645 -0.007119 -0.507461 -130.728226 0.002657 0.999951 -0.009515 -11.100514 0.507504 0.006850 0.861622 127.906319
0.864853 -0.004155 -0.502009 -131.241776 0.000786 0.999976 -0.006923 -11.143972 0.502025 0.005592 0.864835 128.641953
0.866734 -0.000585 -0.498770 -131.698959 -0.001906 0.999988 -0.004484 -11.149259 0.498766 0.004837 0.866723 129.379303
0.870551 -0.000257 -0.492078 -132.190979 -0.001663 0.999993 -0.003463 -11.205866 0.492075 0.003833 0.870544 130.145920
0.873592 -0.000240 -0.486659 -132.645264 -0.000241 1.000000 -0.000926 -11.205877 0.486659 0.000926 0.873592 130.873978
0.878893 -0.002079 -0.477015 -133.123642 0.001972 0.999998 -0.000725 -11.222560 0.477015 -0.000304 0.878895 131.664322
0.882901 -0.001741 -0.469556 -133.575729 0.002363 0.999997 0.000736 -11.225976 0.469553 -0.001759 0.882902 132.454117
0.886732 -0.002389 -0.462279 -133.980728 0.003181 0.999995 0.000934 -11.203612 0.462274 -0.002299 0.886734 133.242508
0.890571 -0.004173 -0.454826 -134.284912 0.005021 0.999987 0.000657 -11.102224 0.454817 -0.002869 0.890580 134.051392
0.894961 -0.007533 -0.446080 -134.647964 0.007368 0.999971 -0.002105 -11.043602 0.446083 -0.001403 0.894990 134.885620
0.900305 -0.008506 -0.435177 -135.064667 0.007235 0.999963 -0.004576 -11.048654 0.435200 0.000971 0.900333 135.694946
0.906450 -0.006338 -0.422265 -135.470291 0.004705 0.999977 -0.004910 -11.037229 0.422286 0.002464 0.906459 136.562485
0.914033 -0.003837 -0.405622 -135.867172 0.002271 0.999988 -0.004342 -11.052255 0.405634 0.003048 0.914031 137.363052
0.921413 -0.000551 -0.388585 -136.289124 -0.000087 0.999999 -0.001624 -11.071110 0.388585 0.001531 0.921411 138.249725
0.929049 0.003580 -0.369938 -136.652283 -0.003735 0.999993 0.000295 -11.066832 0.369937 0.001108 0.929056 139.140991
0.937140 0.005345 -0.348912 -137.006439 -0.005195 0.999986 0.001365 -11.071164 0.348915 0.000533 0.937154 140.039795
0.944803 0.008516 -0.327530 -137.338699 -0.007693 0.999963 0.003808 -11.060403 0.327550 -0.001078 0.944833 140.991333
0.952754 0.009251 -0.303602 -137.703766 -0.007676 0.999950 0.006382 -11.076792 0.303646 -0.003750 0.952778 141.956223
0.958226 0.011396 -0.285785 -138.013443 -0.008911 0.999910 0.009995 -11.084925 0.285874 -0.007031 0.958242 142.940567
0.964462 0.012584 -0.263920 -138.325470 -0.009339 0.999865 0.013548 -11.103932 0.264055 -0.010602 0.964449 143.952850
0.970290 0.015736 -0.241431 -138.623840 -0.012056 0.999788 0.016716 -11.135201 0.241643 -0.013309 0.970274 144.976868
0.975787 0.017782 -0.217998 -138.868393 -0.014594 0.999762 0.016224 -11.126277 0.218235 -0.012650 0.975814 146.030396
0.980191 0.018402 -0.197198 -139.092850 -0.015777 0.999765 0.014878 -11.103369 0.197425 -0.011472 0.980251 147.081284
0.983962 0.016866 -0.177581 -139.284714 -0.014855 0.999810 0.012650 -11.081363 0.177760 -0.009809 0.984025 148.141159
0.987547 0.014297 -0.156676 -139.479156 -0.012252 0.999827 0.014014 -11.088547 0.156850 -0.011920 0.987551 149.256363
0.990569 0.016330 -0.136035 -139.688187 -0.014341 0.999776 0.015587 -11.127769 0.136259 -0.013490 0.990581 150.384857
0.993270 0.019333 -0.114198 -139.867645 -0.017518 0.999704 0.016871 -11.158618 0.114491 -0.014757 0.993315 151.519119
0.995500 0.020468 -0.092527 -139.976364 -0.018874 0.999658 0.018076 -11.139564 0.092865 -0.016248 0.995546 152.644501
0.997172 0.021435 -0.072024 -140.096390 -0.020198 0.999636 0.017865 -11.150375 0.072381 -0.016360 0.997243 153.784393
0.998441 0.022320 -0.051164 -140.171173 -0.021487 0.999628 0.016777 -11.125133 0.051520 -0.015651 0.998549 154.872772
0.999258 0.022396 -0.031324 -140.231201 -0.021920 0.999640 0.015480 -11.119592 0.031659 -0.014782 0.999389 155.983093
0.999658 0.023402 -0.011693 -140.261642 -0.023249 0.999645 0.013005 -11.098259 0.011993 -0.012729 0.999847 157.168564
0.999688 0.024061 0.006704 -140.286697 -0.024136 0.999645 0.011260 -11.079977 -0.006430 -0.011418 0.999914 158.338058
0.999360 0.024287 0.026255 -140.307480 -0.024545 0.999653 0.009567 -11.092916 -0.026013 -0.010205 0.999610 159.551086
0.998691 0.024640 0.044831 -140.194702 -0.024934 0.999671 0.006017 -11.028410 -0.044668 -0.007127 0.998976 160.720673
0.997594 0.026053 0.064253 -140.082657 -0.026132 0.999658 0.000379 -11.035069 -0.064221 -0.002057 0.997934 161.922760
0.996249 0.027333 0.082103 -139.871429 -0.026898 0.999618 -0.006398 -10.975968 -0.082247 0.004165 0.996603 163.026886
0.994808 0.027427 0.098004 -139.703156 -0.026426 0.999585 -0.011502 -10.963714 -0.098279 0.008852 0.995120 164.212082
0.992996 0.028355 0.114698 -139.499084 -0.026667 0.999513 -0.016227 -10.964771 -0.115102 0.013055 0.993268 165.388077
0.990836 0.030479 0.131589 -139.298340 -0.028168 0.999415 -0.019387 -10.966175 -0.132103 0.015503 0.991115 166.648621
0.988369 0.030591 0.148967 -139.111053 -0.028126 0.999431 -0.018627 -11.019627 -0.149452 0.014220 0.988667 167.924026
0.985630 0.029512 0.166321 -138.949463 -0.026567 0.999449 -0.019906 -11.078919 -0.166817 0.015201 0.985871 169.247818
0.982665 0.028801 0.183138 -138.585541 -0.024485 0.999368 -0.025787 -11.016665 -0.183765 0.020856 0.982749 170.456436
0.979334 0.028920 0.200172 -138.326782 -0.023395 0.999279 -0.029908 -11.033150 -0.200892 0.024606 0.979304 171.653595
0.975838 0.032130 0.216122 -138.078262 -0.025975 0.999174 -0.031261 -11.080894 -0.216948 0.024892 0.975866 172.955551
0.971150 0.033428 0.236117 -137.729706 -0.026858 0.999159 -0.030989 -11.124970 -0.236954 0.023753 0.971230 174.206696
0.966235 0.037179 0.254967 -137.423645 -0.029198 0.998960 -0.035015 -11.152230 -0.256004 0.026388 0.966316 175.459869
0.960910 0.038890 0.274117 -137.076233 -0.029373 0.998818 -0.038740 -11.190063 -0.275299 0.029173 0.960916 176.654724
0.955195 0.041478 0.293057 -136.705750 -0.030888 0.998695 -0.040672 -11.209802 -0.294362 0.029798 0.955230 177.847336
0.949943 0.040258 0.309819 -136.247406 -0.027536 0.998593 -0.045328 -11.241831 -0.311207 0.034528 0.949715 178.982620
0.942621 0.042268 0.331178 -135.801971 -0.027215 0.998380 -0.049960 -11.280705 -0.332753 0.038081 0.942245 180.153412
0.934328 0.045305 0.353523 -135.331528 -0.028094 0.998164 -0.053667 -11.293456 -0.355305 0.040211 0.933885 181.346573
0.924897 0.047948 0.377182 -134.833496 -0.029578 0.998084 -0.054349 -11.350485 -0.379065 0.039111 0.924543 182.593781
0.912683 0.053494 0.405152 -134.215866 -0.033185 0.997823 -0.056991 -11.302176 -0.407319 0.038570 0.912471 183.750748
0.901006 0.058180 0.429887 -133.590179 -0.035510 0.997532 -0.060578 -11.254643 -0.432351 0.039316 0.900848 184.910202
0.887934 0.062321 0.455729 -133.026047 -0.037434 0.997283 -0.063444 -11.314441 -0.458444 0.039274 0.887855 186.086899
0.874989 0.063097 0.480013 -132.376434 -0.035923 0.997199 -0.065599 -11.397861 -0.482808 0.040155 0.874805 187.355652
0.858567 0.064319 0.508651 -131.637924 -0.035169 0.997151 -0.066727 -11.455845 -0.511494 0.039401 0.858383 188.594666
0.844038 0.066558 0.532136 -131.021149 -0.033269 0.996856 -0.071914 -11.543267 -0.535250 0.042994 0.843599 189.825821
0.829008 0.069647 0.554883 -130.219925 -0.031170 0.996427 -0.078499 -11.543975 -0.558368 0.047780 0.828217 190.913742
0.813507 0.072823 0.576978 -129.490616 -0.031090 0.996156 -0.081895 -11.572550 -0.580724 0.048684 0.812644 192.005524
0.799339 0.074506 0.596243 -128.733475 -0.029342 0.995939 -0.085115 -11.696371 -0.600163 0.050541 0.798279 193.168961
0.785445 0.074963 0.614375 -127.897186 -0.027128 0.995854 -0.086828 -11.843554 -0.618336 0.051532 0.784222 194.347733
0.773641 0.074815 0.629192 -127.019379 -0.025267 0.995858 -0.087346 -11.958687 -0.633121 0.051676 0.772326 195.485321
0.760421 0.075002 0.645085 -126.098747 -0.022296 0.995738 -0.089489 -12.106762 -0.649048 0.053667 0.758852 196.654419
0.746955 0.077019 0.660399 -125.146370 -0.019332 0.995364 -0.094219 -12.224539 -0.664594 0.057610 0.744980 197.745667
0.733761 0.076856 0.675046 -124.150742 -0.014726 0.995147 -0.097293 -12.302600 -0.679248 0.061449 0.731332 198.739227
0.720854 0.078349 0.688645 -123.139175 -0.013718 0.995008 -0.098844 -12.369835 -0.692952 0.061805 0.718330 199.731522
0.706985 0.078482 0.702861 -122.165436 -0.011886 0.995002 -0.099147 -12.521330 -0.707129 0.061741 0.704384 200.860626
0.692153 0.079434 0.717367 -121.179146 -0.011949 0.995050 -0.098653 -12.678331 -0.721652 0.059711 0.689676 201.893845
0.676131 0.081811 0.732225 -120.207169 -0.014902 0.995131 -0.097425 -12.840044 -0.736631 0.054961 0.674058 202.931061
0.658882 0.083987 0.747543 -119.171135 -0.017802 0.995210 -0.096123 -13.025211 -0.752035 0.050026 0.657222 204.000320
0.641679 0.087040 0.762019 -118.067787 -0.021131 0.995169 -0.095877 -13.175840 -0.766682 0.045420 0.640418 204.982239
0.624968 0.089955 0.775450 -116.998489 -0.021197 0.994928 -0.098332 -13.340322 -0.780363 0.045017 0.623705 205.942764
0.606036 0.093497 0.789924 -115.883705 -0.022463 0.994684 -0.100499 -13.509107 -0.795120 0.043162 0.604914 206.789185
0.586836 0.093492 0.804290 -114.783875 -0.021773 0.994775 -0.099748 -13.733041 -0.809413 0.041024 0.585805 207.700241
0.568156 0.092649 0.817689 -113.669395 -0.021899 0.994992 -0.097522 -13.907269 -0.822629 0.037502 0.567340 208.551682
0.547792 0.091246 0.831624 -112.584282 -0.022725 0.995291 -0.094235 -14.137554 -0.836306 0.032723 0.547286 209.392395
0.528973 0.090556 0.843794 -111.510132 -0.022110 0.995424 -0.092968 -14.339080 -0.848351 0.030521 0.528554 210.170319
0.508571 0.090505 0.856250 -110.374710 -0.020816 0.995462 -0.092856 -14.521043 -0.860768 0.029400 0.508147 210.916473
0.487820 0.089373 0.868357 -109.285774 -0.019248 0.995605 -0.091656 -14.682998 -0.872732 0.027997 0.487396 211.608398
0.467573 0.089043 0.879458 -108.161369 -0.014422 0.995550 -0.093129 -14.849934 -0.883837 0.030861 0.466776 212.275986
0.450747 0.087980 0.888306 -107.076805 -0.009490 0.995547 -0.093786 -14.998424 -0.892601 0.033843 0.449575 212.890991
0.432570 0.087024 0.897391 -105.929672 -0.003704 0.995494 -0.094752 -15.146048 -0.901593 0.037663 0.430943 213.450104
0.413746 0.085831 0.906337 -104.841110 -0.004393 0.995722 -0.092290 -15.335805 -0.910382 0.034203 0.412353 214.027573
0.390445 0.086437 0.916560 -103.776566 -0.006902 0.995829 -0.090972 -15.465343 -0.920600 0.029193 0.389413 214.512787
0.368540 0.092356 0.925013 -102.680733 -0.006112 0.995272 -0.096935 -15.590604 -0.929592 0.030071 0.367362 214.964203
0.351107 0.101760 0.930789 -101.605576 -0.006665 0.994323 -0.106192 -15.635994 -0.936311 0.031081 0.349793 215.277344
0.331722 0.110673 0.936863 -100.500191 -0.010920 0.993479 -0.113494 -15.694427 -0.943314 0.027418 0.330767 215.585587
0.308190 0.114478 0.944412 -99.431984 -0.013805 0.993167 -0.115883 -15.797655 -0.951225 0.022677 0.307665 215.809250
0.288142 0.116258 0.950504 -98.380669 -0.018492 0.993093 -0.115862 -15.943024 -0.957409 0.015808 0.288302 216.137329
0.269639 0.115522 0.956007 -97.261513 -0.022656 0.993264 -0.113634 -16.086061 -0.962695 0.008981 0.270440 216.455093
0.251020 0.115042 0.961121 -96.107361 -0.024769 0.993351 -0.112431 -16.242588 -0.967665 0.004417 0.252200 216.770142
0.233515 0.113284 0.965732 -94.989571 -0.023877 0.993559 -0.110775 -16.441252 -0.972060 0.002809 0.234716 217.045654
0.216401 0.114083 0.969616 -93.860130 -0.025016 0.993471 -0.111307 -16.603014 -0.975984 -0.000169 0.217842 217.348892
0.198470 0.115720 0.973251 -92.747269 -0.025887 0.993278 -0.112822 -16.766777 -0.979765 -0.002803 0.200132 217.581192
0.181049 0.119393 0.976200 -91.668724 -0.028628 0.992823 -0.116116 -16.910469 -0.983057 -0.006924 0.183167 217.780762
0.160918 0.122574 0.979327 -90.580177 -0.026839 0.992435 -0.119805 -17.074907 -0.986603 -0.007005 0.162990 217.963150
0.145737 0.118328 0.982222 -89.475006 -0.025673 0.992940 -0.115810 -17.231836 -0.988990 -0.008339 0.147746 218.165985
0.130013 0.113588 0.984985 -88.391541 -0.024810 0.993478 -0.111292 -17.377806 -0.991202 -0.009968 0.131983 218.332703
0.114665 0.109858 0.987311 -87.278580 -0.024517 0.993877 -0.107742 -17.567804 -0.993102 -0.011851 0.116656 218.540604
0.103017 0.105354 0.989084 -86.225159 -0.021720 0.994376 -0.103655 -17.727804 -0.994442 -0.010805 0.104726 218.694763
0.092714 0.105583 0.990079 -85.144424 -0.020874 0.994349 -0.104084 -17.890730 -0.995474 -0.011017 0.094394 218.855774
0.083925 0.107264 0.990682 -84.099617 -0.021478 0.994153 -0.105820 -18.006521 -0.996241 -0.012397 0.085738 218.900192
0.079810 0.108953 0.990838 -83.059898 -0.023110 0.993944 -0.107433 -18.146038 -0.996542 -0.014324 0.081845 219.011429
0.071448 0.112013 0.991135 -82.023003 -0.023514 0.993587 -0.110595 -18.277721 -0.997167 -0.015404 0.073623 219.090393
0.065513 0.120273 0.990577 -80.983727 -0.021990 0.992642 -0.119069 -18.325863 -0.997609 -0.013983 0.067675 219.061874
0.060513 0.124058 0.990428 -80.006042 -0.024742 0.992128 -0.122759 -18.473423 -0.997861 -0.017076 0.063106 219.121475
0.055613 0.116168 0.991671 -78.981476 -0.022467 0.993103 -0.115076 -18.633961 -0.998200 -0.015880 0.057839 219.191635
0.052673 0.105795 0.992992 -77.952133 -0.022767 0.994241 -0.104721 -18.811897 -0.998352 -0.017091 0.054778 219.320374
0.052636 0.102513 0.993338 -76.932587 -0.020933 0.994612 -0.101535 -18.957172 -0.998394 -0.015450 0.054498 219.401093
0.052848 0.105614 0.993002 -75.927887 -0.022226 0.994270 -0.104566 -19.068569 -0.998355 -0.016545 0.054893 219.481888
0.053245 0.107891 0.992736 -74.951988 -0.020895 0.994049 -0.106913 -19.173534 -0.998363 -0.015051 0.055183 219.519058
0.054689 0.111827 0.992222 -73.965408 -0.025499 0.993541 -0.110570 -19.299992 -0.998178 -0.019254 0.057188 219.576309
0.056496 0.113591 0.991920 -73.015511 -0.028965 0.993275 -0.112096 -19.402220 -0.997983 -0.022398 0.059407 219.593521
0.058305 0.115427 0.991603 -72.028175 -0.030937 0.993025 -0.113773 -19.516022 -0.997819 -0.024044 0.061469 219.674545
0.060282 0.117006 0.991300 -71.105576 -0.031652 0.992831 -0.115262 -19.655441 -0.997679 -0.024428 0.063554 219.732849
0.063724 0.118691 0.990884 -70.137688 -0.033860 0.992588 -0.116718 -19.767326 -0.997393 -0.026113 0.067270 219.802292
0.069463 0.117814 0.990603 -69.191818 -0.035599 0.992662 -0.115562 -19.890568 -0.996949 -0.027237 0.073148 219.875595
0.076263 0.115949 0.990323 -68.248573 -0.034092 0.992938 -0.113629 -20.025764 -0.996505 -0.025096 0.079677 219.968750
0.082734 0.116224 0.989771 -67.310440 -0.032571 0.992961 -0.113876 -20.146950 -0.996039 -0.022817 0.085937 220.028091
0.089536 0.117518 0.989026 -66.382271 -0.032807 0.992824 -0.115000 -20.253870 -0.995443 -0.022150 0.092748 220.155731
0.094263 0.119590 0.988338 -65.475594 -0.034613 0.992552 -0.116798 -20.378214 -0.994945 -0.023199 0.097700 220.248978
0.098376 0.118261 0.988097 -64.546585 -0.035457 0.992700 -0.115282 -20.512140 -0.994517 -0.023694 0.101851 220.361649
0.105996 0.115582 0.987626 -63.629551 -0.035832 0.993020 -0.112368 -20.641945 -0.993721 -0.023478 0.109398 220.500900
0.111770 0.114515 0.987114 -62.692791 -0.034697 0.993182 -0.111291 -20.777273 -0.993128 -0.021811 0.114982 220.636261
0.118482 0.116324 0.986119 -61.769218 -0.036853 0.992945 -0.112702 -20.897978 -0.992272 -0.022988 0.121933 220.780350
0.125776 0.119116 0.984882 -60.868473 -0.034922 0.992682 -0.115600 -21.002771 -0.991444 -0.019854 0.129016 220.881226
0.133941 0.121666 0.983492 -59.952206 -0.033753 0.992419 -0.118174 -21.102133 -0.990414 -0.017367 0.137033 221.006241
0.138128 0.123472 0.982688 -59.035488 -0.035735 0.992174 -0.119641 -21.222736 -0.989770 -0.018591 0.141459 221.144745
0.145192 0.124010 0.981601 -58.133186 -0.037514 0.992091 -0.119786 -21.340923 -0.988692 -0.019432 0.148696 221.298126
0.150193 0.122650 0.981019 -57.232391 -0.036935 0.992279 -0.118402 -21.464003 -0.987966 -0.018451 0.153564 221.463364
0.156548 0.121326 0.980190 -56.320110 -0.038184 0.992428 -0.116743 -21.586367 -0.986932 -0.019151 0.159995 221.657944
0.159532 0.119222 0.979967 -55.400688 -0.038584 0.992675 -0.114487 -21.706343 -0.986439 -0.019547 0.162963 221.823914
