1.000000 0.000000 0.000000 0.000000 0.000000 1.000000 0.000000 0.000000 0.000000 0.000000 1.000000 0.000000
0.999029 -0.001137 0.044044 0.002061 0.001214 0.999998 -0.001708 -0.021135 -0.044042 0.001760 0.999028 0.959330
0.996009 -0.005297 0.089091 0.063082 0.005800 0.999969 -0.005384 -0.033378 -0.089060 0.005880 0.996009 1.939704
0.990894 -0.005523 0.134528 0.150644 0.006636 0.999947 -0.007830 -0.073711 -0.134477 0.008652 0.990879 2.923102
0.983635 -0.003934 0.180131 0.274686 0.005754 0.999938 -0.009584 -0.094159 -0.180082 0.010463 0.983596 3.901412
0.974108 -0.006065 0.226001 0.452891 0.008343 0.999924 -0.009127 -0.119422 -0.225928 0.010776 0.974084 4.883620
0.962409 -0.007499 0.271501 0.700310 0.010454 0.999901 -0.009441 -0.149805 -0.271403 0.011924 0.962392 5.917480
0.948777 -0.010664 0.315766 0.978531 0.015011 0.999823 -0.011336 -0.170299 -0.315590 0.015495 0.948769 6.908070
0.933660 -0.012510 0.357943 1.303064 0.017882 0.999772 -0.011700 -0.221228 -0.357715 0.017325 0.933670 7.843632
0.916319 -0.013010 0.400238 1.669068 0.019142 0.999753 -0.011326 -0.244162 -0.399992 0.018040 0.916341 8.776813
0.896984 -0.014126 0.441837 2.065593 0.020475 0.999744 -0.009602 -0.275840 -0.441589 0.017660 0.897044 9.670323
0.875527 -0.014404 0.482954 2.487168 0.020710 0.999756 -0.007727 -0.313556 -0.482725 0.016767 0.875612 10.545819
0.851768 -0.015022 0.523704 2.952663 0.021669 0.999744 -0.006568 -0.336206 -0.523471 0.016943 0.851875 11.387823
0.826629 -0.015704 0.562529 3.444281 0.022807 0.999724 -0.005605 -0.359163 -0.562285 0.017463 0.826759 12.220148
0.799730 -0.017830 0.600095 3.977656 0.025644 0.999661 -0.004474 -0.389255 -0.599811 0.018967 0.799917 13.013865
0.771264 -0.018208 0.636255 4.566804 0.026836 0.999632 -0.003923 -0.409220 -0.635949 0.020100 0.771469 13.801761
0.741191 -0.021489 0.670950 5.189893 0.031012 0.999516 -0.002246 -0.430465 -0.670577 0.022472 0.741499 14.545444
0.709423 -0.021528 0.704454 5.832464 0.030982 0.999520 -0.000656 -0.460096 -0.704101 0.022291 0.709749 15.249025
0.675609 -0.021649 0.736942 6.468256 0.032633 0.999467 -0.000555 -0.469607 -0.736537 0.024424 0.675956 15.911953
0.640463 -0.023212 0.767638 7.152997 0.036540 0.999332 -0.000269 -0.488775 -0.767119 0.028222 0.640883 16.543024
0.604319 -0.023197 0.796405 7.867389 0.036979 0.999316 0.001047 -0.513997 -0.795884 0.028817 0.604763 17.145657
0.566872 -0.023214 0.823479 8.617120 0.039544 0.999217 0.000946 -0.532327 -0.822856 0.032027 0.567346 17.726057
0.528511 -0.022698 0.848623 9.390218 0.043532 0.999052 -0.000390 -0.543977 -0.847810 0.037149 0.528998 18.243723
0.490008 -0.022798 0.871420 10.178507 0.045097 0.998982 0.000777 -0.560735 -0.870551 0.038918 0.490537 18.750044
0.452513 -0.025267 0.891400 11.005951 0.049130 0.998787 0.003370 -0.568389 -0.890403 0.042270 0.453206 19.211607
0.415547 -0.026394 0.909189 11.843031 0.052240 0.998621 0.005114 -0.588617 -0.908070 0.045371 0.416353 19.646704
0.380688 -0.025542 0.924351 12.669569 0.052955 0.998580 0.005784 -0.603740 -0.923186 0.046747 0.381500 20.030293
0.347178 -0.026575 0.937423 13.529668 0.053264 0.998544 0.008581 -0.612506 -0.936286 0.046952 0.348087 20.408213
0.314330 -0.028586 0.948883 14.440255 0.054968 0.998418 0.011870 -0.612476 -0.947721 0.048427 0.315404 20.731363
0.281722 -0.029295 0.959049 15.359817 0.055607 0.998352 0.014161 -0.624260 -0.957883 0.049340 0.282887 21.039709
0.249352 -0.027336 0.968027 16.318712 0.052375 0.998519 0.014706 -0.637180 -0.966995 0.047034 0.250415 21.344801
0.218316 -0.026352 0.975522 17.275373 0.052154 0.998522 0.015301 -0.622816 -0.974483 0.047537 0.219368 21.610432
0.187364 -0.026604 0.981930 18.254572 0.053286 0.998437 0.016883 -0.618733 -0.980844 0.049159 0.188489 21.830347
0.156493 -0.027664 0.987292 19.245363 0.054316 0.998336 0.019364 -0.617770 -0.986184 0.050595 0.157735 22.020313
0.125875 -0.028601 0.991634 20.257582 0.052883 0.998357 0.022082 -0.621096 -0.990636 0.049661 0.127181 22.194305
0.096578 -0.028955 0.994904 21.301394 0.052985 0.998309 0.023911 -0.602413 -0.993914 0.050406 0.097948 22.335375
0.069049 -0.029176 0.997187 22.373503 0.055146 0.998156 0.025386 -0.581567 -0.996088 0.053238 0.070531 22.434481
0.043828 -0.029132 0.998614 23.458197 0.058767 0.997919 0.026533 -0.564733 -0.997309 0.057523 0.045448 22.503353
0.021554 -0.029135 0.999343 24.521986 0.062715 0.997646 0.027732 -0.543203 -0.997799 0.062076 0.023331 22.535748
0.001541 -0.029920 0.999551 25.628500 0.067593 0.997269 0.029747 -0.524931 -0.997712 0.067516 0.003559 22.539507
-0.015931 -0.030832 0.999398 26.751551 0.071181 0.996953 0.031891 -0.502632 -0.997336 0.071646 -0.013688 22.520906
-0.031436 -0.031129 0.999021 27.884748 0.073610 0.996729 0.033374 -0.481472 -0.996792 0.074587 -0.029041 22.493719
-0.045712 -0.032024 0.998441 29.029823 0.075406 0.996524 0.035415 -0.461883 -0.996105 0.076908 -0.043138 22.450306
-0.059058 -0.033178 0.997703 30.169725 0.075284 0.996453 0.037593 -0.439817 -0.995412 0.077331 -0.056351 22.402445
-0.071233 -0.032997 0.996914 31.321182 0.074993 0.996447 0.038340 -0.414815 -0.994637 0.077492 -0.068506 22.333611
-0.081957 -0.030330 0.996174 32.480049 0.075007 0.996514 0.036512 -0.381734 -0.993809 0.077712 -0.079396 22.246227
-0.091765 -0.027119 0.995411 33.665653 0.075506 0.996562 0.034111 -0.351757 -0.992914 0.078290 -0.089402 22.146000
-0.100832 -0.025124 0.994586 34.872837 0.075880 0.996575 0.032867 -0.320519 -0.992006 0.078784 -0.098580 22.043753
-0.108350 -0.024317 0.993815 36.104008 0.075266 0.996631 0.032591 -0.290015 -0.991259 0.078332 -0.106155 21.919992
-0.113877 -0.023885 0.993208 37.366032 0.074838 0.996664 0.032549 -0.253954 -0.990672 0.078036 -0.111709 21.786911
-0.118963 -0.022937 0.992634 38.647568 0.075130 0.996659 0.032034 -0.218039 -0.990052 0.078388 -0.116842 21.637402
-0.123091 -0.021488 0.992163 39.941994 0.074248 0.996764 0.030799 -0.184511 -0.989614 0.077457 -0.121097 21.486013
-0.126755 -0.021025 0.991711 41.265621 0.074398 0.996758 0.030641 -0.155082 -0.989140 0.077665 -0.124780 21.323076
-0.130096 -0.021831 0.991261 42.619091 0.073765 0.996774 0.031634 -0.123486 -0.988754 0.077235 -0.128066 21.160236
-0.132072 -0.024073 0.990948 43.989983 0.074032 0.996673 0.034079 -0.084428 -0.988472 0.077862 -0.129850 20.973139
-0.134194 -0.024742 0.990646 45.376198 0.074181 0.996633 0.034940 -0.044252 -0.988175 0.078175 -0.131907 20.785620
-0.136217 -0.024422 0.990378 46.752171 0.075678 0.996518 0.034982 -0.005533 -0.987784 0.079715 -0.133894 20.595331
-0.137319 -0.024082 0.990234 48.149204 0.075999 0.996501 0.034773 0.039154 -0.987607 0.080032 -0.135008 20.411806
-0.138116 -0.023489 0.990137 49.592377 0.076802 0.996454 0.034352 0.078053 -0.987434 0.080789 -0.135822 20.211784
-0.138230 -0.022868 0.990136 51.060905 0.076402 0.996508 0.033682 0.122698 -0.987449 0.080304 -0.136000 20.013060
-0.137606 -0.022008 0.990242 52.532803 0.075801 0.996587 0.032682 0.157989 -0.987582 0.079559 -0.135469 19.814127
