1.000000 0.000000 0.000000 0.000000 0.000000 1.000000 0.000000 0.000000 0.000000 0.000000 1.000000 0.000000
0.999756 0.000509 0.022065 -0.036462 -0.000488 0.999999 -0.000922 0.010289 -0.022065 0.000911 0.999756 0.236515
0.998422 -0.002854 0.056087 -0.072147 0.003077 0.999988 -0.003894 0.013598 -0.056075 0.004060 0.998418 0.809941
0.995202 -0.002760 0.097806 -0.086950 0.003393 0.999974 -0.006309 -0.020148 -0.097786 0.006611 0.995185 1.651002
0.989721 -0.001187 0.143006 -0.018355 0.002377 0.999964 -0.008152 -0.037859 -0.142991 0.008408 0.989688 2.593370
0.982093 -0.003241 0.188370 0.121008 0.004822 0.999957 -0.007933 -0.060805 -0.188336 0.008699 0.982066 3.555578
0.972151 -0.004727 0.234306 0.295541 0.006826 0.999943 -0.008146 -0.089534 -0.234254 0.009519 0.972129 4.499622
0.960357 -0.008013 0.278657 0.521069 0.011269 0.999886 -0.010085 -0.108208 -0.278544 0.012826 0.960338 5.471632
0.946922 -0.009907 0.321310 0.783170 0.014022 0.999847 -0.010496 -0.158895 -0.321157 0.014445 0.946916 6.400439
0.931404 -0.010411 0.363838 1.080749 0.015150 0.999834 -0.010172 -0.179952 -0.363672 0.014986 0.931407 7.311143
0.913785 -0.011512 0.406035 1.429384 0.016413 0.999828 -0.008589 -0.211103 -0.405867 0.014513 0.913817 8.213135
0.894089 -0.011867 0.447732 1.799911 0.016689 0.999837 -0.006826 -0.248725 -0.447579 0.013575 0.894142 9.102582
0.872102 -0.012488 0.489165 2.217261 0.017601 0.999828 -0.005856 -0.271163 -0.489008 0.013717 0.872172 9.963015
0.848657 -0.013195 0.528779 2.668339 0.018703 0.999812 -0.005069 -0.293909 -0.528613 0.014191 0.848745 10.804238
0.823435 -0.015415 0.567202 3.161200 0.021574 0.999759 -0.004148 -0.324467 -0.567001 0.015652 0.823568 11.612742
0.796406 -0.015931 0.604553 3.676780 0.022743 0.999735 -0.003615 -0.343854 -0.604335 0.016628 0.796557 12.391165
0.768082 -0.019230 0.640063 4.242325 0.026803 0.999638 -0.002130 -0.366302 -0.639790 0.018791 0.768320 13.146576
0.737872 -0.019295 0.674664 4.841731 0.026789 0.999641 -0.000711 -0.396421 -0.674408 0.018598 0.738124 13.867490
0.705796 -0.019563 0.708145 5.443512 0.028463 0.999595 -0.000755 -0.406172 -0.707843 0.020689 0.706066 14.549724
0.672175 -0.021347 0.740084 6.100236 0.032352 0.999476 -0.000554 -0.426567 -0.739685 0.024316 0.672514 15.213237
0.637295 -0.021394 0.770323 6.774886 0.032917 0.999458 0.000525 -0.453245 -0.769917 0.025022 0.637654 15.843694
0.601304 -0.021530 0.798730 7.479200 0.035485 0.999370 0.000224 -0.472352 -0.798232 0.028209 0.601690 16.440269
0.564133 -0.021253 0.825410 8.208643 0.039509 0.999218 -0.001275 -0.484906 -0.824738 0.033331 0.564532 16.981503
0.526809 -0.021404 0.849714 8.963189 0.041090 0.999155 -0.000307 -0.502150 -0.848990 0.035077 0.527243 17.511761
0.490131 -0.024030 0.871318 9.771278 0.045170 0.998977 0.002141 -0.510693 -0.870478 0.038308 0.490715 18.003752
0.454324 -0.025398 0.890475 10.602332 0.048273 0.998827 0.003859 -0.531555 -0.889528 0.041233 0.455017 18.467249
0.419634 -0.024678 0.907358 11.443807 0.049059 0.998786 0.004476 -0.547521 -0.906367 0.042636 0.420335 18.891607
0.386842 -0.025730 0.921787 12.293731 0.049422 0.998752 0.007138 -0.557940 -0.920821 0.042795 0.387631 19.304342
0.354731 -0.027890 0.934552 13.178841 0.051215 0.998634 0.010363 -0.560829 -0.933565 0.044187 0.355675 19.668827
0.322931 -0.028586 0.945991 14.085793 0.051887 0.998575 0.012463 -0.574472 -0.944999 0.045060 0.323954 20.014784
0.291603 -0.026711 0.956166 15.009562 0.048763 0.998725 0.013028 -0.589111 -0.955296 0.042827 0.292534 20.350018
0.261406 -0.025567 0.964890 15.928908 0.048551 0.998732 0.013310 -0.575675 -0.964007 0.043367 0.262316 20.646330
0.230820 -0.026046 0.972648 16.883053 0.049788 0.998648 0.014927 -0.574483 -0.971722 0.044981 0.231805 20.906183
0.200231 -0.027371 0.979366 17.849041 0.051000 0.998546 0.017480 -0.577029 -0.978420 0.046447 0.201336 21.137728
0.170190 -0.028160 0.985009 18.837696 0.049560 0.998571 0.019985 -0.583185 -0.984164 0.045416 0.171342 21.359865
0.141189 -0.028640 0.989568 19.862761 0.049771 0.998523 0.021798 -0.567868 -0.988731 0.046175 0.142406 21.551311
0.114144 -0.029029 0.993040 20.908403 0.051980 0.998378 0.023211 -0.548559 -0.992103 0.048969 0.115467 21.693111
0.089264 -0.029267 0.995578 21.973198 0.055745 0.998148 0.024345 -0.535172 -0.994447 0.053325 0.090730 21.808762
0.066953 -0.029537 0.997319 23.042116 0.059767 0.997886 0.025542 -0.516358 -0.995964 0.057896 0.068577 21.887133
0.046637 -0.030750 0.998438 24.150839 0.064667 0.997522 0.027702 -0.502086 -0.996817 0.063274 0.048510 21.942017
0.028904 -0.031912 0.999073 25.265429 0.068318 0.997216 0.029876 -0.483267 -0.997245 0.067391 0.031003 21.980677
0.013357 -0.032443 0.999384 26.375792 0.070907 0.996988 0.031418 -0.466273 -0.997393 0.070444 0.015617 22.011549
-0.000633 -0.033408 0.999442 27.508982 0.072755 0.996792 0.033365 -0.450176 -0.997350 0.072736 0.001800 22.024658
-0.014034 -0.034554 0.999304 28.655870 0.072751 0.996719 0.035486 -0.431531 -0.997251 0.073198 -0.011475 22.033968
-0.026035 -0.034489 0.999066 29.793373 0.072616 0.996699 0.036299 -0.411188 -0.997020 0.073493 -0.023445 22.023664
-0.036798 -0.031814 0.998816 30.938456 0.072701 0.996759 0.034427 -0.382267 -0.996675 0.073882 -0.034366 21.996384
-0.046679 -0.028688 0.998498 32.105640 0.073258 0.996797 0.032063 -0.357465 -0.996220 0.074645 -0.044428 21.961039
-0.055572 -0.026750 0.998096 33.295403 0.073714 0.996803 0.030819 -0.331195 -0.995730 0.075286 -0.053422 21.917257
-0.063072 -0.026000 0.997670 34.513996 0.073238 0.996845 0.030608 -0.304868 -0.995318 0.074998 -0.060969 21.856207
-0.068726 -0.025574 0.997308 35.766659 0.072879 0.996872 0.030585 -0.272446 -0.994970 0.074784 -0.066648 21.792593
-0.073851 -0.024664 0.996964 37.035912 0.073347 0.996852 0.030094 -0.242215 -0.994568 0.075347 -0.071810 21.709007
-0.078022 -0.023268 0.996680 38.317520 0.072689 0.996934 0.028964 -0.213340 -0.994298 0.074707 -0.076091 21.627468
-0.081501 -0.022797 0.996413 39.625332 0.072772 0.996934 0.028761 -0.186345 -0.994013 0.074855 -0.079592 21.535948
-0.084702 -0.023616 0.996126 40.963352 0.072223 0.996944 0.029776 -0.159471 -0.993785 0.074465 -0.082737 21.445786
-0.086992 -0.025947 0.995871 42.325336 0.072597 0.996838 0.032314 -0.124589 -0.993560 0.075109 -0.084834 21.342009
-0.089280 -0.026665 0.995650 43.702450 0.072903 0.996785 0.033233 -0.089098 -0.993335 0.075553 -0.087049 21.232573
-0.091154 -0.026417 0.995486 45.081646 0.074397 0.996674 0.033261 -0.053249 -0.993054 0.077093 -0.088885 21.103821
-0.092286 -0.026094 0.995391 46.486172 0.074891 0.996643 0.033070 -0.012587 -0.992912 0.077598 -0.090022 20.982178
-0.093096 -0.025554 0.995329 47.936188 0.075844 0.996584 0.032680 0.021961 -0.992764 0.078532 -0.090840 20.853418
-0.093247 -0.024950 0.995330 49.406193 0.075630 0.996620 0.032068 0.062777 -0.992766 0.078267 -0.091045 20.724943
-0.092813 -0.024081 0.995392 50.885502 0.074967 0.996701 0.031103 0.094547 -0.992857 0.077508 -0.090702 20.598663
-0.091381 -0.024078 0.995525 52.381191 0.074680 0.996727 0.030962 0.129410 -0.993012 0.077175 -0.089284 20.474686
-0.089687 -0.024496 0.995669 53.911186 0.074021 0.996769 0.031190 0.164264 -0.993216 0.076498 -0.087584 20.351086
-0.088309 -0.023881 0.995807 55.472939 0.074525 0.996752 0.030513 0.198845 -0.993301 0.076907 -0.086243 20.225580
-0.086737 -0.023148 0.995962 57.041882 0.074503 0.996780 0.029656 0.233687 -0.993441 0.076775 -0.084733 20.088625
-0.085296 -0.022478 0.996102 58.639210 0.074823 0.996778 0.028901 0.265827 -0.993542 0.076997 -0.083340 19.953283
-0.083633 -0.022698 0.996238 60.270691 0.074308 0.996815 0.028949 0.300027 -0.993722 0.076450 -0.081680 19.820902
-0.081835 -0.024225 0.996351 61.929928 0.074637 0.996748 0.030365 0.335598 -0.993847 0.076850 -0.079761 19.682945
-0.079969 -0.025826 0.996463 63.605106 0.076169 0.996583 0.031942 0.377437 -0.993883 0.078454 -0.077729 19.550365
-0.078274 -0.024976 0.996619 65.281868 0.077916 0.996475 0.031092 0.413182 -0.993882 0.080087 -0.076052 19.415775
-0.075730 -0.024127 0.996836 66.962685 0.078690 0.996445 0.030095 0.442290 -0.994019 0.080720 -0.073562 19.284372
-0.073912 -0.024209 0.996971 68.679337 0.077506 0.996542 0.029945 0.473008 -0.994248 0.079485 -0.071780 19.169977
-0.072297 -0.024875 0.997073 70.414078 0.076744 0.996586 0.030428 0.502630 -0.994426 0.078719 -0.070141 19.042654
-0.070947 -0.025376 0.997157 72.168510 0.076081 0.996627 0.030775 0.545774 -0.994574 0.078048 -0.068777 18.923725
-0.069648 -0.025336 0.997250 73.952126 0.077271 0.996537 0.030714 0.585905 -0.994574 0.079198 -0.067449 18.795158
-0.069173 -0.025323 0.997283 75.720764 0.078586 0.996433 0.030753 0.625355 -0.994505 0.080500 -0.066936 18.663628
-0.068597 -0.024672 0.997339 77.495750 0.078789 0.996438 0.030069 0.657591 -0.994528 0.080642 -0.066409 18.545202
-0.068485 -0.023886 0.997366 79.295815 0.078167 0.996512 0.029233 0.693187 -0.994585 0.079963 -0.066379 18.419369
-0.069564 -0.023208 0.997307 81.092972 0.078226 0.996524 0.028646 0.722960 -0.994506 0.080008 -0.067507 18.305931
-0.070234 -0.022830 0.997269 82.902679 0.077463 0.996594 0.028270 0.751575 -0.994518 0.079237 -0.068226 18.186979
-0.070925 -0.023357 0.997208 84.726822 0.076780 0.996632 0.028804 0.783811 -0.994522 0.078609 -0.068893 18.079119
-0.071428 -0.023814 0.997161 86.581932 0.076678 0.996625 0.029294 0.814137 -0.994494 0.078553 -0.069361 17.966213
-0.071881 -0.024457 0.997113 88.442841 0.074681 0.996761 0.029833 0.851933 -0.994613 0.076610 -0.069822 17.855881
-0.073123 -0.023759 0.997040 90.316582 0.073989 0.996832 0.029180 0.887186 -0.994575 0.075904 -0.071134 17.727997
-0.074877 -0.022879 0.996930 92.193344 0.072940 0.996933 0.028357 0.925462 -0.994522 0.074839 -0.072979 17.598907
-0.077855 -0.022332 0.996715 94.081627 0.073039 0.996935 0.028042 0.959985 -0.994286 0.074983 -0.075985 17.472523
-0.081835 -0.022765 0.996386 95.998047 0.071169 0.997053 0.028625 0.987768 -0.994102 0.073255 -0.079974 17.334602
-0.085915 -0.023560 0.996024 97.922813 0.068963 0.997182 0.029536 1.023593 -0.993913 0.071226 -0.084048 17.186455
-0.090499 -0.022901 0.995633 99.851791 0.068127 0.997251 0.029130 1.052806 -0.993564 0.070466 -0.088690 17.037207
-0.094924 -0.021762 0.995247 101.782066 0.068148 0.997274 0.028307 1.081493 -0.993149 0.070511 -0.093182 16.869471
-0.099277 -0.020357 0.994852 103.716003 0.068074 0.997309 0.027200 1.106819 -0.992729 0.070424 -0.097624 16.691011
-0.103448 -0.019893 0.994436 105.683563 0.067369 0.997364 0.026960 1.133395 -0.992351 0.069783 -0.101835 16.520256
-0.107829 -0.020587 0.993956 107.689720 0.065533 0.997464 0.027769 1.154494 -0.992007 0.068131 -0.106207 16.343342
-0.112421 -0.020963 0.993440 109.697037 0.063481 0.997584 0.028234 1.188220 -0.991631 0.066238 -0.110818 16.165457
-0.117342 -0.021680 0.992855 111.697258 0.063424 0.997557 0.029279 1.215664 -0.991064 0.066406 -0.115680 15.955410
-0.123173 -0.021900 0.992144 113.702446 0.064049 0.997497 0.029970 1.249258 -0.990316 0.067237 -0.121462 15.732436
-0.129099 -0.020737 0.991415 115.706284 0.065149 0.997444 0.029346 1.276098 -0.989489 0.068378 -0.127418 15.490056
-0.134477 -0.020036 0.990714 117.709122 0.064654 0.997488 0.028949 1.307992 -0.988805 0.067947 -0.132844 15.243717
-0.140640 -0.020281 0.989853 119.739410 0.066004 0.997374 0.029813 1.333157 -0.987858 0.069527 -0.138932 14.992049
-0.146156 -0.020550 0.989048 121.766747 0.066148 0.997344 0.030497 1.360937 -0.987048 0.069880 -0.144409 14.732016
-0.151217 -0.019943 0.988299 123.809929 0.066038 0.997359 0.030230 1.396804 -0.986292 0.069836 -0.149501 14.442128
-0.155638 -0.019925 0.987613 125.869957 0.064926 0.997428 0.030354 1.430678 -0.985678 0.068846 -0.153944 14.145097
-0.160058 -0.020321 0.986898 127.928200 0.066328 0.997307 0.031293 1.471151 -0.984877 0.070467 -0.158280 13.825551
-0.163865 -0.020949 0.986260 129.983643 0.068431 0.997125 0.032549 1.507634 -0.984106 0.072824 -0.161960 13.492085
-0.167842 -0.020310 0.985605 132.046356 0.069759 0.997037 0.032425 1.545729 -0.983343 0.074197 -0.165928 13.155616
-0.171824 -0.020025 0.984924 134.125183 0.069627 0.997046 0.032418 1.586270 -0.982664 0.074148 -0.169922 12.808827
-0.174613 -0.020376 0.984426 136.202866 0.068780 0.997091 0.032838 1.625052 -0.982232 0.073443 -0.172703 12.460245
-0.178103 -0.020135 0.983806 138.301910 0.067753 0.997167 0.032674 1.659717 -0.981677 0.072475 -0.176234 12.105251
-0.181122 -0.020106 0.983255 140.388916 0.066056 0.997284 0.032561 1.698031 -0.981240 0.070848 -0.179302 11.736938
-0.185070 -0.020138 0.982519 142.489944 0.065598 0.997307 0.032798 1.739746 -0.980534 0.070521 -0.183250 11.366482
-0.189921 -0.019692 0.981602 144.571915 0.065783 0.997297 0.032734 1.774579 -0.979593 0.070790 -0.188112 10.997115
-0.194499 -0.019143 0.980716 146.673447 0.065733 0.997308 0.032504 1.812268 -0.978698 0.070788 -0.192717 10.611251
-0.198535 -0.018995 0.979910 148.783615 0.065616 0.997311 0.032626 1.847034 -0.977895 0.070775 -0.196755 10.209118
-0.203143 -0.019287 0.978959 150.879822 0.065341 0.997310 0.033207 1.889302 -0.976967 0.070712 -0.201336 9.822110
-0.207336 -0.019005 0.978085 152.989456 0.065856 0.997272 0.033338 1.931733 -0.976051 0.071325 -0.205518 9.402637
-0.210695 -0.018724 0.977373 155.115387 0.066830 0.997201 0.033510 1.968503 -0.975265 0.072379 -0.208854 8.969947
-0.215010 -0.018229 0.976442 157.246170 0.067237 0.997177 0.033421 2.011863 -0.974294 0.072839 -0.213178 8.520555
-0.218633 -0.016759 0.975663 159.393341 0.067724 0.997181 0.032304 2.049922 -0.973454 0.073138 -0.216882 8.067238
-0.221728 -0.016243 0.974973 161.559723 0.067608 0.997199 0.031989 2.089502 -0.972762 0.073009 -0.220009 7.607191
-0.225100 -0.015719 0.974209 163.732651 0.067271 0.997233 0.031634 2.125287 -0.972010 0.072657 -0.223420 7.139631
-0.228444 -0.015873 0.973428 165.893433 0.067265 0.997220 0.032047 2.164967 -0.971231 0.072799 -0.226741 6.662266
-0.232256 -0.015744 0.972527 168.083939 0.067100 0.997227 0.032169 2.202081 -0.970337 0.072728 -0.230556 6.174058
-0.236188 -0.015645 0.971582 170.277008 0.068467 0.997117 0.032700 2.243691 -0.969292 0.074244 -0.234436 5.676510
-0.239619 -0.015445 0.970744 172.472168 0.070675 0.996943 0.033307 2.283976 -0.968291 0.076588 -0.237795 5.172512
-0.242270 -0.015877 0.970079 174.680527 0.071071 0.996889 0.034065 2.324440 -0.967602 0.077197 -0.240388 4.656831
-0.244828 -0.016672 0.969423 176.893784 0.070835 0.996873 0.035034 2.362010 -0.966976 0.077247 -0.242881 4.134908
-0.247090 -0.016307 0.968855 179.103363 0.069716 0.996968 0.034560 2.403127 -0.966481 0.076084 -0.245204 3.618621
-0.249928 -0.014712 0.968153 181.315491 0.069072 0.997066 0.032982 2.446918 -0.965798 0.075115 -0.248179 3.080128
-0.252537 -0.013738 0.967490 183.540985 0.068613 0.997128 0.032068 2.479283 -0.965151 0.074481 -0.250869 2.540424
-0.254859 -0.012960 0.966891 185.765472 0.067494 0.997233 0.031157 2.521097 -0.964620 0.073200 -0.253279 1.996487
-0.258033 -0.012020 0.966061 188.007401 0.066582 0.997324 0.030193 2.557479 -0.963839 0.072113 -0.256542 1.445809
-0.261285 -0.011728 0.965190 190.265106 0.067202 0.997279 0.030310 2.593612 -0.962919 0.072783 -0.259786 0.874740
-0.264640 -0.012280 0.964269 192.525818 0.067303 0.997246 0.031171 2.630239 -0.961996 0.073147 -0.263085 0.297298
-0.268147 -0.013035 0.963290 194.787262 0.067080 0.997229 0.032167 2.669102 -0.961040 0.073243 -0.266530 -0.296608
-0.271460 -0.013456 0.962356 197.053253 0.067078 0.997206 0.032864 2.707716 -0.960109 0.073474 -0.269799 -0.909481
-0.274803 -0.013242 0.961409 199.311432 0.066554 0.997245 0.032759 2.745358 -0.959194 0.072988 -0.273165 -1.523605
-0.278221 -0.012551 0.960435 201.568466 0.066126 0.997292 0.032189 2.786202 -0.958238 0.072466 -0.276637 -2.136960
-0.281117 -0.012313 0.959594 203.842667 0.066079 0.997296 0.032155 2.823550 -0.957396 0.072448 -0.279544 -2.766860
-0.283399 -0.011713 0.958931 206.102051 0.067485 0.997203 0.032125 2.856730 -0.956625 0.073818 -0.281816 -3.413713
-0.286102 -0.011998 0.958124 208.363235 0.069149 0.997056 0.033134 2.898169 -0.955701 0.075733 -0.284431 -4.068681
-0.288294 -0.012558 0.957460 210.622711 0.070856 0.996893 0.034410 2.938800 -0.954917 0.077761 -0.286508 -4.719698
-0.290384 -0.012141 0.956833 212.890076 0.072047 0.996804 0.034514 2.980613 -0.954194 0.078959 -0.288581 -5.383942
-0.293136 -0.011801 0.955998 215.158066 0.071963 0.996815 0.034370 3.012804 -0.953359 0.078872 -0.291353 -6.053182
-0.295455 -0.011436 0.955288 217.430511 0.072154 0.996805 0.034249 3.053942 -0.952628 0.079047 -0.293686 -6.748441
-0.297828 -0.010887 0.954557 219.719177 0.071917 0.996837 0.033808 3.092393 -0.951907 0.078718 -0.296103 -7.437398
-0.300638 -0.009948 0.953687 221.987686 0.071907 0.996863 0.033066 3.128067 -0.951024 0.078518 -0.298979 -8.124326
-0.303108 -0.009714 0.952907 224.268372 0.070624 0.996969 0.032628 3.161444 -0.950336 0.077188 -0.301503 -8.804060
-0.305085 -0.009270 0.952280 226.539276 0.071030 0.996946 0.032461 3.197967 -0.949673 0.077544 -0.303494 -9.513762
-0.307993 -0.009849 0.951338 228.833725 0.072579 0.996789 0.033817 3.230881 -0.948616 0.079463 -0.306289 -10.234091
-0.310479 -0.011190 0.950514 231.102371 0.072879 0.996707 0.035539 3.269298 -0.947782 0.080306 -0.308641 -10.948189
-0.312934 -0.011830 0.949701 233.390121 0.072115 0.996740 0.036179 3.312506 -0.947033 0.079810 -0.311061 -11.666549
-0.315452 -0.011820 0.948868 235.688217 0.071029 0.996823 0.036032 3.351547 -0.946280 0.078764 -0.313610 -12.398398
-0.317472 -0.012348 0.948187 237.985687 0.069659 0.996910 0.036305 3.397362 -0.945706 0.077576 -0.315631 -13.140648
-0.320385 -0.013144 0.947196 240.277267 0.068505 0.996964 0.037007 3.444320 -0.944807 0.076744 -0.318512 -13.872763
-0.323951 -0.013195 0.945982 242.544418 0.067911 0.996999 0.037162 3.489276 -0.943633 0.076282 -0.322083 -14.622202
-0.326743 -0.013902 0.945011 244.847992 0.066949 0.997039 0.037816 3.538589 -0.942739 0.075624 -0.324845 -15.372395
-0.330559 -0.014357 0.943676 247.147858 0.066280 0.997062 0.038386 3.583525 -0.941455 0.075236 -0.328636 -16.120741
-0.334055 -0.014583 0.942441 249.416107 0.065364 0.997115 0.038598 3.636127 -0.940285 0.074495 -0.332138 -16.881163
-0.337650 -0.014338 0.941162 251.689804 0.065177 0.997128 0.038573 3.685555 -0.939012 0.074366 -0.335746 -17.656031
-0.341008 -0.014341 0.939951 253.965805 0.065861 0.997062 0.039106 3.731454 -0.937750 0.075242 -0.339062 -18.451300
-0.344626 -0.014543 0.938627 256.228577 0.065756 0.997050 0.039591 3.778969 -0.936434 0.075365 -0.342653 -19.234646
-0.348098 -0.014402 0.937348 258.506042 0.064922 0.997111 0.039430 3.829770 -0.935207 0.074580 -0.346157 -20.042994
-0.351746 -0.014387 0.935985 260.768982 0.065144 0.997082 0.039807 3.891871 -0.933826 0.074976 -0.349782 -20.851324
-0.355310 -0.014070 0.934643 263.039764 0.065760 0.997033 0.040008 3.952028 -0.932433 0.075677 -0.353330 -21.667585
-0.358891 -0.013326 0.933284 265.287170 0.066975 0.996953 0.039990 4.005448 -0.930973 0.076859 -0.356905 -22.506577
-0.363152 -0.012172 0.931650 267.518188 0.068704 0.996843 0.039804 4.061740 -0.929193 0.078463 -0.361169 -23.345287
-0.366775 -0.011774 0.930235 269.765381 0.069690 0.996763 0.040094 4.120373 -0.927696 0.079533 -0.364767 -24.205177
-0.370382 -0.010551 0.928820 272.014130 0.071112 0.996679 0.039679 4.182892 -0.926153 0.080747 -0.368402 -25.084528
-0.374099 -0.008952 0.927345 274.248566 0.072974 0.996569 0.039058 4.237538 -0.924513 0.082284 -0.372162 -25.968128
-0.377942 -0.008694 0.925789 276.504608 0.073800 0.996491 0.039486 4.300721 -0.922883 0.083247 -0.375974 -26.863062
-0.382118 -0.008583 0.924074 278.759918 0.073482 0.996508 0.039641 4.363300 -0.921187 0.083050 -0.380153 -27.756622
-0.386051 -0.008809 0.922435 281.035492 0.072490 0.996573 0.039855 4.434304 -0.919625 0.082253 -0.384089 -28.662882
-0.390375 -0.007859 0.920622 283.317078 0.072957 0.996555 0.039444 4.506722 -0.917761 0.082564 -0.388457 -29.596706
-0.393856 -0.007974 0.919138 285.612549 0.071968 0.996625 0.039485 4.572362 -0.916350 0.081700 -0.391953 -30.556290
-0.397310 -0.008321 0.917647 287.893890 0.070319 0.996743 0.039484 4.644245 -0.914986 0.080216 -0.395431 -31.510340
-0.399967 -0.008038 0.916494 290.197906 0.071324 0.996656 0.039868 4.719253 -0.913750 0.081314 -0.398057 -32.503883
-0.402619 -0.008235 0.915330 292.477325 0.072360 0.996544 0.040794 4.791990 -0.912503 0.082657 -0.400632 -33.505753
-0.405098 -0.008427 0.914234 294.774078 0.073148 0.996453 0.041597 4.860313 -0.911343 0.083725 -0.403045 -34.493065
-0.407480 -0.009045 0.913169 297.085480 0.072902 0.996437 0.042401 4.931063 -0.910299 0.083850 -0.405369 -35.490425
-0.410525 -0.009750 0.911797 299.389496 0.072446 0.996433 0.043273 5.010506 -0.908967 0.083820 -0.408354 -36.502899
-0.413292 -0.010088 0.910543 301.684875 0.072902 0.996362 0.044128 5.093233 -0.907676 0.084618 -0.411053 -37.530735
-0.415404 -0.010875 0.909572 304.010956 0.073087 0.996297 0.045291 5.170431 -0.906696 0.085292 -0.413071 -38.569687
-0.418006 -0.010457 0.908384 306.324432 0.072909 0.996322 0.045019 5.250002 -0.905514 0.085047 -0.415706 -39.608696
-0.420474 -0.008978 0.907260 308.650482 0.071778 0.996488 0.043127 5.326487 -0.904461 0.083255 -0.418353 -40.669987
-0.423586 -0.009828 0.905802 311.008759 0.069882 0.996607 0.043492 5.401456 -0.903156 0.081722 -0.421462 -41.725845
-0.427793 -0.012187 0.903795 313.380890 0.067121 0.996720 0.045211 5.478120 -0.901381 0.080005 -0.425572 -42.774033
-0.432721 -0.014451 0.901412 315.752838 0.064440 0.996818 0.046915 5.564133 -0.899222 0.078388 -0.430413 -43.852379
-0.437347 -0.015588 0.899158 318.122925 0.063138 0.996850 0.047992 5.661900 -0.897074 0.077760 -0.434985 -44.955196
-0.441332 -0.015931 0.897203 320.488861 0.062996 0.996825 0.048688 5.755820 -0.895130 0.078008 -0.438927 -46.062458
-0.445410 -0.015051 0.895200 322.842438 0.064337 0.996736 0.048769 5.852245 -0.893012 0.079316 -0.442988 -47.208370
-0.449326 -0.014534 0.893250 325.208038 0.065191 0.996669 0.049010 5.944547 -0.890986 0.080253 -0.446882 -48.367218
-0.453099 -0.015366 0.891328 327.562012 0.065274 0.996596 0.050363 6.034824 -0.889067 0.081000 -0.450554 -49.545658
-0.457436 -0.016806 0.889084 329.897369 0.064700 0.996542 0.052126 6.129167 -0.886886 0.081368 -0.454767 -50.722008
-0.460966 -0.018765 0.887220 332.251495 0.063358 0.996529 0.053996 6.219017 -0.885153 0.081103 -0.458177 -51.912186
-0.464663 -0.019478 0.885273 334.599518 0.062351 0.996557 0.054654 6.316256 -0.883290 0.080593 -0.461849 -53.118134
-0.468580 -0.020225 0.883190 336.950775 0.061595 0.996557 0.055500 6.419256 -0.881271 0.080406 -0.465721 -54.322140
-0.472618 -0.020508 0.881029 339.302734 0.062375 0.996443 0.056655 6.523853 -0.879057 0.081731 -0.469658 -55.542587
-0.476123 -0.021429 0.879117 341.630371 0.062717 0.996330 0.058254 6.625786 -0.877139 0.082872 -0.473032 -56.779282
-0.480167 -0.022751 0.876882 343.961639 0.061616 0.996319 0.059590 6.732362 -0.875010 0.082644 -0.476998 -57.990562
-0.483513 -0.023576 0.875020 346.267456 0.060920 0.996307 0.060507 6.848070 -0.873215 0.082562 -0.480291 -59.228130
-0.487066 -0.024658 0.873017 348.558929 0.060875 0.996212 0.062100 6.963513 -0.871241 0.083392 -0.483720 -60.480438
-0.489916 -0.025660 0.871392 350.857452 0.058867 0.996311 0.062435 7.076973 -0.869780 0.081884 -0.486598 -61.737289
-0.493298 -0.026172 0.869467 353.145752 0.055878 0.996529 0.061699 7.199569 -0.868064 0.079020 -0.490123 -62.995148
-0.496905 -0.026673 0.867395 355.464081 0.052118 0.996806 0.060510 7.325261 -0.866239 0.075275 -0.493928 -64.265823
-0.500299 -0.029563 0.865348 357.791626 0.048726 0.996872 0.062227 7.440177 -0.864481 0.073297 -0.497293 -65.564362
-0.503698 -0.030773 0.863332 360.095886 0.048457 0.996785 0.063802 7.567661 -0.862520 0.073972 -0.500587 -66.873642
-0.506622 -0.031231 0.861602 362.389282 0.047456 0.996819 0.064037 7.688374 -0.860861 0.073331 -0.503529 -68.196167
-0.509854 -0.032921 0.859631 364.678802 0.044990 0.996880 0.064861 7.810418 -0.859083 0.071745 -0.506782 -69.514809
-0.512763 -0.036994 0.857733 366.975372 0.041569 0.996830 0.067843 7.936289 -0.857523 0.070442 -0.509599 -70.839233
-0.516168 -0.039545 0.855574 369.265869 0.038986 0.996813 0.069594 8.066970 -0.855600 0.069277 -0.512981 -72.181015
-0.519057 -0.040422 0.853783 371.570404 0.037153 0.996870 0.069783 8.213427 -0.853932 0.067942 -0.515931 -73.535172
-0.522147 -0.040705 0.851883 373.865234 0.036130 0.996908 0.069780 8.350028 -0.852090 0.067214 -0.519062 -74.904778
-0.525698 -0.041673 0.849650 376.145203 0.035384 0.996864 0.070786 8.483373 -0.849935 0.067276 -0.522575 -76.265984
-0.529375 -0.042880 0.847304 378.412231 0.034260 0.996827 0.071852 8.624732 -0.847696 0.067065 -0.526226 -77.643295
-0.532422 -0.044445 0.845311 380.667511 0.031489 0.996890 0.072248 8.752752 -0.845893 0.065084 -0.529367 -79.021156
-0.534906 -0.046764 0.843616 382.885468 0.023194 0.997278 0.069988 8.882895 -0.844593 0.057004 -0.532366 -80.386414
-0.537382 -0.044305 0.842174 385.073761 0.014081 0.998008 0.061488 9.026137 -0.843221 0.044901 -0.535688 -81.716873
-0.540935 -0.035073 0.840333 387.234833 0.021768 0.998212 0.055675 9.146310 -0.840783 0.048409 -0.539204 -83.097137
-0.542148 -0.034342 0.839581 389.433563 0.029201 0.997791 0.059670 9.247426 -0.839775 0.056866 -0.539948 -84.534531
-0.543840 -0.044206 0.838024 391.689514 0.028077 0.997094 0.070817 9.369326 -0.838719 0.062042 -0.541019 -85.983994
-0.546174 -0.054831 0.835875 393.945312 0.022603 0.996527 0.080139 9.522486 -0.837367 0.062663 -0.543038 -87.421524
-0.548924 -0.060865 0.833653 396.200073 0.016459 0.996365 0.083582 9.695453 -0.835710 0.059601 -0.545927 -88.853172
-0.551762 -0.061664 0.831719 398.438446 0.014642 0.996393 0.083586 9.877352 -0.833873 0.058298 -0.548868 -90.301193
-0.555079 -0.057216 0.829827 400.657379 0.019561 0.996458 0.081789 10.052266 -0.831567 0.061632 -0.551994 -91.767403
-0.558256 -0.051536 0.828066 402.848053 0.024228 0.996631 0.078361 10.204973 -0.829315 0.063808 -0.555127 -93.223801
-0.560694 -0.048426 0.826606 405.059845 0.025955 0.996770 0.076001 10.352926 -0.827616 0.064068 -0.557626 -94.692505
