1.000000 0.000000 0.000000 0.000000 0.000000 1.000000 0.000000 0.000000 0.000000 0.000000 1.000000 0.000000
0.999040 -0.001213 0.043785 0.009204 0.001288 0.999998 -0.001663 -0.025504 -0.043783 0.001718 0.999040 0.968540
0.996040 -0.005320 0.088745 0.081009 0.005836 0.999968 -0.005564 -0.032809 -0.088713 0.006060 0.996039 1.945831
0.991006 -0.005410 0.133705 0.177676 0.006572 0.999944 -0.008244 -0.086052 -0.133653 0.009048 0.990987 2.912190
0.983747 -0.004000 0.179517 0.321934 0.005898 0.999932 -0.010042 -0.102479 -0.179464 0.010937 0.983704 3.891226
0.974302 -0.006656 0.225149 0.519738 0.008997 0.999916 -0.009373 -0.127200 -0.225068 0.011158 0.974279 4.851651
0.962800 -0.008015 0.270096 0.759113 0.011127 0.999888 -0.009993 -0.156871 -0.269986 0.012626 0.962781 5.822557
0.949298 -0.011463 0.314168 1.043840 0.016042 0.999799 -0.011994 -0.168389 -0.313968 0.016426 0.949292 6.773984
0.934464 -0.013350 0.355807 1.377868 0.019000 0.999743 -0.012391 -0.236393 -0.355550 0.018340 0.934477 7.679627
0.917212 -0.013910 0.398156 1.740469 0.020406 0.999719 -0.012083 -0.250290 -0.397876 0.019207 0.917238 8.589301
0.897851 -0.014993 0.440044 2.140164 0.021719 0.999712 -0.010254 -0.285032 -0.439764 0.018764 0.897918 9.465033
0.876276 -0.015352 0.481565 2.583436 0.021992 0.999725 -0.008148 -0.329514 -0.481308 0.017731 0.876372 10.333347
0.852426 -0.016167 0.522598 3.057379 0.023080 0.999711 -0.006719 -0.348381 -0.522338 0.017789 0.852553 11.179647
0.826892 -0.017145 0.562099 3.575622 0.024490 0.999685 -0.005534 -0.369102 -0.561827 0.018342 0.827051 11.991906
0.799828 -0.019446 0.599915 4.133268 0.027545 0.999611 -0.004322 -0.405181 -0.599598 0.019981 0.800052 12.781466
0.771076 -0.019729 0.636437 4.731267 0.028805 0.999577 -0.003912 -0.419866 -0.636091 0.021349 0.771319 13.541350
0.740997 -0.022933 0.671116 5.359388 0.033046 0.999451 -0.002335 -0.439348 -0.670694 0.023908 0.741349 14.267226
0.709246 -0.023031 0.704585 6.017320 0.033033 0.999454 -0.000582 -0.480566 -0.704187 0.023688 0.709619 14.958797
0.675142 -0.023020 0.737329 6.682873 0.034497 0.999405 -0.000386 -0.484415 -0.736881 0.025696 0.675534 15.612626
0.639759 -0.024349 0.768190 7.398717 0.038381 0.999263 -0.000290 -0.501133 -0.767617 0.029669 0.640222 16.251026
0.603719 -0.023939 0.796838 8.132809 0.038769 0.999248 0.000646 -0.534306 -0.796254 0.030503 0.604193 16.835209
0.566211 -0.023693 0.823919 8.893494 0.041309 0.999146 0.000344 -0.554349 -0.823224 0.033840 0.566707 17.391502
0.527562 -0.022840 0.849210 9.695924 0.045326 0.998971 -0.001289 -0.562949 -0.848307 0.039171 0.528054 17.900707
0.488899 -0.022599 0.872047 10.515223 0.047083 0.998891 -0.000510 -0.579372 -0.871069 0.041308 0.489421 18.393127
0.450569 -0.024686 0.892400 11.370240 0.051248 0.998684 0.001751 -0.578655 -0.891269 0.044945 0.451242 18.833494
0.413668 -0.026283 0.910048 12.235610 0.055009 0.998479 0.003833 -0.613178 -0.908764 0.048475 0.414485 19.259991
0.378304 -0.025087 0.925342 13.121842 0.055969 0.998424 0.004187 -0.630784 -0.923988 0.050206 0.379111 19.633703
0.344829 -0.025954 0.938307 14.038853 0.056199 0.998395 0.006962 -0.638393 -0.936981 0.050331 0.345735 20.002926
0.311671 -0.027804 0.949783 14.975684 0.057829 0.998274 0.010247 -0.632813 -0.948429 0.051732 0.312741 20.311922
0.278815 -0.028496 0.959922 15.927144 0.058637 0.998200 0.012601 -0.657986 -0.958553 0.052773 0.279984 20.614782
0.246657 -0.026719 0.968735 16.895384 0.055851 0.998350 0.013315 -0.684867 -0.967492 0.050820 0.247742 20.902039
0.215398 -0.025195 0.976201 17.864370 0.055198 0.998383 0.013588 -0.658271 -0.974965 0.050958 0.216441 21.135769
0.184827 -0.025338 0.982444 18.861614 0.056276 0.998300 0.015160 -0.647992 -0.981158 0.052487 0.185939 21.331142
0.154195 -0.026334 0.987689 19.865419 0.057378 0.998196 0.017657 -0.649015 -0.986373 0.053949 0.155428 21.505329
0.123988 -0.027393 0.991906 20.903206 0.056078 0.998215 0.020558 -0.661852 -0.990698 0.053075 0.125303 21.667324
0.094550 -0.027756 0.995133 21.957485 0.056084 0.998172 0.022512 -0.639981 -0.993939 0.053683 0.095934 21.791349
0.067409 -0.027827 0.997337 23.030537 0.058314 0.998012 0.023904 -0.617451 -0.996020 0.056548 0.068898 21.878922
0.042171 -0.027764 0.998725 24.121469 0.061937 0.997764 0.025122 -0.601488 -0.997189 0.060798 0.043796 21.924400
0.019209 -0.027537 0.999436 25.208019 0.066007 0.997475 0.026214 -0.581156 -0.997634 0.065467 0.020978 21.951920
-0.001259 -0.028158 0.999603 26.331835 0.071124 0.997069 0.028176 -0.567835 -0.997467 0.071131 0.000747 21.952934
-0.019216 -0.029044 0.999393 27.462589 0.075217 0.996703 0.030412 -0.554688 -0.996982 0.075756 -0.016968 21.936741
-0.035179 -0.029490 0.998946 28.602922 0.077953 0.996438 0.032161 -0.538116 -0.996336 0.079002 -0.032755 21.903400
-0.049673 -0.030353 0.998304 29.753918 0.079876 0.996216 0.034264 -0.522380 -0.995566 0.081443 -0.047060 21.848150
-0.063189 -0.031673 0.997499 30.900194 0.079921 0.996126 0.036692 -0.506763 -0.994796 0.082039 -0.060413 21.793982
-0.075547 -0.031688 0.996639 32.046719 0.079976 0.996082 0.037733 -0.489370 -0.993930 0.082558 -0.072717 21.728493
-0.086670 -0.029295 0.995806 33.207314 0.080340 0.996106 0.036296 -0.459511 -0.992992 0.083149 -0.083979 21.633080
-0.096770 -0.025896 0.994970 34.386753 0.080674 0.996168 0.033773 -0.430056 -0.992032 0.083537 -0.094310 21.522898
-0.106355 -0.023728 0.994045 35.589607 0.081098 0.996178 0.032456 -0.399824 -0.991015 0.084067 -0.104024 21.404305
-0.113607 -0.022749 0.993265 36.811581 0.080488 0.996241 0.032023 -0.374079 -0.990260 0.083584 -0.111349 21.274212
-0.119436 -0.022000 0.992598 38.069473 0.080387 0.996258 0.031754 -0.341875 -0.989582 0.083584 -0.117220 21.128698
-0.124474 -0.020615 0.992009 39.342918 0.080978 0.996238 0.030864 -0.310138 -0.988913 0.084173 -0.122336 20.973839
-0.128939 -0.019265 0.991465 40.627197 0.080321 0.996323 0.029805 -0.284095 -0.988394 0.083478 -0.126918 20.819830
-0.132872 -0.018613 0.990958 41.944187 0.080245 0.996339 0.029474 -0.259605 -0.987879 0.083436 -0.130892 20.648544
-0.135687 -0.019569 0.990559 43.286690 0.079667 0.996352 0.030596 -0.234364 -0.987544 0.083066 -0.133633 20.473463
-0.137686 -0.021628 0.990240 44.651836 0.079828 0.996267 0.032859 -0.200647 -0.987254 0.083573 -0.135445 20.284866
-0.139713 -0.022303 0.989941 46.034374 0.080619 0.996171 0.033822 -0.166047 -0.986905 0.084533 -0.137380 20.098186
-0.141689 -0.022227 0.989662 47.423138 0.082167 0.996034 0.034134 -0.131035 -0.986495 0.086154 -0.139300 19.885185
-0.142407 -0.021866 0.989567 48.840233 0.082973 0.995973 0.033948 -0.089024 -0.986324 0.086941 -0.140019 19.688587
-0.142541 -0.021191 0.989562 50.288761 0.084169 0.995890 0.033451 -0.058545 -0.986204 0.088059 -0.140171 19.474182
-0.142331 -0.020554 0.989606 51.754581 0.084194 0.995910 0.032794 -0.016762 -0.986232 0.087986 -0.140018 19.269396
-0.141665 -0.019658 0.989719 53.218555 0.083866 0.995970 0.031787 0.006184 -0.986356 0.087507 -0.139446 19.062412
