1.000000 0.000000 0.000000 0.000000 0.000000 1.000000 0.000000 0.000000 0.000000 0.000000 1.000000 0.000000
0.999572 -0.000230 0.029255 -0.016924 0.000256 1.000000 -0.000890 -0.000181 -0.029255 0.000897 0.999572 0.458197
0.997450 -0.004727 0.071213 0.031305 0.005048 0.999978 -0.004326 -0.007234 -0.071191 0.004675 0.997452 1.287719
0.993020 -0.004514 0.117862 0.110625 0.005391 0.999960 -0.007130 -0.055016 -0.117825 0.007715 0.993004 2.296315
0.986430 -0.003301 0.164151 0.245317 0.004808 0.999950 -0.008784 -0.072726 -0.164113 0.009454 0.986396 3.288078
0.977693 -0.005930 0.209954 0.426697 0.007859 0.999934 -0.008353 -0.095741 -0.209890 0.009817 0.977676 4.266836
0.966821 -0.007347 0.255348 0.656683 0.009927 0.999912 -0.008817 -0.123994 -0.255261 0.011059 0.966809 5.227077
0.954083 -0.010846 0.299347 0.923079 0.014866 0.999827 -0.011155 -0.135048 -0.299175 0.015093 0.954079 6.194756
0.939781 -0.012678 0.341542 1.234736 0.017718 0.999775 -0.011642 -0.201739 -0.341317 0.016992 0.939795 7.123590
0.923223 -0.013273 0.384035 1.583098 0.019109 0.999753 -0.011387 -0.216029 -0.383789 0.017851 0.923248 8.023061
0.904473 -0.014452 0.426287 1.974419 0.020449 0.999746 -0.009494 -0.252007 -0.426041 0.017304 0.904538 8.910201
0.883482 -0.014874 0.468229 2.394852 0.020748 0.999757 -0.007390 -0.296374 -0.468005 0.016243 0.883576 9.788986
0.860257 -0.015607 0.509621 2.864675 0.021717 0.999746 -0.006042 -0.314095 -0.509397 0.016265 0.860378 10.645697
0.835474 -0.016642 0.549278 3.367638 0.023157 0.999720 -0.004932 -0.334530 -0.549042 0.016840 0.835625 11.465844
0.808954 -0.018856 0.587569 3.918877 0.026129 0.999651 -0.003894 -0.368586 -0.587291 0.018503 0.809165 12.263857
0.780747 -0.019194 0.624552 4.491345 0.027341 0.999620 -0.003459 -0.382753 -0.624249 0.019776 0.780975 13.033236
0.751103 -0.022449 0.659804 5.107123 0.031554 0.999500 -0.001914 -0.402758 -0.659431 0.022257 0.751436 13.770363
0.719919 -0.022501 0.693693 5.749829 0.031631 0.999500 -0.000406 -0.445329 -0.693337 0.022234 0.720271 14.475348
0.686291 -0.022420 0.726981 6.414773 0.033079 0.999453 -0.000405 -0.449343 -0.726574 0.024326 0.686657 15.152022
0.651553 -0.023844 0.758228 7.118777 0.036923 0.999318 -0.000303 -0.464175 -0.757704 0.028193 0.651989 15.790865
0.615726 -0.023412 0.787613 7.837874 0.037283 0.999305 0.000558 -0.498390 -0.787078 0.029021 0.616170 16.397993
0.578716 -0.023270 0.815197 8.585885 0.039791 0.999208 0.000275 -0.518471 -0.814558 0.032278 0.579184 16.960114
0.540612 -0.022412 0.840974 9.379487 0.043791 0.999040 -0.001527 -0.526410 -0.840132 0.037652 0.541074 17.475838
0.502252 -0.022222 0.864436 10.188986 0.045576 0.998961 -0.000800 -0.544385 -0.863519 0.039800 0.502743 17.986839
0.464101 -0.024437 0.885445 11.041178 0.049780 0.998759 0.001473 -0.543251 -0.884383 0.043394 0.464741 18.440174
0.427659 -0.026004 0.903566 11.905699 0.053584 0.998558 0.003376 -0.577985 -0.902351 0.046972 0.428435 18.872763
0.392221 -0.024908 0.919534 12.790526 0.054541 0.998504 0.003783 -0.596458 -0.918253 0.048669 0.392993 19.271761
0.359013 -0.025664 0.932979 13.700810 0.054831 0.998475 0.006367 -0.603522 -0.931720 0.048870 0.359873 19.650539
0.326030 -0.027636 0.944956 14.630372 0.056543 0.998353 0.009690 -0.601031 -0.943667 0.050272 0.327055 19.980888
0.293356 -0.028341 0.955583 15.573013 0.057377 0.998281 0.011994 -0.626704 -0.954280 0.051310 0.294478 20.301102
0.261492 -0.026560 0.964840 16.531034 0.054545 0.998430 0.012702 -0.653552 -0.963663 0.049306 0.262530 20.590851
0.230356 -0.024913 0.972788 17.494057 0.053989 0.998460 0.012785 -0.628566 -0.971608 0.049575 0.231346 20.848854
0.199812 -0.025155 0.979511 18.488155 0.055076 0.998378 0.014404 -0.619861 -0.978285 0.051069 0.200874 21.062954
0.169321 -0.026155 0.985214 19.490349 0.056152 0.998280 0.016851 -0.620611 -0.983960 0.052469 0.170499 21.245344
0.139171 -0.027258 0.989893 20.518883 0.054889 0.998297 0.019772 -0.634041 -0.988746 0.051583 0.140430 21.424995
0.109752 -0.027614 0.993575 21.579203 0.054917 0.998256 0.021678 -0.613170 -0.992441 0.052185 0.111077 21.567287
0.082328 -0.027807 0.996217 22.655390 0.057210 0.998094 0.023132 -0.592135 -0.994962 0.055089 0.083762 21.673550
0.057035 -0.027659 0.997989 23.740000 0.060939 0.997849 0.024173 -0.578658 -0.996511 0.059437 0.058598 21.739151
0.033874 -0.027538 0.999047 24.837912 0.065044 0.997562 0.025292 -0.558482 -0.997307 0.064126 0.035582 21.783041
0.013436 -0.028375 0.999507 25.959894 0.070165 0.997160 0.027365 -0.548081 -0.997445 0.069763 0.015389 21.804148
-0.004769 -0.029327 0.999559 27.086313 0.074247 0.996800 0.029600 -0.533665 -0.997229 0.074355 -0.002577 21.804296
-0.020739 -0.029719 0.999343 28.216734 0.077023 0.996540 0.031234 -0.519161 -0.996814 0.077620 -0.018378 21.785435
-0.035334 -0.030674 0.998905 29.372181 0.078979 0.996317 0.033388 -0.504926 -0.996250 0.080073 -0.032782 21.752159
-0.048921 -0.031957 0.998291 30.526892 0.079072 0.996227 0.035766 -0.491184 -0.995668 0.080687 -0.046209 21.720524
-0.061147 -0.032045 0.997614 31.676498 0.079123 0.996184 0.036849 -0.474157 -0.994988 0.081187 -0.058378 21.667957
-0.072202 -0.029593 0.996951 32.833702 0.079416 0.996216 0.035323 -0.444468 -0.994223 0.081724 -0.069578 21.586061
-0.082238 -0.026325 0.996265 34.008041 0.079828 0.996265 0.032915 -0.416288 -0.993411 0.082236 -0.079829 21.502777
-0.091944 -0.024074 0.995473 35.217793 0.080250 0.996277 0.031505 -0.387644 -0.992525 0.082784 -0.089670 21.401590
-0.099231 -0.023134 0.994796 36.438148 0.079649 0.996337 0.031114 -0.363329 -0.991872 0.082321 -0.097025 21.293848
-0.104914 -0.022375 0.994229 37.706512 0.079587 0.996351 0.030821 -0.332353 -0.991292 0.082361 -0.102751 21.165930
-0.110153 -0.020947 0.993694 38.981293 0.080235 0.996328 0.029897 -0.304313 -0.990671 0.083022 -0.108067 21.029051
-0.114504 -0.019564 0.993230 40.272846 0.079633 0.996408 0.028807 -0.279378 -0.990226 0.082393 -0.112535 20.890678
-0.118701 -0.019006 0.992748 41.590218 0.079469 0.996428 0.028579 -0.254377 -0.989745 0.082285 -0.116767 20.738014
-0.121257 -0.019859 0.992423 42.928772 0.079025 0.996433 0.029594 -0.233938 -0.989470 0.082014 -0.119255 20.591402
-0.123505 -0.022010 0.992100 44.296951 0.079051 0.996359 0.031946 -0.198981 -0.989190 0.082372 -0.121316 20.422365
-0.125367 -0.022648 0.991852 45.673862 0.079850 0.996266 0.032842 -0.166143 -0.988892 0.083316 -0.123090 20.249565
-0.127423 -0.022659 0.991590 47.058640 0.081395 0.996128 0.033222 -0.131898 -0.988503 0.084944 -0.125085 20.061178
-0.128112 -0.022300 0.991509 48.480610 0.082182 0.996070 0.033021 -0.090877 -0.988349 0.085714 -0.125775 19.882339
-0.128446 -0.021542 0.991482 49.937733 0.083373 0.995990 0.032441 -0.062759 -0.988206 0.086830 -0.126135 19.693361
-0.128256 -0.020959 0.991520 51.416965 0.083511 0.995998 0.031856 -0.022654 -0.988219 0.086888 -0.125992 19.507542
-0.127571 -0.020068 0.991626 52.887718 0.083270 0.996049 0.030870 -0.002737 -0.988328 0.086511 -0.125396 19.326820
-0.126162 -0.020413 0.991800 54.404079 0.082733 0.996089 0.031025 0.034595 -0.988554 0.085969 -0.123980 19.138275
-0.124567 -0.021073 0.991987 55.936729 0.082680 0.996077 0.031542 0.067266 -0.988760 0.085947 -0.122336 18.953939
-0.123487 -0.020630 0.992132 57.481045 0.083850 0.995991 0.031147 0.098678 -0.988797 0.087037 -0.121263 18.768293
-0.122212 -0.019875 0.992305 59.044712 0.083752 0.996027 0.030265 0.135793 -0.988964 0.086806 -0.120062 18.571949
-0.121346 -0.019341 0.992422 60.652515 0.084403 0.995988 0.029731 0.170180 -0.989015 0.087371 -0.119227 18.365904
-0.120213 -0.019719 0.992552 62.269352 0.083639 0.996047 0.029918 0.198720 -0.989218 0.086613 -0.118089 18.178583
-0.119277 -0.021451 0.992629 63.910854 0.084313 0.995936 0.031654 0.233052 -0.989275 0.087467 -0.116984 17.987425
-0.118125 -0.023022 0.992732 65.572006 0.086876 0.995658 0.033427 0.275811 -0.989191 0.090193 -0.115612 17.785471
-0.117565 -0.021940 0.992823 67.226852 0.089858 0.995420 0.032638 0.313373 -0.988991 0.093050 -0.115055 17.580694
-0.116671 -0.020877 0.992951 68.890373 0.090166 0.995428 0.031523 0.340162 -0.989069 0.093209 -0.114255 17.378981
-0.115479 -0.021125 0.993085 70.585503 0.089946 0.995444 0.031634 0.372657 -0.989229 0.092977 -0.113053 17.185902
-0.115635 -0.021955 0.993049 72.292686 0.089409 0.995467 0.032419 0.399216 -0.989260 0.092537 -0.113148 16.983309
-0.115316 -0.022543 0.993073 74.013359 0.089803 0.995412 0.033024 0.443431 -0.989261 0.092989 -0.112762 16.791521
-0.114796 -0.022627 0.993131 75.753937 0.090996 0.995298 0.033194 0.480006 -0.989213 0.094182 -0.112197 16.578140
-0.114396 -0.022495 0.993181 77.511368 0.092179 0.995190 0.033158 0.522892 -0.989149 0.095344 -0.111772 16.373444
-0.114361 -0.021990 0.993196 79.275337 0.093096 0.995118 0.032752 0.554980 -0.989068 0.096208 -0.111755 16.175434
-0.114810 -0.021123 0.993163 81.056656 0.092360 0.995216 0.031843 0.593354 -0.989085 0.095384 -0.112310 15.978854
-0.116183 -0.020723 0.993012 82.849091 0.091601 0.995298 0.031488 0.629840 -0.988995 0.094619 -0.113738 15.777287
-0.117194 -0.020529 0.992897 84.651505 0.090632 0.995393 0.031278 0.656508 -0.988965 0.093653 -0.114793 15.578085
-0.117981 -0.021098 0.992792 86.471588 0.089818 0.995449 0.031828 0.695502 -0.988945 0.092926 -0.115550 15.379650
-0.118628 -0.021955 0.992696 88.327156 0.089259 0.995472 0.032683 0.726727 -0.988919 0.092484 -0.116132 15.166502
-0.119220 -0.022568 0.992611 90.172699 0.087512 0.995612 0.033147 0.767100 -0.989004 0.090818 -0.116722 14.960321
-0.120389 -0.021738 0.992489 92.024918 0.087623 0.995626 0.032435 0.804761 -0.988852 0.090869 -0.117958 14.747026
-0.122253 -0.021019 0.992276 93.909225 0.086569 0.995740 0.031758 0.845688 -0.988716 0.089783 -0.119913 14.526943
-0.126167 -0.020441 0.991798 95.799797 0.086863 0.995720 0.031571 0.880588 -0.988199 0.090134 -0.123851 14.300247
-0.130410 -0.021103 0.991236 97.712074 0.084770 0.995875 0.032354 0.917634 -0.987830 0.088246 -0.128083 14.058298
-0.135108 -0.021797 0.990591 99.627701 0.083410 0.995959 0.033292 0.960227 -0.987314 0.087123 -0.132744 13.819330
-0.139875 -0.021303 0.989940 101.544624 0.082150 0.996072 0.033042 0.995429 -0.986755 0.085946 -0.137576 13.573524
-0.144467 -0.020092 0.989306 103.469849 0.081977 0.996114 0.032201 1.032681 -0.986108 0.085752 -0.142258 13.310506
-0.149072 -0.018502 0.988653 105.411507 0.082031 0.996147 0.031011 1.062756 -0.985418 0.085724 -0.146980 13.027239
-0.153412 -0.018166 0.987995 107.363441 0.080264 0.996298 0.030782 1.096972 -0.984897 0.084023 -0.151386 12.750415
-0.158299 -0.018677 0.987215 109.323631 0.078370 0.996429 0.031418 1.125195 -0.984276 0.082342 -0.156270 12.455636
-0.163538 -0.019352 0.986347 111.302696 0.076286 0.996566 0.032201 1.162666 -0.983583 0.080511 -0.161500 12.160956
-0.168797 -0.019932 0.985449 113.280235 0.075707 0.996580 0.033125 1.199968 -0.982739 0.080197 -0.166710 11.826548
-0.174371 -0.020178 0.984473 115.264915 0.075830 0.996546 0.033857 1.240371 -0.981756 0.080557 -0.172239 11.496415
-0.179928 -0.018999 0.983496 117.242470 0.076602 0.996507 0.033265 1.275648 -0.980693 0.081323 -0.177844 11.142294
-0.185315 -0.018279 0.982509 119.233910 0.075576 0.996601 0.032796 1.314681 -0.979769 0.080332 -0.183303 10.790995
-0.191099 -0.018463 0.981397 121.247246 0.076018 0.996542 0.033550 1.347788 -0.978623 0.081015 -0.189034 10.422847
-0.196609 -0.018500 0.980307 123.268036 0.075795 0.996543 0.034008 1.387821 -0.977548 0.080989 -0.194527 10.042426
-0.201891 -0.017922 0.979244 125.283585 0.075049 0.996610 0.033713 1.430337 -0.976528 0.080298 -0.199862 9.643343
-0.206334 -0.017868 0.978319 127.308853 0.073839 0.996698 0.033776 1.466893 -0.975692 0.079208 -0.204333 9.244507
-0.210789 -0.018548 0.977356 129.339432 0.074619 0.996597 0.035007 1.514077 -0.974679 0.080308 -0.208688 8.809826
-0.214329 -0.019002 0.976577 131.382401 0.076629 0.996402 0.036205 1.560691 -0.973751 0.082594 -0.212102 8.368047
-0.218044 -0.018507 0.975763 133.412704 0.078092 0.996283 0.036347 1.604907 -0.972810 0.084124 -0.215788 7.930841
-0.220654 -0.018085 0.975185 135.463409 0.078263 0.996276 0.036184 1.650509 -0.972207 0.084305 -0.218417 7.467916
-0.223864 -0.018397 0.974447 137.513901 0.077621 0.996309 0.036642 1.696043 -0.971525 0.083841 -0.221609 7.017274
-0.227287 -0.018108 0.973659 139.587616 0.076427 0.996412 0.036371 1.741375 -0.970824 0.082681 -0.225088 6.557401
-0.231680 -0.017770 0.972630 141.646484 0.074650 0.996560 0.035989 1.785655 -0.969924 0.080944 -0.229557 6.087780
-0.236189 -0.017902 0.971542 143.736984 0.074240 0.996575 0.036411 1.838904 -0.968867 0.080727 -0.234051 5.592945
-0.240618 -0.017701 0.970458 145.814911 0.074222 0.996571 0.036580 1.882116 -0.967778 0.080831 -0.238479 5.096268
-0.244967 -0.017286 0.969377 147.898743 0.073577 0.996626 0.036365 1.931611 -0.966736 0.080232 -0.242869 4.592013
-0.249525 -0.017504 0.968210 149.997650 0.072781 0.996670 0.036776 1.976008 -0.965629 0.079643 -0.247420 4.061396
-0.253502 -0.018199 0.967164 152.097107 0.072501 0.996653 0.037757 2.025367 -0.964614 0.079692 -0.251334 3.531500
-0.257512 -0.018236 0.966103 154.199768 0.073040 0.996594 0.038280 2.078086 -0.963511 0.080422 -0.255303 2.991678
-0.261361 -0.017831 0.965076 156.331619 0.073941 0.996522 0.038437 2.126709 -0.962405 0.081405 -0.259134 2.425918
-0.264722 -0.016919 0.964176 158.446213 0.074063 0.996536 0.037821 2.179207 -0.961476 0.081422 -0.262552 1.859446
-0.267985 -0.015204 0.963303 160.580658 0.074583 0.996547 0.036477 2.225715 -0.960532 0.081621 -0.265926 1.286691
-0.271319 -0.014513 0.962380 162.722717 0.074778 0.996546 0.036110 2.271655 -0.959580 0.081763 -0.269296 0.699768
-0.274540 -0.014100 0.961472 164.866867 0.074566 0.996569 0.035907 2.316639 -0.958680 0.081551 -0.272547 0.107748
-0.277878 -0.014402 0.960508 167.023865 0.074097 0.996587 0.036380 2.368402 -0.957754 0.081280 -0.275863 -0.492389
-0.281449 -0.014227 0.959471 169.194458 0.074128 0.996580 0.036522 2.412670 -0.956709 0.081403 -0.279432 -1.100063
-0.285631 -0.014244 0.958234 171.356262 0.075097 0.996482 0.037198 2.466034 -0.955393 0.082585 -0.283556 -1.733150
-0.289083 -0.013966 0.957202 173.526337 0.077459 0.996274 0.037929 2.519294 -0.954165 0.085109 -0.286924 -2.377429
-0.291401 -0.014420 0.956492 175.708206 0.078291 0.996172 0.038870 2.569364 -0.953392 0.086211 -0.289157 -3.019943
-0.294253 -0.015104 0.955608 177.893051 0.078053 0.996155 0.039780 2.619031 -0.952535 0.086294 -0.291943 -3.672389
-0.297002 -0.014845 0.954761 180.071930 0.077166 0.996236 0.039494 2.676534 -0.951754 0.085404 -0.294739 -4.340846
-0.299556 -0.013070 0.953989 182.276215 0.076687 0.996341 0.037730 2.733878 -0.950992 0.084461 -0.297458 -5.016797
-0.303048 -0.011858 0.952902 184.483322 0.075664 0.996466 0.036463 2.782660 -0.949967 0.083151 -0.301080 -5.696569
-0.305934 -0.010924 0.951990 186.686478 0.074655 0.996580 0.035427 2.839807 -0.949121 0.081909 -0.304072 -6.394298
-0.309340 -0.010181 0.950897 188.906525 0.073233 0.996718 0.034495 2.882941 -0.948127 0.080308 -0.307579 -7.084190
-0.312679 -0.010017 0.949806 191.119415 0.073455 0.996695 0.034693 2.930905 -0.947014 0.080616 -0.310909 -7.799603
-0.316284 -0.011052 0.948600 193.351212 0.072951 0.996688 0.035936 2.981245 -0.945856 0.080567 -0.314430 -8.523835
-0.319346 -0.012050 0.947562 195.575958 0.072397 0.996687 0.037074 3.030843 -0.944869 0.080440 -0.317416 -9.252023
-0.323156 -0.012289 0.946266 197.809509 0.072456 0.996659 0.037688 3.080871 -0.943568 0.080742 -0.321186 -10.009183
-0.326766 -0.012159 0.945027 200.042801 0.071531 0.996731 0.037558 3.137273 -0.942394 0.079872 -0.324828 -10.765425
-0.330422 -0.011675 0.943761 202.286194 0.070711 0.996807 0.037088 3.188387 -0.941181 0.078989 -0.328542 -11.514297
-0.333314 -0.011556 0.942745 204.521683 0.070363 0.996831 0.037096 3.239065 -0.940187 0.078699 -0.331445 -12.283421
-0.335717 -0.011049 0.941898 206.752289 0.071277 0.996766 0.037098 3.284925 -0.939262 0.079590 -0.333844 -13.075359
-0.337979 -0.011369 0.941085 208.991272 0.072218 0.996666 0.037977 3.336594 -0.938379 0.080799 -0.336031 -13.865844
-0.340495 -0.011786 0.940172 211.226242 0.073627 0.996517 0.039157 3.391472 -0.937359 0.082555 -0.338442 -14.663661
-0.342378 -0.011526 0.939492 213.472290 0.074584 0.996436 0.039405 3.447562 -0.936597 0.083562 -0.340298 -15.467135
-0.344699 -0.010971 0.938649 215.714813 0.074475 0.996460 0.038997 3.496588 -0.935754 0.083348 -0.342662 -16.283470
-0.347523 -0.010789 0.937609 217.958740 0.074022 0.996498 0.038903 3.554284 -0.934745 0.082923 -0.345507 -17.106812
-0.349707 -0.009840 0.936808 220.214020 0.073632 0.996563 0.037954 3.607943 -0.933961 0.082252 -0.347780 -17.935127
-0.352527 -0.009045 0.935758 222.459564 0.073084 0.996633 0.037167 3.651909 -0.932943 0.081492 -0.350679 -18.754147
-0.354883 -0.008888 0.934869 224.711288 0.071328 0.996783 0.036553 3.700705 -0.932186 0.079654 -0.353107 -19.581894
-0.357539 -0.008238 0.933862 226.948486 0.071677 0.996769 0.036236 3.750399 -0.931144 0.079893 -0.355793 -20.421202
-0.360450 -0.009096 0.932734 229.190201 0.072684 0.996638 0.037808 3.794791 -0.929943 0.081423 -0.358577 -21.274401
-0.362391 -0.010176 0.931970 231.432922 0.072992 0.996559 0.039263 3.844992 -0.929163 0.082255 -0.360402 -22.128353
-0.365266 -0.010745 0.930841 233.674469 0.072211 0.996593 0.039839 3.898557 -0.928098 0.081769 -0.363245 -22.985729
-0.367892 -0.010781 0.929806 235.925415 0.071091 0.996680 0.039684 3.948084 -0.927147 0.080701 -0.365904 -23.858902
-0.371065 -0.011380 0.928537 238.175308 0.069341 0.996794 0.039927 4.007004 -0.926014 0.079202 -0.369086 -24.736954
-0.374476 -0.012262 0.927156 240.408676 0.068148 0.996844 0.040709 4.061803 -0.924729 0.078428 -0.372458 -25.608658
-0.377920 -0.012390 0.925756 242.635345 0.067515 0.996879 0.040903 4.115996 -0.923373 0.077960 -0.375904 -26.497625
-0.381294 -0.012840 0.924364 244.878372 0.066746 0.996912 0.041380 4.175131 -0.922041 0.077475 -0.379260 -27.397142
-0.384577 -0.013409 0.922995 247.124100 0.065903 0.996944 0.041942 4.226794 -0.920737 0.076958 -0.382519 -28.293518
-0.388426 -0.013686 0.921378 249.349854 0.064933 0.996998 0.042183 4.292213 -0.919189 0.076213 -0.386371 -29.220980
-0.392107 -0.013387 0.919822 251.577072 0.064726 0.997015 0.042102 4.352464 -0.917640 0.076045 -0.390070 -30.140852
-0.395361 -0.013130 0.918432 253.808319 0.065074 0.996985 0.042265 4.410416 -0.916218 0.076476 -0.393315 -31.082125
-0.399190 -0.013402 0.916770 256.017700 0.064631 0.996994 0.042718 4.466665 -0.914588 0.076305 -0.397124 -32.015995
-0.402596 -0.013394 0.915280 258.243652 0.063524 0.997074 0.042533 4.523783 -0.913171 0.075265 -0.400567 -32.966003
-0.406284 -0.013164 0.913652 260.453064 0.063740 0.997052 0.042709 4.597222 -0.911521 0.075589 -0.404247 -33.928249
-0.409869 -0.012455 0.912059 262.670227 0.064544 0.997004 0.042621 4.670192 -0.909858 0.076337 -0.407837 -34.900265
-0.413161 -0.011542 0.910585 264.868866 0.065743 0.996933 0.042466 4.730047 -0.908282 0.077409 -0.411135 -35.886246
-0.416377 -0.010073 0.909136 267.067047 0.067409 0.996844 0.041918 4.793633 -0.906690 0.078738 -0.414384 -36.887234
-0.419412 -0.009440 0.907747 269.273224 0.068545 0.996762 0.042036 4.862449 -0.905204 0.079852 -0.417407 -37.903378
-0.422310 -0.007544 0.906420 271.480743 0.070384 0.996673 0.041087 4.932333 -0.903715 0.081149 -0.420374 -38.923279
-0.424987 -0.005485 0.905183 273.688568 0.072264 0.996584 0.039967 4.994406 -0.902311 0.082397 -0.423139 -39.946873
-0.427676 -0.005037 0.903918 275.907196 0.073108 0.996516 0.040143 5.060288 -0.900971 0.083252 -0.425817 -40.982052
-0.431012 -0.004594 0.902335 278.126160 0.073116 0.996521 0.039999 5.120998 -0.899379 0.083215 -0.429176 -42.020950
-0.434118 -0.004476 0.900845 280.369019 0.072281 0.996591 0.039784 5.191811 -0.897952 0.082385 -0.432314 -43.076984
-0.437532 -0.003412 0.899196 282.611694 0.072883 0.996568 0.039245 5.268353 -0.896244 0.082707 -0.435782 -44.162483
-0.440842 -0.003459 0.897578 284.861877 0.071964 0.996637 0.039185 5.330413 -0.894695 0.081868 -0.439111 -45.255474
-0.443306 -0.003493 0.896363 287.126160 0.070754 0.996736 0.038877 5.397781 -0.893573 0.080656 -0.441612 -46.338608
-0.446179 -0.003283 0.894938 289.378906 0.071680 0.996650 0.039393 5.473852 -0.892068 0.081725 -0.444449 -47.456932
-0.448376 -0.003506 0.893838 291.628967 0.073016 0.996507 0.040536 5.543000 -0.890858 0.083440 -0.446553 -48.576202
-0.450155 -0.003919 0.892942 293.885803 0.073946 0.996392 0.041650 5.607831 -0.889883 0.084778 -0.448241 -49.703239
-0.452414 -0.004281 0.891798 296.174469 0.073757 0.996383 0.042200 5.679173 -0.888753 0.084868 -0.450462 -50.838047
-0.454561 -0.004941 0.890702 298.438751 0.073431 0.996373 0.043002 5.760910 -0.887684 0.084952 -0.452549 -51.982769
-0.456960 -0.005336 0.889471 300.721710 0.074219 0.996266 0.044106 5.844817 -0.886385 0.086171 -0.454858 -53.144066
-0.458945 -0.005686 0.888447 303.015228 0.074606 0.996201 0.044914 5.922556 -0.885327 0.086896 -0.456777 -54.310036
-0.460905 -0.004846 0.887436 305.317596 0.074588 0.996235 0.044179 6.004673 -0.884309 0.086554 -0.458809 -55.485180
-0.463097 -0.003324 0.886301 307.631348 0.073619 0.996393 0.042203 6.077140 -0.883245 0.084792 -0.461182 -56.678925
-0.466286 -0.004175 0.884624 309.953674 0.071142 0.996573 0.042202 6.149312 -0.881769 0.082613 -0.464391 -57.869526
-0.470322 -0.006413 0.882472 312.288696 0.068558 0.996686 0.043781 6.223060 -0.879828 0.081092 -0.468324 -59.075245
-0.475154 -0.008615 0.879860 314.630341 0.066034 0.996783 0.045421 6.303677 -0.877421 0.079682 -0.473057 -60.302357
-0.479595 -0.009685 0.877436 316.972412 0.065115 0.996789 0.046593 6.398011 -0.875070 0.079480 -0.477425 -61.549858
-0.483638 -0.009794 0.875213 319.316437 0.065339 0.996743 0.047260 6.490807 -0.872826 0.080042 -0.481423 -62.810890
-0.487564 -0.008531 0.873046 321.652130 0.067448 0.996596 0.047406 6.587177 -0.870478 0.081998 -0.485329 -64.104584
-0.491386 -0.007804 0.870907 323.989960 0.068402 0.996525 0.047524 6.674463 -0.868252 0.082924 -0.489145 -65.397346
-0.495155 -0.008581 0.868762 326.326111 0.068280 0.996474 0.048760 6.762047 -0.866117 0.083463 -0.492823 -66.712280
-0.499161 -0.009980 0.866452 328.639435 0.068006 0.996398 0.050654 6.852180 -0.863837 0.084208 -0.496684 -68.028099
-0.502961 -0.011491 0.864232 330.982727 0.067249 0.996360 0.052385 6.944685 -0.861689 0.084467 -0.500358 -69.359161
-0.506695 -0.011966 0.862042 333.308838 0.066871 0.996346 0.053136 7.039320 -0.859528 0.084569 -0.504044 -70.687843
-0.510732 -0.012597 0.859648 335.633789 0.065877 0.996380 0.053740 7.138666 -0.857212 0.084078 -0.508053 -72.029793
-0.515141 -0.012700 0.857011 337.945343 0.066742 0.996260 0.054882 7.235377 -0.854503 0.085470 -0.512366 -73.396362
-0.519081 -0.013525 0.854618 340.233795 0.067194 0.996135 0.056577 7.336938 -0.852080 0.086793 -0.516166 -74.751991
-0.522748 -0.014721 0.852360 342.535309 0.066005 0.996150 0.057685 7.443983 -0.849928 0.086415 -0.519764 -76.126190
-0.526098 -0.015607 0.850281 344.835907 0.065123 0.996156 0.058578 7.555956 -0.847927 0.086191 -0.523060 -77.512688
-0.529511 -0.016683 0.848139 347.108124 0.065026 0.996067 0.060190 7.666697 -0.845807 0.087022 -0.526344 -78.898102
-0.532245 -0.017560 0.846408 349.389343 0.063708 0.996119 0.060727 7.776175 -0.844190 0.086245 -0.529061 -80.295967
-0.535076 -0.017807 0.844616 351.650574 0.061254 0.996329 0.059811 7.897658 -0.842580 0.083739 -0.532021 -81.695122
-0.538256 -0.019273 0.842561 353.937805 0.056368 0.996677 0.058808 8.014718 -0.840894 0.079147 -0.535381 -83.105438
-0.541481 -0.022461 0.840413 356.214355 0.052235 0.996813 0.060297 8.118649 -0.839088 0.076549 -0.538582 -84.532616
-0.544771 -0.023044 0.838268 358.483398 0.053580 0.996623 0.062218 8.248891 -0.836872 0.078809 -0.541697 -85.974274
-0.547554 -0.022400 0.836470 360.743317 0.054106 0.996602 0.062107 8.369031 -0.835019 0.079265 -0.544482 -87.430374
-0.550324 -0.023472 0.834621 363.005524 0.052002 0.996701 0.062319 8.490545 -0.833330 0.077698 -0.547288 -88.881935
-0.553644 -0.027213 0.832309 365.253693 0.048828 0.996686 0.065067 8.615973 -0.831321 0.076663 -0.550480 -90.338020
-0.556642 -0.029282 0.830236 367.508392 0.047797 0.996594 0.067195 8.748408 -0.829377 0.077086 -0.553346 -91.818718
-0.559421 -0.029945 0.828343 369.767273 0.046603 0.996630 0.067502 8.891455 -0.827573 0.076366 -0.556140 -93.302994
-0.562268 -0.030417 0.826396 372.032227 0.045807 0.996643 0.067850 9.029961 -0.825685 0.076005 -0.558987 -94.809509
-0.565058 -0.030746 0.824478 374.278412 0.046015 0.996576 0.068699 9.167123 -0.823767 0.076757 -0.561709 -96.317932
-0.567562 -0.031466 0.822729 376.508667 0.045359 0.996557 0.069406 9.302192 -0.822080 0.076710 -0.564181 -97.827118
-0.570161 -0.032726 0.820881 378.735840 0.043028 0.996645 0.069619 9.424552 -0.820406 0.075015 -0.566840 -99.341400
-0.572418 -0.035676 0.819185 380.940704 0.034287 0.997138 0.067385 9.539768 -0.819245 0.066660 -0.569556 -100.823776
-0.574849 -0.033109 0.817590 383.140137 0.026633 0.997895 0.059137 9.684357 -0.817826 0.055770 -0.572757 -102.301308
-0.578089 -0.022816 0.815655 385.329712 0.035783 0.997939 0.053276 9.823243 -0.815189 0.059985 -0.576081 -103.846107
-0.579391 -0.020784 0.814785 387.543060 0.042745 0.997524 0.055841 9.926766 -0.813928 0.067182 -0.577068 -105.426384
-0.581054 -0.029789 0.813320 389.771576 0.041427 0.996952 0.066111 10.039250 -0.812810 0.072107 -0.578049 -107.001106
-0.583470 -0.041177 0.811090 392.005127 0.035893 0.996430 0.076407 10.170867 -0.811341 0.073694 -0.579909 -108.568123
-0.586070 -0.047963 0.808839 394.224121 0.030259 0.996255 0.081001 10.328445 -0.809695 0.071947 -0.582424 -110.110924
-0.588731 -0.047701 0.806920 396.424744 0.029911 0.996288 0.080718 10.514842 -0.807776 0.071657 -0.585119 -111.675087
-0.591719 -0.042994 0.804997 398.613342 0.035137 0.996252 0.079037 10.684156 -0.805378 0.075052 -0.587990 -113.261940
-0.593732 -0.037519 0.803788 400.762787 0.039408 0.996358 0.075616 10.828049 -0.803697 0.076571 -0.590091 -114.844353
-0.596258 -0.034440 0.802054 402.932495 0.040082 0.996556 0.072590 10.972507 -0.801792 0.075430 -0.592824 -116.431358
