1.000000 0.000000 0.000000 0.000000 0.000000 1.000000 0.000000 0.000000 0.000000 0.000000 1.000000 0.000000
0.999572 -0.000230 0.029255 -0.016924 0.000256 1.000000 -0.000890 -0.000181 -0.029255 0.000897 0.999572 0.458197
0.997450 -0.004727 0.071213 0.031305 0.005048 0.999978 -0.004326 -0.007234 -0.071191 0.004675 0.997452 1.287719
0.993020 -0.004514 0.117862 0.110625 0.005391 0.999960 -0.007130 -0.055016 -0.117825 0.007715 0.993004 2.296315
0.986430 -0.003301 0.164151 0.245317 0.004808 0.999950 -0.008784 -0.072726 -0.164113 0.009454 0.986396 3.288078
0.977693 -0.005930 0.209954 0.426697 0.007859 0.999934 -0.008353 -0.095741 -0.209890 0.009817 0.977676 4.266836
0.966821 -0.007347 0.255348 0.656683 0.009927 0.999912 -0.008817 -0.123994 -0.255261 0.011059 0.966809 5.227077
0.954083 -0.010846 0.299347 0.923079 0.014866 0.999827 -0.011155 -0.135048 -0.299175 0.015093 0.954079 6.194756
0.939781 -0.012678 0.341542 1.234736 0.017718 0.999775 -0.011642 -0.201739 -0.341317 0.016992 0.939795 7.123590
0.923223 -0.013273 0.384035 1.583098 0.019109 0.999753 -0.011387 -0.216029 -0.383789 0.017851 0.923248 8.023061
0.904473 -0.014452 0.426287 1.974419 0.020449 0.999746 -0.009494 -0.252007 -0.426041 0.017304 0.904538 8.910201
0.883482 -0.014874 0.468229 2.394852 0.020748 0.999757 -0.007390 -0.296374 -0.468005 0.016243 0.883576 9.788986
0.860257 -0.015607 0.509621 2.864675 0.021717 0.999746 -0.006042 -0.314095 -0.509397 0.016265 0.860378 10.645697
0.835474 -0.016642 0.549278 3.367638 0.023157 0.999720 -0.004932 -0.334530 -0.549042 0.016840 0.835625 11.465844
0.808954 -0.018856 0.587569 3.918877 0.026129 0.999651 -0.003894 -0.368586 -0.587291 0.018503 0.809165 12.263857
0.780747 -0.019194 0.624552 4.491345 0.027341 0.999620 -0.003459 -0.382753 -0.624249 0.019776 0.780975 13.033236
0.751103 -0.022449 0.659804 5.107123 0.031554 0.999500 -0.001914 -0.402758 -0.659431 0.022257 0.751436 13.770363
0.719919 -0.022501 0.693693 5.749829 0.031631 0.999500 -0.000406 -0.445329 -0.693337 0.022234 0.720271 14.475348
0.686291 -0.022420 0.726981 6.414773 0.033079 0.999453 -0.000405 -0.449343 -0.726574 0.024326 0.686657 15.152022
0.651553 -0.023844 0.758228 7.118777 0.036923 0.999318 -0.000303 -0.464175 -0.757704 0.028193 0.651989 15.790865
0.615726 -0.023412 0.787613 7.837874 0.037283 0.999305 0.000558 -0.498390 -0.787078 0.029021 0.616170 16.397993
0.578716 -0.023270 0.815197 8.585885 0.039791 0.999208 0.000275 -0.518471 -0.814558 0.032278 0.579184 16.960114
0.540612 -0.022412 0.840974 9.379487 0.043791 0.999040 -0.001527 -0.526410 -0.840132 0.037652 0.541074 17.475838
0.502252 -0.022222 0.864436 10.188986 0.045576 0.998961 -0.000800 -0.544385 -0.863519 0.039800 0.502743 17.986839
0.464101 -0.024437 0.885445 11.041178 0.049780 0.998759 0.001473 -0.543251 -0.884383 0.043394 0.464741 18.440174
0.427659 -0.026004 0.903566 11.905699 0.053584 0.998558 0.003376 -0.577985 -0.902351 0.046972 0.428435 18.872763
0.392221 -0.024908 0.919534 12.790526 0.054541 0.998504 0.003783 -0.596458 -0.918253 0.048669 0.392993 19.271761
0.359013 -0.025664 0.932979 13.700810 0.054831 0.998475 0.006367 -0.603522 -0.931720 0.048870 0.359873 19.650539
0.326030 -0.027636 0.944956 14.630372 0.056543 0.998353 0.009690 -0.601031 -0.943667 0.050272 0.327055 19.980888
0.293356 -0.028341 0.955583 15.573013 0.057377 0.998281 0.011994 -0.626704 -0.954280 0.051310 0.294478 20.301102
0.261492 -0.026560 0.964840 16.531034 0.054545 0.998430 0.012702 -0.653552 -0.963663 0.049306 0.262530 20.590851
0.230356 -0.024913 0.972788 17.494057 0.053989 0.998460 0.012785 -0.628566 -0.971608 0.049575 0.231346 20.848854
0.199812 -0.025155 0.979511 18.488155 0.055076 0.998378 0.014404 -0.619861 -0.978285 0.051069 0.200874 21.062954
0.169321 -0.026155 0.985214 19.490349 0.056152 0.998280 0.016851 -0.620611 -0.983960 0.052469 0.170499 21.245344
0.139171 -0.027258 0.989893 20.518883 0.054889 0.998297 0.019772 -0.634041 -0.988746 0.051583 0.140430 21.424995
0.109752 -0.027614 0.993575 21.579203 0.054917 0.998256 0.021678 -0.613170 -0.992441 0.052185 0.111077 21.567287
0.082328 -0.027807 0.996217 22.655390 0.057210 0.998094 0.023132 -0.592135 -0.994962 0.055089 0.083762 21.673550
0.057035 -0.027659 0.997989 23.740000 0.060939 0.997849 0.024173 -0.578658 -0.996511 0.059437 0.058598 21.739151
0.033874 -0.027538 0.999047 24.837912 0.065044 0.997562 0.025292 -0.558482 -0.997307 0.064126 0.035582 21.783041
0.013436 -0.028375 0.999507 25.959894 0.070165 0.997160 0.027365 -0.548081 -0.997445 0.069763 0.015389 21.804148
-0.004769 -0.029327 0.999559 27.086313 0.074247 0.996800 0.029600 -0.533665 -0.997229 0.074355 -0.002577 21.804296
-0.020739 -0.029719 0.999343 28.216734 0.077023 0.996540 0.031234 -0.519161 -0.996814 0.077620 -0.018378 21.785435
-0.035334 -0.030674 0.998905 29.372181 0.078979 0.996317 0.033388 -0.504926 -0.996250 0.080073 -0.032782 21.752159
-0.048921 -0.031957 0.998291 30.526892 0.079072 0.996227 0.035766 -0.491184 -0.995668 0.080687 -0.046209 21.720524
-0.061147 -0.032045 0.997614 31.676498 0.079123 0.996184 0.036849 -0.474157 -0.994988 0.081187 -0.058378 21.667957
-0.072202 -0.029593 0.996951 32.833702 0.079416 0.996216 0.035323 -0.444468 -0.994223 0.081724 -0.069578 21.586061
-0.082238 -0.026325 0.996265 34.008041 0.079828 0.996265 0.032915 -0.416288 -0.993411 0.082236 -0.079829 21.502777
-0.091944 -0.024074 0.995473 35.217793 0.080250 0.996277 0.031505 -0.387644 -0.992525 0.082784 -0.089670 21.401590
-0.099231 -0.023134 0.994796 36.438148 0.079649 0.996337 0.031114 -0.363329 -0.991872 0.082321 -0.097025 21.293848
-0.104914 -0.022375 0.994229 37.706512 0.079587 0.996351 0.030821 -0.332353 -0.991292 0.082361 -0.102751 21.165930
-0.110153 -0.020947 0.993694 38.981293 0.080235 0.996328 0.029897 -0.304313 -0.990671 0.083022 -0.108067 21.029051
-0.114504 -0.019564 0.993230 40.272846 0.079633 0.996408 0.028807 -0.279378 -0.990226 0.082393 -0.112535 20.890678
-0.118701 -0.019006 0.992748 41.590218 0.079469 0.996428 0.028579 -0.254377 -0.989745 0.082285 -0.116767 20.738014
-0.121257 -0.019859 0.992423 42.928772 0.079025 0.996433 0.029594 -0.233938 -0.989470 0.082014 -0.119255 20.591402
-0.123505 -0.022010 0.992100 44.296951 0.079051 0.996359 0.031946 -0.198981 -0.989190 0.082372 -0.121316 20.422365
-0.125367 -0.022648 0.991852 45.673862 0.079850 0.996266 0.032842 -0.166143 -0.988892 0.083316 -0.123090 20.249565
-0.127423 -0.022659 0.991590 47.058640 0.081395 0.996128 0.033222 -0.131898 -0.988503 0.084944 -0.125085 20.061178
-0.128112 -0.022300 0.991509 48.480610 0.082182 0.996070 0.033021 -0.090877 -0.988349 0.085714 -0.125775 19.882339
-0.128446 -0.021542 0.991482 49.937733 0.083373 0.995990 0.032441 -0.062759 -0.988206 0.086830 -0.126135 19.693361
-0.128256 -0.020959 0.991520 51.416965 0.083511 0.995998 0.031856 -0.022654 -0.988219 0.086888 -0.125992 19.507542
-0.127571 -0.020068 0.991626 52.887718 0.083270 0.996049 0.030870 -0.002737 -0.988328 0.086511 -0.125396 19.326820
-0.126162 -0.020413 0.991800 54.404079 0.082733 0.996089 0.031025 0.034595 -0.988554 0.085969 -0.123980 19.138275
-0.124567 -0.021073 0.991987 55.936729 0.082680 0.996077 0.031542 0.067266 -0.988760 0.085947 -0.122336 18.953939
-0.123487 -0.020630 0.992132 57.481045 0.083850 0.995991 0.031147 0.098678 -0.988797 0.087037 -0.121263 18.768293
-0.122212 -0.019875 0.992305 59.044712 0.083752 0.996027 0.030265 0.135793 -0.988964 0.086806 -0.120062 18.571949
-0.121346 -0.019341 0.992422 60.652515 0.084403 0.995988 0.029731 0.170180 -0.989015 0.087371 -0.119227 18.365904
-0.120213 -0.019719 0.992552 62.269352 0.083639 0.996047 0.029918 0.198720 -0.989218 0.086613 -0.118089 18.178583
-0.119277 -0.021451 0.992629 63.910854 0.084313 0.995936 0.031654 0.233052 -0.989275 0.087467 -0.116984 17.987425
-0.118125 -0.023022 0.992732 65.572006 0.086876 0.995658 0.033427 0.275811 -0.989191 0.090193 -0.115612 17.785471
-0.117565 -0.021940 0.992823 67.226852 0.089858 0.995420 0.032638 0.313373 -0.988991 0.093050 -0.115055 17.580694
-0.116671 -0.020877 0.992951 68.890373 0.090166 0.995428 0.031523 0.340162 -0.989069 0.093209 -0.114255 17.378981
-0.115479 -0.021125 0.993085 70.585503 0.089946 0.995444 0.031634 0.372657 -0.989229 0.092977 -0.113053 17.185902
-0.115635 -0.021955 0.993049 72.292686 0.089409 0.995467 0.032419 0.399216 -0.989260 0.092537 -0.113148 16.983309
-0.115316 -0.022543 0.993073 74.013359 0.089803 0.995412 0.033024 0.443431 -0.989261 0.092989 -0.112762 16.791521
-0.114796 -0.022627 0.993131 75.753937 0.090996 0.995298 0.033194 0.480006 -0.989213 0.094182 -0.112197 16.578140
-0.114396 -0.022495 0.993181 77.511368 0.092179 0.995190 0.033158 0.522892 -0.989149 0.095344 -0.111772 16.373444
-0.114361 -0.021990 0.993196 79.275337 0.093096 0.995118 0.032752 0.554980 -0.989068 0.096208 -0.111755 16.175434
-0.114810 -0.021123 0.993163 81.056656 0.092360 0.995216 0.031843 0.593354 -0.989085 0.095384 -0.112310 15.978854
-0.116183 -0.020723 0.993012 82.849091 0.091601 0.995298 0.031488 0.629840 -0.988995 0.094619 -0.113738 15.777287
-0.117194 -0.020529 0.992897 84.651505 0.090632 0.995393 0.031278 0.656508 -0.988965 0.093653 -0.114793 15.578085
-0.117981 -0.021098 0.992792 86.471588 0.089818 0.995449 0.031828 0.695502 -0.988945 0.092926 -0.115550 15.379650
-0.118628 -0.021955 0.992696 88.327156 0.089259 0.995472 0.032683 0.726727 -0.988919 0.092484 -0.116132 15.166502
-0.119220 -0.022568 0.992611 90.172699 0.087512 0.995612 0.033147 0.767100 -0.989004 0.090818 -0.116722 14.960321
-0.120389 -0.021738 0.992489 92.024918 0.087623 0.995626 0.032435 0.804761 -0.988852 0.090869 -0.117958 14.747026
-0.122253 -0.021019 0.992276 93.909225 0.086569 0.995740 0.031758 0.845688 -0.988716 0.089783 -0.119913 14.526943
-0.126167 -0.020441 0.991798 95.799797 0.086863 0.995720 0.031571 0.880588 -0.988199 0.090134 -0.123851 14.300247
-0.130410 -0.021103 0.991236 97.712074 0.084770 0.995875 0.032354 0.917634 -0.987830 0.088246 -0.128083 14.058298
-0.135108 -0.021797 0.990591 99.627701 0.083410 0.995959 0.033292 0.960227 -0.987314 0.087123 -0.132744 13.819330
-0.139875 -0.021303 0.989940 101.544624 0.082150 0.996072 0.033042 0.995429 -0.986755 0.085946 -0.137576 13.573524
-0.144467 -0.020092 0.989306 103.469849 0.081977 0.996114 0.032201 1.032681 -0.986108 0.085752 -0.142258 13.310506
-0.149072 -0.018502 0.988653 105.411507 0.082031 0.996147 0.031011 1.062756 -0.985418 0.085724 -0.146980 13.027239
-0.153412 -0.018166 0.987995 107.363441 0.080264 0.996298 0.030782 1.096972 -0.984897 0.084023 -0.151386 12.750415
-0.158299 -0.018677 0.987215 109.323631 0.078370 0.996429 0.031418 1.125195 -0.984276 0.082342 -0.156270 12.455636
-0.163538 -0.019352 0.986347 111.302696 0.076286 0.996566 0.032201 1.162666 -0.983583 0.080511 -0.161500 12.160956
-0.168797 -0.019932 0.985449 113.280235 0.075707 0.996580 0.033125 1.199968 -0.982739 0.080197 -0.166710 11.826548
-0.174371 -0.020178 0.984473 115.264915 0.075830 0.996546 0.033857 1.240371 -0.981756 0.080557 -0.172239 11.496415
-0.179928 -0.018999 0.983496 117.242470 0.076602 0.996507 0.033265 1.275648 -0.980693 0.081323 -0.177844 11.142294
-0.185315 -0.018279 0.982509 119.233910 0.075576 0.996601 0.032796 1.314681 -0.979769 0.080332 -0.183303 10.790995
-0.191099 -0.018463 0.981397 121.247246 0.076018 0.996542 0.033550 1.347788 -0.978623 0.081015 -0.189034 10.422847
-0.196609 -0.018500 0.980307 123.268036 0.075795 0.996543 0.034008 1.387821 -0.977548 0.080989 -0.194527 10.042426
-0.201891 -0.017922 0.979244 125.283585 0.075049 0.996610 0.033713 1.430337 -0.976528 0.080298 -0.199862 9.643343
-0.206334 -0.017868 0.978319 127.308853 0.073839 0.996698 0.033776 1.466893 -0.975692 0.079208 -0.204333 9.244507
-0.210789 -0.018548 0.977356 129.339432 0.074619 0.996597 0.035007 1.514077 -0.974679 0.080308 -0.208688 8.809826
-0.214329 -0.019002 0.976577 131.382401 0.076629 0.996402 0.036205 1.560691 -0.973751 0.082594 -0.212102 8.368047
-0.218044 -0.018507 0.975763 133.412704 0.078092 0.996283 0.036347 1.604907 -0.972810 0.084124 -0.215788 7.930841
-0.220654 -0.018085 0.975185 135.463409 0.078263 0.996276 0.036184 1.650509 -0.972207 0.084305 -0.218417 7.467916
-0.223864 -0.018397 0.974447 137.513901 0.077621 0.996309 0.036642 1.696043 -0.971525 0.083841 -0.221609 7.017274
-0.227287 -0.018108 0.973659 139.587616 0.076427 0.996412 0.036371 1.741375 -0.970824 0.082681 -0.225088 6.557401
-0.231680 -0.017770 0.972630 141.646484 0.074650 0.996560 0.035989 1.785655 -0.969924 0.080944 -0.229557 6.087780
-0.236189 -0.017902 0.971542 143.736984 0.074240 0.996575 0.036411 1.838904 -0.968867 0.080727 -0.234051 5.592945
-0.240618 -0.017701 0.970458 145.814911 0.074222 0.996571 0.036580 1.882116 -0.967778 0.080831 -0.238479 5.096268
-0.244967 -0.017286 0.969377 147.898743 0.073577 0.996626 0.036365 1.931611 -0.966736 0.080232 -0.242869 4.592013
-0.249525 -0.017504 0.968210 149.997650 0.072781 0.996670 0.036776 1.976008 -0.965629 0.079643 -0.247420 4.061396
-0.253502 -0.018199 0.967164 152.097107 0.072501 0.996653 0.037757 2.025367 -0.964614 0.079692 -0.251334 3.531500
-0.257512 -0.018236 0.966103 154.199768 0.073040 0.996594 0.038280 2.078086 -0.963511 0.080422 -0.255303 2.991678
-0.261361 -0.017831 0.965076 156.331619 0.073941 0.996522 0.038437 2.126709 -0.962405 0.081405 -0.259134 2.425918
-0.264722 -0.016919 0.964176 158.446213 0.074063 0.996536 0.037821 2.179207 -0.961476 0.081422 -0.262552 1.859446
-0.267985 -0.015204 0.963303 160.580658 0.074583 0.996547 0.036477 2.225715 -0.960532 0.081621 -0.265926 1.286691
-0.271319 -0.014513 0.962380 162.722717 0.074778 0.996546 0.036110 2.271655 -0.959580 0.081763 -0.269296 0.699768
-0.274540 -0.014100 0.961472 164.866867 0.074566 0.996569 0.035907 2.316639 -0.958680 0.081551 -0.272547 0.107748
-0.277878 -0.014402 0.960508 167.023865 0.074097 0.996587 0.036380 2.368402 -0.957754 0.081280 -0.275863 -0.492389
-0.281449 -0.014227 0.959471 169.194458 0.074128 0.996580 0.036522 2.412670 -0.956709 0.081403 -0.279432 -1.100063
-0.285631 -0.014244 0.958234 171.356262 0.075097 0.996482 0.037198 2.466034 -0.955393 0.082585 -0.283556 -1.733150
-0.289083 -0.013966 0.957202 173.526337 0.077459 0.996274 0.037929 2.519294 -0.954165 0.085109 -0.286924 -2.377429
-0.291401 -0.014420 0.956492 175.708206 0.078291 0.996172 0.038870 2.569364 -0.953392 0.086211 -0.289157 -3.019943
-0.294253 -0.015104 0.955608 177.893051 0.078053 0.996155 0.039780 2.619031 -0.952535 0.086294 -0.291943 -3.672389
-0.297002 -0.014845 0.954761 180.071930 0.077166 0.996236 0.039494 2.676534 -0.951754 0.085404 -0.294739 -4.340846
-0.299556 -0.013070 0.953989 182.276215 0.076687 0.996341 0.037730 2.733878 -0.950992 0.084461 -0.297458 -5.016797
-0.303048 -0.011858 0.952902 184.483322 0.075664 0.996466 0.036463 2.782660 -0.949967 0.083151 -0.301080 -5.696569
-0.305934 -0.010924 0.951990 186.686478 0.074655 0.996580 0.035427 2.839807 -0.949121 0.081909 -0.304072 -6.394298
-0.309340 -0.010181 0.950897 188.906525 0.073233 0.996718 0.034495 2.882941 -0.948127 0.080308 -0.307579 -7.084190
-0.312679 -0.010017 0.949806 191.119415 0.073455 0.996695 0.034693 2.930905 -0.947014 0.080616 -0.310909 -7.799603
-0.316284 -0.011052 0.948600 193.351212 0.072951 0.996688 0.035936 2.981245 -0.945856 0.080567 -0.314430 -8.523835
-0.319346 -0.012050 0.947562 195.575958 0.072397 0.996687 0.037074 3.030843 -0.944869 0.080440 -0.317416 -9.252023
-0.323156 -0.012289 0.946266 197.809509 0.072456 0.996659 0.037688 3.080871 -0.943568 0.080742 -0.321186 -10.009183
-0.326766 -0.012159 0.945027 200.042801 0.071531 0.996731 0.037558 3.137273 -0.942394 0.079872 -0.324828 -10.765425
-0.330422 -0.011675 0.943761 202.286194 0.070711 0.996807 0.037088 3.188387 -0.941181 0.078989 -0.328542 -11.514297
-0.333314 -0.011556 0.942745 204.521683 0.070363 0.996831 0.037096 3.239065 -0.940187 0.078699 -0.331445 -12.283421
-0.335717 -0.011049 0.941898 206.752289 0.071277 0.996766 0.037098 3.284925 -0.939262 0.079590 -0.333844 -13.075359
-0.337979 -0.011369 0.941085 208.991272 0.072218 0.996666 0.037977 3.336594 -0.938379 0.080799 -0.336031 -13.865844
-0.340495 -0.011786 0.940172 211.226242 0.073627 0.996517 0.039157 3.391472 -0.937359 0.082555 -0.338442 -14.663661
-0.342378 -0.011526 0.939492 213.472290 0.074584 0.996436 0.039405 3.447562 -0.936597 0.083562 -0.340298 -15.467135
-0.344699 -0.010971 0.938649 215.714813 0.074475 0.996460 0.038997 3.496588 -0.935754 0.083348 -0.342662 -16.283470
-0.347523 -0.010789 0.937609 217.958740 0.074022 0.996498 0.038903 3.554284 -0.934745 0.082923 -0.345507 -17.106812
-0.349707 -0.009840 0.936808 220.214020 0.073632 0.996563 0.037954 3.607943 -0.933961 0.082252 -0.347780 -17.935127
-0.352527 -0.009045 0.935758 222.459564 0.073084 0.996633 0.037167 3.651909 -0.932943 0.081492 -0.350679 -18.754147
-0.354883 -0.008888 0.934869 224.711288 0.071328 0.996783 0.036553 3.700705 -0.932186 0.079654 -0.353107 -19.581894
-0.357539 -0.008238 0.933862 226.948486 0.071677 0.996769 0.036236 3.750399 -0.931144 0.079893 -0.355793 -20.421202
-0.360450 -0.009096 0.932734 229.190201 0.072684 0.996638 0.037808 3.794791 -0.929943 0.081423 -0.358577 -21.274401
-0.362391 -0.010176 0.931970 231.432922 0.072992 0.996559 0.039263 3.844992 -0.929163 0.082255 -0.360402 -22.128353
-0.365266 -0.010745 0.930841 233.674469 0.072211 0.996593 0.039839 3.898557 -0.928098 0.081769 -0.363245 -22.985729
-0.367892 -0.010781 0.929806 235.925415 0.071091 0.996680 0.039684 3.948084 -0.927147 0.080701 -0.365904 -23.858902
-0.371065 -0.011380 0.928537 238.175308 0.069341 0.996794 0.039927 4.007004 -0.926014 0.079202 -0.369086 -24.736954
-0.374476 -0.012262 0.927156 240.408676 0.068148 0.996844 0.040709 4.061803 -0.924729 0.078428 -0.372458 -25.608658
-0.377920 -0.012390 0.925756 242.635345 0.067515 0.996879 0.040903 4.115996 -0.923373 0.077960 -0.375904 -26.497625
-0.381294 -0.012840 0.924364 244.878372 0.066746 0.996912 0.041380 4.175131 -0.922041 0.077475 -0.379260 -27.397142
-0.384577 -0.013409 0.922995 247.124100 0.065903 0.996944 0.041942 4.226794 -0.920737 0.076958 -0.382519 -28.293518
-0.388426 -0.013686 0.921378 249.349854 0.064933 0.996998 0.042183 4.292213 -0.919189 0.076213 -0.386371 -29.220980
-0.392107 -0.013387 0.919822 251.577072 0.064726 0.997015 0.042102 4.352464 -0.917640 0.076045 -0.390070 -30.140852
-0.395361 -0.013130 0.918432 253.808319 0.065074 0.996985 0.042265 4.410416 -0.916218 0.076476 -0.393315 -31.082125
-0.399190 -0.013402 0.916770 256.017700 0.064631 0.996994 0.042718 4.466665 -0.914588 0.076305 -0.397124 -32.015995
-0.402596 -0.013394 0.915280 258.243652 0.063524 0.997074 0.042533 4.523783 -0.913171 0.075265 -0.400567 -32.966003
-0.406284 -0.013164 0.913652 260.453064 0.063740 0.997052 0.042709 4.597222 -0.911521 0.075589 -0.404247 -33.928249
-0.409869 -0.012455 0.912059 262.670227 0.064544 0.997004 0.042621 4.670192 -0.909858 0.076337 -0.407837 -34.900265
-0.413161 -0.011542 0.910585 264.868866 0.065743 0.996933 0.042466 4.730047 -0.908282 0.077409 -0.411135 -35.886246
-0.416377 -0.010073 0.909136 267.067047 0.067409 0.996844 0.041918 4.793633 -0.906690 0.078738 -0.414384 -36.887234
-0.419412 -0.009440 0.907747 269.273224 0.068545 0.996762 0.042036 4.862449 -0.905204 0.079852 -0.417407 -37.903378
-0.422310 -0.007544 0.906420 271.480743 0.070384 0.996673 0.041087 4.932333 -0.903715 0.081149 -0.420374 -38.923279
-0.424987 -0.005485 0.905183 273.688568 0.072264 0.996584 0.039967 4.994406 -0.902311 0.082397 -0.423139 -39.946873
-0.427676 -0.005037 0.903918 275.907196 0.073108 0.996516 0.040143 5.060288 -0.900971 0.083252 -0.425817 -40.982052
-0.431012 -0.004594 0.902335 278.126160 0.073116 0.996521 0.039999 5.120998 -0.899379 0.083215 -0.429176 -42.020950
-0.434118 -0.004476 0.900845 280.369019 0.072281 0.996591 0.039784 5.191811 -0.897952 0.082385 -0.432314 -43.076984
-0.437532 -0.003412 0.899196 282.611694 0.072883 0.996568 0.039245 5.268353 -0.896244 0.082707 -0.435782 -44.162483
-0.440842 -0.003459 0.897578 284.861877 0.071964 0.996637 0.039185 5.330413 -0.894695 0.081868 -0.439111 -45.255474
-0.443306 -0.003493 0.896363 287.126160 0.070754 0.996736 0.038877 5.397781 -0.893573 0.080656 -0.441612 -46.338608
-0.446179 -0.003283 0.894938 289.378906 0.071680 0.996650 0.039393 5.473852 -0.892068 0.081725 -0.444449 -47.456932
-0.448376 -0.003506 0.893838 291.628967 0.073016 0.996507 0.040536 5.543000 -0.890858 0.083440 -0.446553 -48.576202
-0.450155 -0.003919 0.892942 293.885803 0.073946 0.996392 0.041650 5.607831 -0.889883 0.084778 -0.448241 -49.703239
-0.452414 -0.004281 0.891798 296.174469 0.073757 0.996383 0.042200 5.679173 -0.888753 0.084868 -0.450462 -50.838047
-0.454561 -0.004941 0.890702 298.438751 0.073431 0.996373 0.043002 5.760910 -0.887684 0.084952 -0.452549 -51.982769
-0.456960 -0.005336 0.889471 300.721710 0.074219 0.996266 0.044106 5.844817 -0.886385 0.086171 -0.454858 -53.144066
-0.458945 -0.005686 0.888447 303.015228 0.074606 0.996201 0.044914 5.922556 -0.885327 0.086896 -0.456777 -54.310036
-0.460905 -0.004846 0.887436 305.317596 0.074588 0.996235 0.044179 6.004673 -0.884309 0.086554 -0.458809 -55.485180
-0.463097 -0.003324 0.886301 307.631348 0.073619 0.996393 0.042203 6.077140 -0.883245 0.084792 -0.461182 -56.678925
-0.466286 -0.004175 0.884624 309.953674 0.071142 0.996573 0.042202 6.149312 -0.881769 0.082613 -0.464391 -57.869526
-0.470322 -0.006413 0.882472 312.288696 0.068558 0.996686 0.043781 6.223060 -0.879828 0.081092 -0.468324 -59.075245
-0.475154 -0.008615 0.879860 314.630341 0.066034 0.996783 0.045421 6.303677 -0.877421 0.079682 -0.473057 -60.302357
-0.479595 -0.009685 0.877436 316.972412 0.065115 0.996789 0.046593 6.398011 -0.875070 0.079480 -0.477425 -61.549858
-0.483638 -0.009794 0.875213 319.316437 0.065339 0.996743 0.047260 6.490807 -0.872826 0.080042 -0.481423 -62.810890
-0.487564 -0.008531 0.873046 321.652130 0.067448 0.996596 0.047406 6.587177 -0.870478 0.081998 -0.485329 -64.104584
-0.491386 -0.007804 0.870907 323.989960 0.068402 0.996525 0.047524 6.674463 -0.868252 0.082924 -0.489145 -65.397346
-0.495155 -0.008581 0.868762 326.326111 0.068280 0.996474 0.048760 6.762047 -0.866117 0.083463 -0.492823 -66.712280
-0.499161 -0.009980 0.866452 328.639435 0.068006 0.996398 0.050654 6.852180 -0.863837 0.084208 -0.496684 -68.028099
-0.502961 -0.011491 0.864232 330.982727 0.067249 0.996360 0.052385 6.944685 -0.861689 0.084467 -0.500358 -69.359161
-0.506695 -0.011966 0.862042 333.308838 0.066871 0.996346 0.053136 7.039320 -0.859528 0.084569 -0.504044 -70.687843
-0.510732 -0.012597 0.859648 335.633789 0.065877 0.996380 0.053740 7.138666 -0.857212 0.084078 -0.508053 -72.029793
-0.515141 -0.012700 0.857011 337.945343 0.066742 0.996260 0.054882 7.235377 -0.854503 0.085470 -0.512366 -73.396362
-0.519081 -0.013525 0.854618 340.233795 0.067194 0.996135 0.056577 7.336938 -0.852080 0.086793 -0.516166 -74.751991
-0.522748 -0.014721 0.852360 342.535309 0.066005 0.996150 0.057685 7.443983 -0.849928 0.086415 -0.519764 -76.126190
-0.526098 -0.015607 0.850281 344.835907 0.065123 0.996156 0.058578 7.555956 -0.847927 0.086191 -0.523060 -77.512688
-0.529511 -0.016683 0.848139 347.108124 0.065026 0.996067 0.060190 7.666697 -0.845807 0.087022 -0.526344 -78.898102
-0.532245 -0.017560 0.846408 349.389343 0.063708 0.996119 0.060727 7.776175 -0.844190 0.086245 -0.529061 -80.295967
-0.535076 -0.017807 0.844616 351.650574 0.061254 0.996329 0.059811 7.897658 -0.842580 0.083739 -0.532021 -81.695122
-0.538256 -0.019273 0.842561 353.937805 0.056368 0.996677 0.058808 8.014718 -0.840894 0.079147 -0.535381 -83.105438
-0.541481 -0.022461 0.840413 356.214355 0.052235 0.996813 0.060297 8.118649 -0.839088 0.076549 -0.538582 -84.532616
-0.544771 -0.023044 0.838268 358.483398 0.053580 0.996623 0.062218 8.248891 -0.836872 0.078809 -0.541697 -85.974274
-0.547554 -0.022400 0.836470 360.743317 0.054106 0.996602 0.062107 8.369031 -0.835019 0.079265 -0.544482 -87.430374
-0.550324 -0.023472 0.834621 363.005524 0.052002 0.996701 0.062319 8.490545 -0.833330 0.077698 -0.547288 -88.881935
-0.553644 -0.027213 0.832309 365.253693 0.048828 0.996686 0.065067 8.615973 -0.831321 0.076663 -0.550480 -90.338020
-0.556642 -0.029282 0.830236 367.508392 0.047797 0.996594 0.067195 8.748408 -0.829377 0.077086 -0.553346 -91.818718
-0.559421 -0.029945 0.828343 369.767273 0.046603 0.996630 0.067502 8.891455 -0.827573 0.076366 -0.556140 -93.302994
-0.562268 -0.030417 0.826396 372.032227 0.045807 0.996643 0.067850 9.029961 -0.825685 0.076005 -0.558987 -94.809509
-0.565058 -0.030746 0.824478 374.278412 0.046015 0.996576 0.068699 9.167123 -0.823767 0.076757 -0.561709 -96.317932
-0.567562 -0.031466 0.822729 376.508667 0.045359 0.996557 0.069406 9.302192 -0.822080 0.076710 -0.564181 -97.827118
-0.570161 -0.032726 0.820881 378.735840 0.043028 0.996645 0.069619 9.424552 -0.820406 0.075015 -0.566840 -99.341400
-0.572418 -0.035676 0.819185 380.940704 0.034287 0.997138 0.067385 9.539768 -0.819245 0.066660 -0.569556 -100.823776
-0.574849 -0.033109 0.817590 383.140137 0.026633 0.997895 0.059137 9.684357 -0.817826 0.055770 -0.572757 -102.301308
-0.578089 -0.022816 0.815655 385.329712 0.035783 0.997939 0.053276 9.823243 -0.815189 0.059985 -0.576081 -103.846107
-0.579391 -0.020784 0.814785 387.543060 0.042745 0.997524 0.055841 9.926766 -0.813928 0.067182 -0.577068 -105.426384
-0.581054 -0.029789 0.813320 389.771576 0.041427 0.996952 0.066111 10.039250 -0.812810 0.072107 -0.578049 -107.001106
-0.583470 -0.041177 0.811090 392.005127 0.035893 0.996430 0.076407 10.170867 -0.811341 0.073694 -0.579909 -108.568123
-0.586070 -0.047963 0.808839 394.224121 0.030259 0.996255 0.081001 10.328445 -0.809695 0.071947 -0.582424 -110.110924
-0.588731 -0.047701 0.806920 396.424744 0.029911 0.996288 0.080718 10.514842 -0.807776 0.071657 -0.585119 -111.675087
-0.591719 -0.042994 0.804997 398.613342 0.035137 0.996252 0.079037 10.684156 -0.805378 0.075052 -0.587990 -113.261940
-0.593732 -0.037519 0.803788 400.762787 0.039408 0.996358 0.075616 10.828049 -0.803697 0.076571 -0.590091 -114.844353
-0.596258 -0.034440 0.802054 402.932495 0.040082 0.996556 0.072590 10.972507 -0.801792 0.075430 -0.592824 -116.431358
-0.599123 -0.034790 0.799901 405.111420 0.039666 0.996539 0.073052 11.122506 -0.799674 0.075496 -0.595670 -118.032349
-0.601781 -0.035147 0.797888 407.269104 0.040402 0.996412 0.074364 11.279646 -0.797639 0.076987 -0.598202 -119.629707
-0.604204 -0.036247 0.796005 409.424652 0.040673 0.996260 0.076238 11.434736 -0.795791 0.078439 -0.600470 -121.235222
-0.605960 -0.036504 0.794657 411.583374 0.040771 0.996208 0.076852 11.584021 -0.794449 0.078969 -0.602175 -122.852997
-0.607450 -0.036150 0.793535 413.747833 0.041197 0.996186 0.076918 11.741623 -0.793289 0.079415 -0.603644 -124.481415
-0.608404 -0.035880 0.792816 415.883240 0.041992 0.996123 0.077305 11.901690 -0.792516 0.080325 -0.604538 -126.102318
-0.609765 -0.036430 0.791745 418.035095 0.043052 0.995946 0.078983 12.066042 -0.791412 0.082248 -0.605724 -127.741852
-0.610727 -0.037167 0.790969 420.173553 0.044909 0.995664 0.081461 12.235188 -0.790567 0.085272 -0.606409 -129.380981
-0.611550 -0.038040 0.790291 422.305695 0.046333 0.995408 0.083767 12.400093 -0.789848 0.087844 -0.606979 -131.015594
-0.612482 -0.038399 0.789551 424.441254 0.044821 0.995526 0.083186 12.561329 -0.789213 0.086339 -0.608020 -132.637054
-0.613713 -0.038355 0.788597 426.575195 0.041182 0.995905 0.080487 12.720086 -0.788455 0.081872 -0.609620 -134.257324
-0.614924 -0.038441 0.787649 428.704956 0.038545 0.996152 0.078709 12.890203 -0.787644 0.078760 -0.611076 -135.875061
-0.615924 -0.039140 0.786833 430.838409 0.037716 0.996155 0.079076 13.063081 -0.786902 0.078381 -0.612079 -137.517578
-0.616656 -0.040696 0.786180 432.962982 0.035755 0.996184 0.079612 13.217072 -0.786420 0.077203 -0.612848 -139.148865
-0.617356 -0.041297 0.785599 435.084534 0.033269 0.996357 0.078519 13.373137 -0.785980 0.074610 -0.613733 -140.786743
-0.617971 -0.042139 0.785070 437.212494 0.032068 0.996381 0.078723 13.548465 -0.785546 0.073824 -0.614384 -142.427826
-0.618318 -0.043458 0.784725 439.327637 0.032432 0.996209 0.080724 13.717458 -0.785258 0.075363 -0.614564 -144.076065
-0.618215 -0.044629 0.784741 441.456299 0.034438 0.995890 0.083767 13.896633 -0.785254 0.078811 -0.614137 -145.731659
-0.617112 -0.046398 0.785506 443.575165 0.038233 0.995313 0.088828 14.089123 -0.785946 0.084849 -0.612446 -147.394699
-0.615726 -0.048202 0.786485 445.697784 0.041768 0.994727 0.093664 14.270130 -0.786853 0.090521 -0.610466 -149.059494
-0.613751 -0.051060 0.787847 447.823975 0.037645 0.994879 0.093803 14.438115 -0.788602 0.087231 -0.608685 -150.681854
-0.612177 -0.052071 0.789005 449.955780 0.030635 0.995518 0.089469 14.619838 -0.790127 0.078942 -0.607838 -152.288467
-0.610248 -0.052817 0.790448 452.087372 0.025851 0.995916 0.086504 14.827656 -0.791789 0.073222 -0.606390 -153.897491
-0.607392 -0.052591 0.792660 454.220795 0.024662 0.996077 0.084984 15.019326 -0.794019 0.071167 -0.603712 -155.517822
-0.604654 -0.052290 0.794770 456.343262 0.026017 0.996013 0.085324 15.204606 -0.796063 0.072269 -0.600884 -157.125977
-0.601459 -0.052258 0.797192 458.483398 0.027266 0.995934 0.085857 15.386867 -0.798438 0.073376 -0.597589 -158.731659
-0.598863 -0.052523 0.799127 460.623322 0.024929 0.996141 0.084153 15.543918 -0.800463 0.070317 -0.595243 -160.310181
-0.596730 -0.057119 0.800406 462.771759 0.017844 0.996272 0.084400 15.709531 -0.802243 0.064647 -0.593487 -161.876801
-0.595080 -0.063088 0.801186 464.944550 0.009702 0.996278 0.085657 15.884868 -0.803608 0.058746 -0.592253 -163.427628
-0.594292 -0.066000 0.801536 467.109467 0.003319 0.996417 0.084508 16.063339 -0.804242 0.052882 -0.591944 -164.984680
-0.593657 -0.065818 0.802022 469.266968 0.001527 0.996556 0.082913 16.258425 -0.804717 0.050447 -0.591512 -166.543503
-0.592507 -0.065781 0.802875 471.422150 0.002964 0.996476 0.083830 16.442329 -0.805560 0.052049 -0.590223 -168.122604
-0.590967 -0.067484 0.803868 473.589355 0.004741 0.996187 0.087114 16.617441 -0.806682 0.055292 -0.588394 -169.703674
-0.589380 -0.069733 0.804840 475.740509 0.003785 0.996018 0.089070 16.792639 -0.807847 0.055543 -0.586769 -171.262115
-0.588139 -0.070598 0.805673 477.886719 0.001663 0.996075 0.088496 16.975929 -0.808758 0.053387 -0.585713 -172.823517
-0.587344 -0.069384 0.806358 480.026642 0.000839 0.996266 0.086336 17.165195 -0.809337 0.051386 -0.585092 -174.361359
-0.586116 -0.067904 0.807376 482.180786 0.001790 0.996371 0.085098 17.354656 -0.810225 0.051322 -0.583868 -175.907547
-0.584834 -0.067537 0.808336 484.339264 0.003636 0.996299 0.085873 17.535749 -0.811145 0.053161 -0.582424 -177.477234
-0.583556 -0.067891 0.809230 486.509857 0.005419 0.996151 0.087481 17.713263 -0.812055 0.055435 -0.580943 -179.030884
-0.582093 -0.068561 0.810227 488.681458 0.005559 0.996080 0.088281 17.895725 -0.813103 0.055891 -0.579430 -180.581024
-0.580846 -0.069534 0.811038 490.849762 0.004858 0.996031 0.088873 18.074169 -0.813999 0.055562 -0.578203 -182.118774
-0.579846 -0.070303 0.811687 493.009003 0.005044 0.995941 0.089865 18.266399 -0.814710 0.056202 -0.577138 -183.655792
-0.578706 -0.071467 0.812399 495.180573 0.004750 0.995841 0.090988 18.455231 -0.815522 0.056514 -0.575960 -185.193253
-0.578048 -0.070890 0.812918 497.357941 0.004353 0.995937 0.089946 18.648779 -0.815991 0.055532 -0.575391 -186.722412
-0.577391 -0.069873 0.813472 499.529968 0.004667 0.996033 0.088866 18.840261 -0.816454 0.055107 -0.574774 -188.245544
-0.576631 -0.070597 0.813949 501.706207 0.004824 0.995948 0.089800 19.028215 -0.816991 0.055708 -0.573954 -189.780106
-0.576124 -0.071707 0.814211 503.891052 0.004322 0.995863 0.090763 19.213081 -0.817351 0.055810 -0.573430 -191.297958
-0.575630 -0.073269 0.814421 506.064026 0.003220 0.995767 0.091860 19.405655 -0.817704 0.055500 -0.572957 -192.818161
-0.575601 -0.073934 0.814382 508.252228 0.002644 0.995731 0.092266 19.602535 -0.817727 0.055262 -0.572948 -194.329147
-0.575706 -0.073428 0.814353 510.435150 0.003168 0.995752 0.092024 19.803431 -0.817651 0.055559 -0.573027 -195.851974
-0.575991 -0.073550 0.814141 512.622009 0.003323 0.995725 0.092306 19.997833 -0.817449 0.055873 -0.573284 -197.387161
-0.575915 -0.075012 0.814061 514.804688 0.002798 0.995595 0.093719 20.194199 -0.817505 0.056251 -0.573168 -198.906921
-0.576005 -0.076558 0.813854 516.991638 0.002170 0.995458 0.095177 20.394386 -0.817444 0.056588 -0.573222 -200.426590
-0.576071 -0.077572 0.813711 519.180176 0.001723 0.995369 0.096109 20.596319 -0.817398 0.056768 -0.573269 -201.952179
-0.576126 -0.077461 0.813682 521.369812 0.001303 0.995411 0.095684 20.805456 -0.817360 0.056187 -0.573382 -203.475403
-0.576013 -0.077194 0.813788 523.548767 0.001284 0.995445 0.095334 21.016562 -0.817440 0.055958 -0.573290 -204.997513
-0.575587 -0.076820 0.814124 525.722168 0.001741 0.995460 0.095162 21.220766 -0.817738 0.056192 -0.572841 -206.515411
-0.575245 -0.077145 0.814335 527.914673 0.001952 0.995411 0.095677 21.423321 -0.817978 0.056627 -0.572455 -208.046402
-0.575082 -0.077543 0.814413 530.102234 0.001518 0.995395 0.095847 21.627300 -0.818095 0.056356 -0.572316 -209.571075
-0.574881 -0.077556 0.814553 532.279175 0.000951 0.995434 0.095450 21.825882 -0.818237 0.055647 -0.572182 -211.081665
-0.574562 -0.078321 0.814705 534.468811 0.000497 0.995377 0.096041 22.035696 -0.818461 0.055587 -0.571867 -212.594818
-0.574241 -0.079514 0.814816 536.642578 0.000494 0.995238 0.097469 22.245516 -0.818686 0.056373 -0.571468 -214.120987
-0.573711 -0.080730 0.815070 538.839600 0.000628 0.995087 0.099002 22.462349 -0.819058 0.057310 -0.570842 -215.643036
-0.573312 -0.080580 0.815365 541.021118 0.000954 0.995086 0.099012 22.673706 -0.819337 0.057542 -0.570417 -217.147064
-0.573013 -0.079705 0.815661 543.210388 0.002120 0.995112 0.098730 22.887224 -0.819544 0.058303 -0.570043 -218.674835
-0.572849 -0.079989 0.815749 545.389709 0.002493 0.995052 0.099322 23.100296 -0.819657 0.058930 -0.569815 -220.189972
-0.572472 -0.081138 0.815900 547.587646 0.002059 0.994946 0.100388 23.315153 -0.819922 0.059149 -0.569412 -221.704681
-0.572191 -0.081490 0.816062 549.764221 0.001366 0.994955 0.100311 23.532366 -0.820119 0.058512 -0.569193 -223.207352
-0.572302 -0.081675 0.815966 551.954834 0.001032 0.994955 0.100315 23.748608 -0.820042 0.058252 -0.569330 -224.722839
-0.572390 -0.082925 0.815778 554.146484 0.000819 0.994815 0.101699 23.969782 -0.819981 0.058880 -0.569354 -226.236023
-0.572197 -0.084576 0.815743 556.327026 0.000472 0.994634 0.103454 24.191833 -0.820116 0.059581 -0.569087 -227.745499
-0.572315 -0.085688 0.815545 558.515076 -0.000332 0.994550 0.104263 24.416615 -0.820034 0.059400 -0.569224 -229.246078
-0.572402 -0.084523 0.815605 560.705750 -0.000802 0.994730 0.102524 24.641283 -0.819973 0.058031 -0.569453 -230.750244
-0.572475 -0.082450 0.815766 562.888367 -0.000923 0.994995 0.099917 24.866667 -0.819922 0.056447 -0.569686 -232.260635
-0.572544 -0.082696 0.815693 565.068359 -0.001061 0.994974 0.100127 25.086069 -0.819873 0.056462 -0.569754 -233.775024
-0.572395 -0.084102 0.815654 567.258301 -0.000527 0.994764 0.102200 25.313759 -0.819978 0.058069 -0.569442 -235.295197
-0.572103 -0.085416 0.815722 569.463379 0.000468 0.994528 0.104467 25.539589 -0.820182 0.060147 -0.568933 -236.822174
-0.572027 -0.085087 0.815809 571.649048 0.001313 0.994509 0.104646 25.764273 -0.820233 0.060932 -0.568774 -238.333191
-0.571980 -0.084313 0.815923 573.840820 0.001617 0.994586 0.103909 25.996866 -0.820266 0.060753 -0.568746 -239.847260
-0.571994 -0.084059 0.815939 576.032837 0.002144 0.994579 0.103966 26.229128 -0.820255 0.061217 -0.568713 -241.372391
-0.571741 -0.084166 0.816105 578.237244 0.003074 0.994497 0.104717 26.463257 -0.820428 0.062379 -0.568337 -242.894165
-0.571655 -0.085139 0.816065 580.434082 0.003712 0.994323 0.106336 26.691738 -0.820486 0.063817 -0.568094 -244.416611
-0.571294 -0.086237 0.816202 582.624512 0.003406 0.994207 0.107429 26.920515 -0.820738 0.064153 -0.567691 -245.931427
-0.571120 -0.086285 0.816319 584.820190 0.003602 0.994187 0.107605 27.162003 -0.820858 0.064395 -0.567490 -247.448318
-0.570594 -0.086283 0.816687 587.017578 0.004565 0.994117 0.108218 27.399632 -0.821220 0.065477 -0.566843 -248.967178
-0.570148 -0.087320 0.816889 589.202454 0.004843 0.993961 0.109628 27.631516 -0.821528 0.066460 -0.566282 -250.480286
-0.569729 -0.088718 0.817030 591.393982 0.003653 0.993873 0.110468 27.874260 -0.821825 0.065921 -0.565914 -251.980743
-0.569077 -0.090350 0.817306 593.595093 0.002072 0.993784 0.111303 28.119450 -0.822282 0.065034 -0.565352 -253.482224
-0.568558 -0.089477 0.817762 595.784729 0.002443 0.993879 0.110445 28.369583 -0.822639 0.064792 -0.564860 -254.990952
-0.567862 -0.088128 0.818392 597.987854 0.003867 0.993955 0.109716 28.621639 -0.823115 0.065468 -0.564089 -256.504761
-0.567104 -0.087734 0.818960 600.188965 0.004896 0.993934 0.109869 28.857346 -0.823632 0.066316 -0.563234 -258.017761
-0.566442 -0.088745 0.819309 602.394836 0.004967 0.993799 0.111079 29.096149 -0.824086 0.066989 -0.562489 -259.523254
-0.565620 -0.089707 0.819772 604.580872 0.005320 0.993648 0.112405 29.346014 -0.824649 0.067940 -0.561550 -261.018433
-0.564943 -0.089330 0.820280 606.774353 0.005476 0.993695 0.111986 29.585180 -0.825112 0.067758 -0.560891 -262.507446
-0.563918 -0.089635 0.820952 608.973450 0.004877 0.993713 0.111847 29.830856 -0.825816 0.067076 -0.559936 -263.996368
-0.563040 -0.089921 0.821523 611.168518 0.004545 0.993711 0.111883 30.079296 -0.826417 0.066729 -0.559090 -265.484039
-0.562461 -0.090707 0.821833 613.367188 0.004090 0.993647 0.112470 30.328144 -0.826813 0.066621 -0.558517 -266.975647
-0.561543 -0.091382 0.822386 615.562622 0.003571 0.993606 0.112846 30.578152 -0.827440 0.066305 -0.557626 -268.461243
-0.560763 -0.092707 0.822770 617.767151 0.002151 0.993545 0.113415 30.822544 -0.827974 0.065369 -0.556944 -269.932159
-0.560311 -0.093462 0.822992 619.972717 0.000655 0.993563 0.113278 31.077938 -0.828282 0.064010 -0.556643 -271.409973
-0.560366 -0.092997 0.823008 622.171143 -0.000019 0.993678 0.112269 31.328382 -0.828245 0.062895 -0.556825 -272.881073
-0.560623 -0.093343 0.822793 624.394470 0.000583 0.993582 0.113115 31.585995 -0.828071 0.063894 -0.556971 -274.372223
-0.560510 -0.094744 0.822710 626.604065 0.000599 0.993388 0.114807 31.838762 -0.828147 0.064844 -0.556747 -275.852692
-0.560351 -0.096114 0.822660 628.809814 -0.000190 0.993259 0.115916 32.098709 -0.828255 0.064797 -0.556592 -277.328979
-0.560411 -0.095531 0.822687 631.018982 -0.000485 0.993363 0.115020 32.354599 -0.828215 0.064060 -0.556738 -278.804932
-0.560348 -0.093820 0.822926 633.222839 -0.000089 0.993571 0.113214 32.615894 -0.828257 0.063366 -0.556754 -280.282959
-0.560258 -0.092708 0.823114 635.422791 0.000227 0.993700 0.112076 32.866196 -0.828318 0.062978 -0.556707 -281.754730
-0.560196 -0.092841 0.823141 637.631958 0.000555 0.993657 0.112450 33.121140 -0.828360 0.063451 -0.556591 -283.232300
-0.560030 -0.093872 0.823137 639.848145 0.000613 0.993513 0.113718 33.372730 -0.828472 0.064190 -0.556339 -284.722656
-0.559871 -0.094968 0.823119 642.062561 0.001026 0.993330 0.115304 33.622368 -0.828579 0.065400 -0.556039 -286.202118
-0.559746 -0.095271 0.823169 644.293213 0.001350 0.993263 0.115876 33.885021 -0.828663 0.065972 -0.555846 -287.692383
-0.559532 -0.095348 0.823306 646.514099 0.001252 0.993262 0.115881 34.140770 -0.828808 0.065870 -0.555642 -289.175842
-0.558955 -0.095369 0.823696 648.716675 0.000960 0.993289 0.115656 34.399357 -0.829198 0.065437 -0.555112 -290.647339
-0.558552 -0.095530 0.823950 650.935120 0.001195 0.993252 0.115969 34.663387 -0.829469 0.065759 -0.554669 -292.130676
-0.557999 -0.096093 0.824259 653.159424 0.001276 0.993172 0.116649 34.920506 -0.829841 0.066142 -0.554066 -293.618011
-0.557646 -0.096816 0.824414 655.377258 0.000842 0.993108 0.117196 35.182247 -0.830079 0.066048 -0.553721 -295.088776
-0.557167 -0.097339 0.824676 657.595947 0.000514 0.993065 0.117562 35.447468 -0.830400 0.065925 -0.553254 -296.564972
-0.556836 -0.096670 0.824978 659.825073 0.000638 0.993154 0.116807 35.709255 -0.830622 0.065569 -0.552963 -298.050873
