1.000000 0.000000 0.000000 0.000000 0.000000 1.000000 0.000000 0.000000 0.000000 0.000000 1.000000 0.000000
0.999001 -0.000251 0.044690 0.023313 0.000358 0.999997 -0.002371 -0.020312 -0.044690 0.002385 0.998998 0.947016
0.995907 -0.004633 0.090268 0.116319 0.005402 0.999951 -0.008271 -0.018594 -0.090225 0.008725 0.995883 1.965605
0.990595 -0.003255 0.136786 0.233260 0.004988 0.999912 -0.012325 -0.032059 -0.136734 0.012891 0.990524 2.953857
0.983125 -0.000899 0.182933 0.413556 0.003737 0.999878 -0.015171 -0.043698 -0.182897 0.015599 0.983008 3.984092
0.973071 -0.002798 0.230489 0.631771 0.006476 0.999864 -0.015200 -0.065647 -0.230415 0.016284 0.972956 5.000090
0.961295 -0.003330 0.275500 0.989974 0.008440 0.999814 -0.017366 -0.067785 -0.275391 0.019019 0.961144 6.180357
0.947177 -0.005907 0.320657 1.320166 0.013115 0.999707 -0.020323 -0.083727 -0.320443 0.023455 0.946977 7.222177
0.931859 -0.007076 0.362751 1.711062 0.016298 0.999617 -0.022369 -0.106343 -0.362454 0.026757 0.931618 8.184328
0.914393 -0.007704 0.404754 2.158211 0.018668 0.999558 -0.023147 -0.130577 -0.404397 0.028722 0.914133 9.168549
0.894725 -0.007965 0.446547 2.611246 0.020167 0.999542 -0.022579 -0.148425 -0.446162 0.029207 0.894475 10.063181
0.872854 -0.006941 0.487931 3.096790 0.020335 0.999548 -0.022158 -0.171506 -0.487557 0.029262 0.872601 10.932746
0.848543 -0.007060 0.529079 3.610270 0.021230 0.999560 -0.020710 -0.208593 -0.528700 0.028805 0.848320 11.763932
0.822314 -0.007117 0.568990 4.146108 0.023474 0.999495 -0.021424 -0.222711 -0.568550 0.030974 0.822065 12.595169
0.794493 -0.008270 0.607217 4.725168 0.027219 0.999387 -0.022003 -0.235066 -0.606663 0.034009 0.794231 13.386646
0.766259 -0.006775 0.642496 5.413443 0.028408 0.999324 -0.023342 -0.244205 -0.641903 0.036138 0.765934 14.225825
0.735436 -0.009584 0.677526 6.102504 0.033907 0.999168 -0.022672 -0.262317 -0.676745 0.039647 0.735149 14.987127
0.703294 -0.008502 0.710848 6.795585 0.034434 0.999162 -0.022118 -0.292367 -0.710065 0.040033 0.702998 15.685899
0.668132 -0.007199 0.744008 7.481177 0.036145 0.999087 -0.022792 -0.322933 -0.743164 0.042121 0.667782 16.342148
0.631805 -0.008077 0.775085 8.180517 0.041741 0.998849 -0.023615 -0.342320 -0.774002 0.047273 0.631415 16.935192
0.595388 -0.005804 0.803418 8.952331 0.042646 0.998793 -0.024388 -0.357569 -0.802306 0.048782 0.594916 17.504284
0.556954 -0.005170 0.830527 9.757885 0.046788 0.998588 -0.025160 -0.389503 -0.829224 0.052872 0.556410 18.092897
0.518492 -0.003203 0.855077 10.580888 0.052003 0.998260 -0.027793 -0.412507 -0.853500 0.058877 0.517756 18.604546
0.479354 -0.002631 0.877618 11.414033 0.055427 0.998090 -0.027283 -0.433856 -0.875870 0.061722 0.478584 19.090649
0.441576 -0.003635 0.897216 12.255479 0.061617 0.997754 -0.026283 -0.442004 -0.895105 0.066890 0.440808 19.529888
0.403111 -0.004046 0.915142 13.089704 0.066331 0.997489 -0.024809 -0.466866 -0.912744 0.070703 0.402367 19.945587
0.368170 -0.001314 0.929758 13.892914 0.068452 0.997323 -0.025697 -0.495755 -0.927235 0.073104 0.367274 20.274595
0.333685 -0.001853 0.942683 14.761851 0.070718 0.997229 -0.023072 -0.513517 -0.940028 0.074364 0.332891 20.620235
0.299798 -0.003046 0.953998 15.684539 0.073503 0.997096 -0.019915 -0.533086 -0.951167 0.076092 0.299152 20.916813
0.265383 -0.002521 0.964140 16.588657 0.075558 0.996975 -0.018191 -0.551517 -0.961178 0.077676 0.264771 21.186584
0.231020 0.000656 0.972949 17.587292 0.073253 0.997150 -0.018066 -0.569554 -0.970187 0.075445 0.230314 21.474377
0.198276 0.002605 0.980143 18.608131 0.073788 0.997119 -0.017577 -0.581692 -0.977365 0.075807 0.197512 21.740719
0.166697 0.003465 0.986002 19.604971 0.075641 0.997002 -0.016291 -0.599960 -0.983103 0.077298 0.165935 21.936131
0.135430 0.003481 0.990781 20.618711 0.077311 0.996908 -0.014070 -0.617860 -0.987766 0.078504 0.134742 22.088131
0.103886 0.003039 0.994585 21.660574 0.077511 0.996929 -0.011142 -0.624386 -0.991564 0.078249 0.103331 22.215313
0.073824 0.003238 0.997266 22.726011 0.078345 0.996885 -0.009036 -0.629540 -0.994189 0.078798 0.073340 22.302004
0.045148 0.003921 0.998973 23.823385 0.081280 0.996662 -0.007585 -0.641413 -0.995668 0.081539 0.044679 22.378317
0.018925 0.004875 0.999809 24.919588 0.085755 0.996295 -0.006481 -0.651686 -0.996136 0.085861 0.018437 22.413698
-0.004054 0.005708 0.999976 25.972244 0.089878 0.995939 -0.005320 -0.652604 -0.995944 0.089855 -0.004551 22.417892
-0.023928 0.006735 0.999691 27.058256 0.096024 0.995369 -0.004407 -0.643053 -0.995091 0.095889 -0.024464 22.379496
-0.041267 0.006339 0.999128 28.176407 0.099734 0.995012 -0.002194 -0.639253 -0.994158 0.099556 -0.041693 22.315996
-0.057203 0.007037 0.998338 29.322542 0.102951 0.994686 -0.001112 -0.632706 -0.993040 0.102716 -0.057624 22.247791
-0.072073 0.006703 0.997377 30.479465 0.105287 0.994441 0.000925 -0.633361 -0.991827 0.105077 -0.072378 22.168652
-0.085120 0.005101 0.996358 31.603394 0.104902 0.994475 0.003870 -0.647848 -0.990833 0.104849 -0.085185 22.065596
-0.097693 0.005522 0.995201 32.774963 0.104906 0.994471 0.004780 -0.649545 -0.989672 0.104870 -0.097733 21.945807
-0.108929 0.008388 0.994014 33.951122 0.105088 0.994458 0.003124 -0.652332 -0.988479 0.104799 -0.109207 21.806461
-0.118833 0.012212 0.992839 35.151070 0.105547 0.994414 0.000401 -0.641100 -0.987288 0.104839 -0.119458 21.641512
-0.128977 0.015079 0.991533 36.374180 0.106157 0.994348 -0.001313 -0.630448 -0.985949 0.105089 -0.129849 21.493797
-0.137047 0.016789 0.990422 37.615974 0.105679 0.994398 -0.002233 -0.619010 -0.984911 0.104361 -0.138054 21.321260
-0.142793 0.017844 0.989592 38.889156 0.105329 0.994434 -0.002733 -0.607426 -0.984132 0.103842 -0.143878 21.120079
-0.148231 0.019746 0.988756 40.187447 0.105657 0.994394 -0.004019 -0.599327 -0.983292 0.103874 -0.149487 20.913813
-0.153021 0.021761 0.987983 41.500271 0.104185 0.994541 -0.005769 -0.588903 -0.982716 0.102050 -0.154453 20.702484
-0.157366 0.022610 0.987281 42.828259 0.105416 0.994410 -0.005971 -0.604106 -0.981898 0.103136 -0.158870 20.480484
-0.160954 0.021769 0.986722 44.185608 0.104261 0.994538 -0.004934 -0.594378 -0.981439 0.102082 -0.162345 20.252007
-0.162760 0.019882 0.986465 45.553169 0.104603 0.994510 -0.002785 -0.591487 -0.981105 0.102734 -0.163946 19.989119
-0.165030 0.018832 0.986109 46.947510 0.104026 0.994573 -0.001584 -0.589236 -0.980787 0.102319 -0.166093 19.735970
-0.167114 0.020035 0.985734 48.319130 0.106260 0.994336 -0.002195 -0.583687 -0.980195 0.104377 -0.168296 19.505192
-0.168500 0.019942 0.985500 49.702911 0.105301 0.994438 -0.002118 -0.578782 -0.980061 0.103417 -0.169663 19.279594
-0.169213 0.021389 0.985347 51.122826 0.105952 0.994365 -0.003389 -0.570068 -0.979868 0.103826 -0.170525 19.027794
-0.169700 0.021417 0.985263 52.581112 0.104455 0.994523 -0.003627 -0.563940 -0.979944 0.102301 -0.171007 18.775835
-0.169173 0.023182 0.985314 54.041714 0.103988 0.994563 -0.005545 -0.563321 -0.980085 0.101523 -0.170664 18.519575
