1.000000 0.000000 0.000000 0.000000 0.000000 1.000000 0.000000 0.000000 0.000000 0.000000 1.000000 0.000000
0.999008 -0.000767 0.044516 0.031581 0.000910 0.999994 -0.003210 -0.004502 -0.044513 0.003248 0.999004 0.967763
0.995904 -0.005107 0.090271 0.108834 0.005886 0.999948 -0.008368 -0.017504 -0.090224 0.008865 0.995882 1.932923
0.990567 -0.004408 0.136961 0.226116 0.006155 0.999905 -0.012337 -0.033633 -0.136893 0.013063 0.990500 2.912782
0.983075 -0.002032 0.183195 0.397867 0.004912 0.999871 -0.015270 -0.044466 -0.183140 0.015911 0.982958 3.893886
0.973253 -0.004482 0.229690 0.631183 0.008352 0.999839 -0.015882 -0.054397 -0.229582 0.017376 0.973134 4.907088
0.961332 -0.004552 0.275355 0.901007 0.009855 0.999792 -0.017879 -0.063312 -0.275216 0.019901 0.961176 5.908009
0.947643 -0.006972 0.319255 1.215390 0.014415 0.999677 -0.020955 -0.081503 -0.319006 0.024460 0.947437 6.855466
0.932168 -0.008610 0.361924 1.573233 0.018087 0.999576 -0.022805 -0.105950 -0.361575 0.027805 0.931929 7.786804
0.914591 -0.008192 0.404297 1.981725 0.019649 0.999514 -0.024198 -0.119455 -0.403902 0.030076 0.914308 8.722836
0.894574 -0.008061 0.446847 2.424951 0.020697 0.999512 -0.023404 -0.133946 -0.446440 0.030185 0.894304 9.658777
0.872402 -0.007316 0.488734 2.903154 0.021233 0.999511 -0.022939 -0.155692 -0.488327 0.030389 0.872131 10.540301
0.847815 -0.007179 0.530243 3.401206 0.022419 0.999500 -0.022315 -0.171982 -0.529818 0.030807 0.847552 11.396414
0.821769 -0.007445 0.569772 3.953975 0.024863 0.999431 -0.022800 -0.192578 -0.569278 0.032903 0.821487 12.235175
0.794120 -0.008497 0.607702 4.533843 0.028219 0.999339 -0.022902 -0.209903 -0.607106 0.035336 0.793835 13.023331
0.764930 -0.007137 0.644074 5.138647 0.029383 0.999284 -0.023824 -0.230926 -0.643443 0.037148 0.764592 13.786705
0.734667 -0.010346 0.678349 5.813912 0.035016 0.999129 -0.022684 -0.256374 -0.677524 0.040418 0.734389 14.512003
0.703280 -0.008965 0.710856 6.512115 0.035719 0.999103 -0.022739 -0.273128 -0.710015 0.041383 0.702970 15.188793
0.669112 -0.007793 0.743120 7.233825 0.037757 0.999010 -0.023521 -0.300879 -0.742202 0.043796 0.668744 15.850216
0.634435 -0.009159 0.772922 7.967199 0.043238 0.998785 -0.023656 -0.328629 -0.771766 0.048428 0.634060 16.440752
0.598315 -0.007567 0.801226 8.726380 0.043863 0.998765 -0.023322 -0.363332 -0.800060 0.049098 0.597908 17.010859
0.560996 -0.007220 0.827787 9.485467 0.048289 0.998545 -0.024016 -0.401980 -0.826409 0.053446 0.560528 17.524487
0.522458 -0.005451 0.852648 10.309434 0.053464 0.998221 -0.026378 -0.426695 -0.850987 0.059368 0.521820 18.041576
0.482999 -0.004368 0.875610 11.121044 0.055784 0.998110 -0.025792 -0.448933 -0.873842 0.061303 0.482329 18.521246
0.444456 -0.005800 0.895782 11.937605 0.060996 0.997854 -0.023804 -0.478742 -0.893721 0.065219 0.443856 18.936972
0.406043 -0.006917 0.913828 12.766115 0.066117 0.997573 -0.021827 -0.518123 -0.911459 0.069282 0.405515 19.345846
0.369289 -0.004422 0.929304 13.625764 0.068410 0.997405 -0.022439 -0.544709 -0.926793 0.071861 0.368634 19.719208
0.335191 -0.005163 0.942136 14.513893 0.069476 0.997398 -0.019253 -0.568965 -0.939585 0.071909 0.334678 20.052776
0.301240 -0.006954 0.953523 15.437087 0.072032 0.997282 -0.015484 -0.598034 -0.950824 0.073348 0.300922 20.348894
0.268079 -0.006721 0.963373 16.394075 0.073302 0.997219 -0.013441 -0.612923 -0.960604 0.074221 0.267827 20.614056
0.235187 -0.003525 0.971944 17.350033 0.070932 0.997389 -0.013546 -0.628571 -0.969359 0.072128 0.234823 20.854765
0.203644 -0.002133 0.979043 18.308249 0.070569 0.997428 -0.012506 -0.649265 -0.976498 0.071637 0.203271 21.069725
0.172660 -0.001341 0.984981 19.291830 0.072852 0.997277 -0.011413 -0.657421 -0.982284 0.073729 0.172287 21.250502
0.140837 -0.001185 0.990032 20.301884 0.074717 0.997160 -0.009435 -0.668644 -0.987209 0.075301 0.140525 21.415894
0.109471 -0.001509 0.993989 21.343058 0.073339 0.997285 -0.006563 -0.677344 -0.991281 0.073616 0.109284 21.544661
0.079027 -0.001883 0.996871 22.397062 0.073630 0.997278 -0.003953 -0.689107 -0.994150 0.073712 0.078950 21.650393
0.050956 -0.001169 0.998700 23.474909 0.076368 0.997076 -0.002729 -0.685513 -0.995777 0.076407 0.050897 21.709774
0.025157 -0.000385 0.999683 24.563393 0.080509 0.996753 -0.001642 -0.688251 -0.996436 0.080525 0.025106 21.734306
0.002085 0.000333 0.999998 25.669031 0.084640 0.996412 -0.000509 -0.687174 -0.996409 0.084641 0.002049 21.722584
-0.018594 0.000571 0.999827 26.783997 0.090362 0.995908 0.001112 -0.685254 -0.995735 0.090367 -0.018569 21.692009
-0.036446 0.000272 0.999336 27.922659 0.094474 0.995522 0.003175 -0.679017 -0.994860 0.094527 -0.036309 21.630508
-0.052169 0.000709 0.998638 29.073277 0.097284 0.995247 0.004376 -0.666059 -0.993888 0.097380 -0.051990 21.552092
-0.067230 0.000575 0.997737 30.227318 0.099803 0.994988 0.006151 -0.659283 -0.992733 0.099991 -0.066951 21.476313
-0.080968 -0.000445 0.996717 31.384985 0.099608 0.994990 0.008536 -0.653398 -0.991727 0.099972 -0.080518 21.382917
-0.093288 -0.000120 0.995639 32.550488 0.099395 0.995003 0.009433 -0.645998 -0.990665 0.099841 -0.092810 21.264238
-0.104901 0.003165 0.994478 33.742626 0.099616 0.994999 0.007342 -0.632175 -0.989481 0.099836 -0.104692 21.129442
-0.115075 0.006633 0.993335 34.946571 0.099654 0.995010 0.004900 -0.620411 -0.988346 0.099553 -0.115162 20.971573
-0.124811 0.009413 0.992136 36.176300 0.100715 0.994910 0.003231 -0.609710 -0.987056 0.100326 -0.125124 20.806162
-0.132640 0.010842 0.991105 37.422176 0.099850 0.994999 0.002478 -0.590440 -0.986122 0.099290 -0.133059 20.633791
-0.138853 0.011808 0.990243 38.689323 0.099484 0.995037 0.002085 -0.580035 -0.985303 0.098803 -0.139338 20.453320
-0.143764 0.013643 0.989518 39.991238 0.100258 0.994961 0.000848 -0.567986 -0.984520 0.099329 -0.144407 20.232096
-0.148727 0.015495 0.988757 41.318222 0.098831 0.995104 -0.000728 -0.554093 -0.983927 0.097612 -0.149530 20.017712
-0.152614 0.016631 0.988146 42.667397 0.099517 0.995035 -0.001377 -0.547628 -0.983263 0.098127 -0.153511 19.776949
-0.155829 0.015795 0.987658 44.027565 0.098855 0.995102 -0.000317 -0.538554 -0.982825 0.097585 -0.156627 19.545313
-0.157787 0.014083 0.987373 45.436703 0.099347 0.995051 0.001684 -0.526167 -0.982463 0.098358 -0.158405 19.272501
-0.159980 0.013022 0.987034 46.840454 0.098284 0.995154 0.002801 -0.508138 -0.982215 0.097458 -0.160485 19.018698
-0.162169 0.013812 0.986666 48.239204 0.100094 0.994975 0.002523 -0.498455 -0.981673 0.099168 -0.162737 18.775822
-0.163149 0.013904 0.986504 49.650753 0.099168 0.995068 0.002375 -0.477753 -0.981605 0.098217 -0.163723 18.531725
-0.163305 0.015439 0.986455 51.094418 0.100091 0.994978 0.000998 -0.455468 -0.981485 0.098898 -0.164030 18.252670
-0.163406 0.015798 0.986432 52.593700 0.099227 0.995065 0.000501 -0.442473 -0.981556 0.097963 -0.164167 17.969196
-0.162492 0.017443 0.986556 54.060780 0.098881 0.995098 -0.001308 -0.434361 -0.981743 0.097339 -0.163421 17.704418
-0.161108 0.017332 0.986785 55.582676 0.098418 0.995144 -0.001410 -0.422050 -0.982017 0.096890 -0.162031 17.416410
-0.159623 0.016373 0.987042 57.111805 0.097535 0.995232 -0.000736 -0.418821 -0.982348 0.096154 -0.160458 17.141329
-0.158216 0.017228 0.987254 58.660088 0.098197 0.995166 -0.001630 -0.412251 -0.982510 0.096687 -0.159143 16.862789
-0.157004 0.018328 0.987428 60.254257 0.097912 0.995191 -0.002904 -0.398091 -0.982732 0.096225 -0.158043 16.573341
-0.156411 0.018891 0.987511 61.853329 0.097672 0.995212 -0.003568 -0.386927 -0.982851 0.095894 -0.157507 16.304890
-0.155059 0.019113 0.987720 63.479370 0.097329 0.995244 -0.003979 -0.379227 -0.983099 0.095517 -0.156181 16.018644
-0.154033 0.017881 0.987904 65.131111 0.097994 0.995183 -0.002733 -0.359545 -0.983194 0.096387 -0.155043 15.729618
-0.153430 0.015999 0.988030 66.794037 0.098644 0.995122 -0.000795 -0.350033 -0.983224 0.097341 -0.154260 15.446415
-0.152362 0.017344 0.988173 68.463379 0.099576 0.995028 -0.002111 -0.339825 -0.983296 0.098076 -0.153332 15.159484
-0.151340 0.019482 0.988290 70.148254 0.101180 0.994860 -0.004117 -0.329294 -0.983290 0.099372 -0.152533 14.864195
-0.150242 0.019302 0.988461 71.849754 0.100164 0.994962 -0.004204 -0.323809 -0.983562 0.098376 -0.151419 14.559689
-0.149042 0.019402 0.988640 73.554794 0.099893 0.994988 -0.004467 -0.312814 -0.983772 0.098092 -0.150233 14.241545
-0.147175 0.018970 0.988929 75.311623 0.098858 0.995092 -0.004376 -0.281345 -0.984158 0.097120 -0.148328 13.877198
-0.145502 0.019781 0.989160 77.054253 0.099909 0.994983 -0.005201 -0.260060 -0.984301 0.098069 -0.146748 13.534167
-0.143213 0.020422 0.989481 78.863663 0.099879 0.994981 -0.006080 -0.216980 -0.984639 0.097957 -0.144534 13.138328
-0.141401 0.021933 0.989709 80.657822 0.099259 0.995031 -0.007869 -0.196142 -0.984964 0.097125 -0.142875 12.777762
-0.140724 0.023191 0.989777 82.467415 0.097839 0.995158 -0.009407 -0.178569 -0.985203 0.095515 -0.142312 12.444839
-0.139812 0.024010 0.989887 84.306244 0.096498 0.995278 -0.010511 -0.181602 -0.985465 0.094053 -0.141469 12.069524
-0.139761 0.024788 0.989875 86.156715 0.095083 0.995403 -0.011502 -0.187911 -0.985609 0.092513 -0.141475 11.727283
-0.139414 0.024036 0.989942 88.020836 0.093468 0.995561 -0.011009 -0.197320 -0.985813 0.090993 -0.141042 11.379201
-0.138522 0.024111 0.990066 89.932190 0.092934 0.995609 -0.011243 -0.198945 -0.985989 0.090453 -0.140154 10.984609
-0.137664 0.023046 0.990211 91.798294 0.090183 0.995868 -0.010640 -0.214341 -0.986365 0.087835 -0.139173 10.652101
-0.137443 0.024332 0.990211 93.687416 0.089661 0.995900 -0.012026 -0.216845 -0.986443 0.087130 -0.139061 10.287903
-0.138725 0.025363 0.990006 95.595009 0.088065 0.996028 -0.013177 -0.226206 -0.986408 0.085356 -0.140407 9.930884
-0.140733 0.026450 0.989694 97.510773 0.088569 0.995971 -0.014023 -0.244530 -0.986078 0.085683 -0.142509 9.556429
-0.143664 0.025726 0.989292 99.431465 0.086346 0.996176 -0.013366 -0.260706 -0.985852 0.083502 -0.145336 9.186768
-0.147523 0.025134 0.988739 101.355881 0.084403 0.996350 -0.012734 -0.281392 -0.985451 0.081574 -0.149106 8.835052
-0.151061 0.025716 0.988190 103.299942 0.083384 0.996430 -0.013184 -0.321478 -0.985001 0.080407 -0.152666 8.472621
-0.155317 0.027668 0.987477 105.245338 0.084090 0.996350 -0.014690 -0.353363 -0.984279 0.080755 -0.157077 8.127495
-0.159694 0.029716 0.986719 107.186440 0.083426 0.996377 -0.016505 -0.378860 -0.983635 0.079683 -0.161595 7.787275
-0.164759 0.029618 0.985889 109.130928 0.082574 0.996454 -0.016135 -0.438742 -0.982871 0.078750 -0.166620 7.458623
-0.169548 0.029101 0.985092 111.099800 0.081012 0.996593 -0.015498 -0.488543 -0.982187 0.077176 -0.171328 7.093906
-0.175354 0.028542 0.984092 113.084167 0.079182 0.996750 -0.014800 -0.527170 -0.981316 0.075327 -0.177045 6.738801
-0.181089 0.028016 0.983068 115.072105 0.078581 0.996810 -0.013932 -0.567669 -0.980322 0.074727 -0.182713 6.360229
-0.186572 0.028119 0.982039 117.059364 0.078741 0.996803 -0.013582 -0.592596 -0.979281 0.074793 -0.188190 5.968468
-0.192258 0.029764 0.980893 119.049805 0.079524 0.996725 -0.014657 -0.629937 -0.978117 0.075186 -0.193996 5.567344
-0.198225 0.031548 0.979649 121.051338 0.079151 0.996733 -0.016082 -0.642879 -0.976955 0.074353 -0.200075 5.164274
-0.206093 0.031950 0.978011 123.045158 0.079719 0.996693 -0.015762 -0.673983 -0.975280 0.074718 -0.207959 4.827816
-0.213994 0.032469 0.976295 125.076553 0.078622 0.996777 -0.015917 -0.699666 -0.973666 0.073352 -0.215857 4.465467
-0.222053 0.034020 0.974441 127.104843 0.078050 0.996804 -0.017015 -0.725704 -0.971906 0.072277 -0.223999 4.109722
-0.229500 0.034905 0.972683 129.137772 0.077101 0.996868 -0.017582 -0.760010 -0.970250 0.070960 -0.231472 3.708941
-0.235845 0.032431 0.971249 131.161011 0.078825 0.996788 -0.014143 -0.873407 -0.968589 0.073224 -0.237644 3.289898
-0.241519 0.031349 0.969890 133.196060 0.081074 0.996636 -0.012025 -0.947174 -0.967003 0.075729 -0.243248 2.832916
-0.246636 0.031431 0.968598 135.238297 0.082484 0.996528 -0.011335 -1.012444 -0.965592 0.077098 -0.248372 2.360982
-0.251198 0.031693 0.967417 137.298523 0.082722 0.996510 -0.011166 -1.058168 -0.964394 0.077221 -0.252943 1.856261
-0.255302 0.031437 0.966350 139.365616 0.081874 0.996584 -0.010790 -1.097514 -0.963389 0.076364 -0.257004 1.323530
-0.260381 0.032010 0.964975 141.449692 0.080264 0.996708 -0.011404 -1.132110 -0.962164 0.074484 -0.262094 0.784181
-0.265654 0.032688 0.963514 143.515930 0.078901 0.996809 -0.012064 -1.167970 -0.960834 0.072817 -0.267385 0.246401
-0.270131 0.032360 0.962280 145.577530 0.078174 0.996872 -0.011579 -1.200951 -0.959645 0.072098 -0.271816 -0.356646
-0.274929 0.033385 0.960885 147.611832 0.078498 0.996840 -0.012174 -1.219984 -0.958255 0.072080 -0.276681 -0.921059
-0.279451 0.034295 0.959547 149.609436 0.078114 0.996861 -0.012879 -1.240138 -0.956977 0.071355 -0.281253 -1.488343
-0.283983 0.034337 0.958214 151.601410 0.077451 0.996914 -0.012770 -1.270657 -0.955696 0.070588 -0.285767 -2.066995
-0.288420 0.033846 0.956906 153.636688 0.076941 0.996963 -0.012072 -1.292892 -0.954408 0.070144 -0.290148 -2.677684
-0.292901 0.033846 0.955543 155.684372 0.076896 0.996970 -0.011743 -1.318469 -0.953046 0.070038 -0.294616 -3.285870
-0.297391 0.034701 0.954125 157.738083 0.077829 0.996894 -0.011998 -1.350230 -0.951578 0.070691 -0.299168 -3.899113
-0.301192 0.036197 0.952876 159.787231 0.077673 0.996890 -0.013318 -1.366139 -0.950395 0.070001 -0.303067 -4.520338
-0.304917 0.037801 0.951629 161.825150 0.077307 0.996897 -0.014829 -1.396343 -0.949236 0.069046 -0.306893 -5.150561
-0.307914 0.039025 0.950614 163.854080 0.078058 0.996826 -0.015639 -1.430834 -0.948207 0.069388 -0.309983 -5.816054
-0.311052 0.039754 0.949561 165.923752 0.077242 0.996877 -0.016433 -1.460864 -0.947249 0.068235 -0.313151 -6.506498
-0.314661 0.039406 0.948386 168.031372 0.076531 0.996938 -0.016031 -1.500644 -0.946114 0.067537 -0.316713 -7.212461
-0.319408 0.039882 0.946778 170.122955 0.076186 0.996960 -0.016293 -1.529058 -0.944550 0.066927 -0.321476 -7.859275
-0.323933 0.040849 0.945198 172.239960 0.077406 0.996862 -0.016553 -1.544668 -0.942908 0.067802 -0.326079 -8.530207
-0.327569 0.041151 0.943931 174.381363 0.079134 0.996736 -0.015991 -1.584437 -0.941508 0.069459 -0.329756 -9.251889
-0.330326 0.040728 0.942988 176.500900 0.079633 0.996709 -0.015153 -1.626661 -0.940502 0.070088 -0.332482 -9.990476
-0.333342 0.040578 0.941932 178.679123 0.078904 0.996769 -0.015017 -1.646575 -0.939498 0.069317 -0.335467 -10.767193
-0.336365 0.041062 0.940836 180.846207 0.077329 0.996879 -0.015861 -1.678881 -0.938551 0.067419 -0.338491 -11.536249
-0.339874 0.043025 0.939486 183.019821 0.076190 0.996929 -0.018093 -1.719647 -0.937380 0.065430 -0.342109 -12.299492
-0.342967 0.045002 0.938269 185.197403 0.075627 0.996932 -0.020171 -1.764245 -0.936298 0.064041 -0.345319 -13.111715
-0.346785 0.045749 0.936828 187.384995 0.073986 0.997032 -0.021302 -1.811487 -0.935022 0.061925 -0.349140 -13.905825
-0.350584 0.046568 0.935373 189.592041 0.071729 0.997164 -0.022759 -1.855195 -0.933780 0.059114 -0.352930 -14.729029
-0.354159 0.046941 0.934006 191.774811 0.072260 0.997127 -0.022713 -1.909547 -0.932389 0.059448 -0.356534 -15.594758
-0.357821 0.045866 0.932663 193.967056 0.071139 0.997229 -0.021749 -1.962090 -0.931076 0.058566 -0.360093 -16.436579
-0.361305 0.045028 0.931360 196.140228 0.070059 0.997321 -0.021039 -2.006165 -0.929812 0.057648 -0.363492 -17.284397
-0.365728 0.044791 0.929643 198.333038 0.069126 0.997390 -0.020861 -2.048344 -0.928151 0.056633 -0.367870 -18.125706
-0.369983 0.045094 0.927943 200.518951 0.067471 0.997488 -0.021572 -2.087901 -0.926585 0.054628 -0.372096 -18.979132
-0.373655 0.045768 0.926438 202.687378 0.066776 0.997518 -0.022347 -2.148264 -0.925161 0.053514 -0.375784 -19.857979
-0.376439 0.046284 0.925285 204.871841 0.066826 0.997506 -0.022710 -2.214802 -0.924028 0.053284 -0.378593 -20.783241
-0.378747 0.046861 0.924313 207.014404 0.067618 0.997449 -0.022862 -2.286286 -0.923027 0.053842 -0.380949 -21.694258
-0.381221 0.046784 0.923299 209.168640 0.068601 0.997397 -0.022214 -2.346281 -0.921935 0.054871 -0.383438 -22.594593
-0.383493 0.046398 0.922377 211.326599 0.070184 0.997313 -0.020987 -2.418364 -0.920873 0.056687 -0.385720 -23.509108
-0.386335 0.047012 0.921160 213.496811 0.071087 0.997247 -0.021081 -2.484778 -0.919615 0.057338 -0.388614 -24.410276
-0.389173 0.048076 0.919909 215.695602 0.071125 0.997224 -0.022027 -2.543418 -0.918415 0.056856 -0.391512 -25.340153
-0.392711 0.048328 0.918391 217.934982 0.070691 0.997250 -0.022249 -2.617588 -0.916941 0.056185 -0.395048 -26.272936
-0.395590 0.049804 0.917076 220.174591 0.070036 0.997257 -0.023947 -2.669813 -0.915753 0.054756 -0.397993 -27.265339
-0.399577 0.050845 0.915288 222.392914 0.069809 0.997249 -0.024923 -2.753001 -0.914038 0.053936 -0.402028 -28.187967
-0.403397 0.051045 0.913600 224.638123 0.067171 0.997401 -0.026068 -2.813493 -0.912556 0.050852 -0.405777 -29.146875
-0.409220 0.052234 0.910939 226.885239 0.067856 0.997338 -0.026705 -2.888256 -0.909909 0.050884 -0.411675 -30.047060
-0.415102 0.052059 0.908284 229.138977 0.069098 0.997282 -0.025581 -2.969011 -0.907147 0.052142 -0.417571 -30.956129
-0.421414 0.051191 0.905423 231.293808 0.069506 0.997292 -0.024035 -3.046344 -0.904201 0.052804 -0.423831 -31.844007
-0.427445 0.050655 0.902621 233.337845 0.068719 0.997361 -0.023429 -3.128517 -0.901426 0.052013 -0.429798 -32.732025
-0.431523 0.051218 0.900647 235.397537 0.067766 0.997406 -0.024252 -3.193380 -0.899553 0.050568 -0.433875 -33.726891
-0.435524 0.050687 0.898749 237.533615 0.066391 0.997503 -0.024084 -3.263261 -0.897726 0.049180 -0.437801 -34.775017
-0.439516 0.049852 0.896850 239.672089 0.065564 0.997576 -0.023320 -3.344331 -0.895839 0.048551 -0.441719 -35.827484
-0.443067 0.050545 0.895063 241.814148 0.065427 0.997570 -0.023946 -3.399259 -0.894098 0.047952 -0.445297 -36.916676
-0.446613 0.050231 0.893316 243.937988 0.064742 0.997620 -0.023727 -3.458967 -0.892382 0.047238 -0.448802 -38.008850
-0.450707 0.050107 0.891265 246.109161 0.063853 0.997675 -0.023800 -3.514101 -0.890386 0.046183 -0.452858 -39.102367
-0.454073 0.050396 0.889538 248.209396 0.063089 0.997711 -0.024320 -3.566173 -0.888728 0.045077 -0.456214 -40.216812
-0.457937 0.051298 0.887503 250.349457 0.063004 0.997696 -0.025158 -3.628569 -0.886749 0.044395 -0.460114 -41.334644
-0.460799 0.051914 0.885985 252.454514 0.063526 0.997656 -0.025417 -3.695720 -0.885228 0.044571 -0.463017 -42.494595
-0.464172 0.051707 0.884234 254.510864 0.063186 0.997684 -0.025172 -3.770219 -0.883488 0.044187 -0.466364 -43.592812
-0.467479 0.052530 0.882442 256.599335 0.062108 0.997718 -0.026490 -3.822564 -0.881820 0.042423 -0.469674 -44.727299
-0.470990 0.053409 0.880520 258.705444 0.062814 0.997662 -0.026915 -3.867602 -0.879899 0.042632 -0.473244 -45.889507
-0.474698 0.054594 0.878454 260.830811 0.063572 0.997594 -0.027646 -3.919695 -0.877850 0.042722 -0.477026 -47.054043
-0.477709 0.056176 0.876720 262.906158 0.064845 0.997486 -0.028581 -3.971953 -0.876121 0.043197 -0.480151 -48.231289
-0.480207 0.059083 0.875163 264.980499 0.067279 0.997271 -0.030410 -4.016112 -0.874571 0.044276 -0.482871 -49.451614
-0.482456 0.060671 0.873817 267.090118 0.068316 0.997166 -0.031517 -4.049511 -0.873252 0.044490 -0.485233 -50.697296
-0.483897 0.063363 0.872828 269.053894 0.070169 0.996973 -0.033473 -4.096193 -0.872307 0.045048 -0.486879 -51.881771
-0.484782 0.066240 0.872123 271.095947 0.071620 0.996786 -0.035898 -4.150667 -0.871698 0.045059 -0.487968 -53.161076
-0.485571 0.067842 0.871561 273.172394 0.072417 0.996679 -0.037236 -4.180945 -0.871193 0.045035 -0.488871 -54.499294
-0.487476 0.069243 0.870386 275.321686 0.072240 0.996631 -0.038826 -4.237415 -0.870143 0.043950 -0.490836 -55.839245
-0.489995 0.069625 0.868940 277.467285 0.071043 0.996679 -0.039799 -4.295810 -0.868825 0.042231 -0.493314 -57.121166
-0.491288 0.071572 0.868051 279.541290 0.071930 0.996548 -0.041456 -4.353224 -0.868022 0.042071 -0.494740 -58.442322
-0.492459 0.072273 0.867330 281.659729 0.070638 0.996578 -0.042935 -4.414896 -0.867464 0.040123 -0.495879 -59.801807
-0.493466 0.072316 0.866754 283.768555 0.068069 0.996692 -0.044403 -4.475542 -0.867097 0.037088 -0.496756 -61.137653
-0.495205 0.072575 0.865740 285.901794 0.068499 0.996664 -0.044369 -4.559929 -0.866072 0.037330 -0.498524 -62.414639
-0.495637 0.072187 0.865525 288.027985 0.068647 0.996678 -0.043815 -4.644933 -0.865813 0.037699 -0.498946 -63.747921
-0.496552 0.072252 0.864994 290.164337 0.068024 0.996704 -0.044204 -4.703924 -0.865337 0.036890 -0.499831 -65.053917
-0.497884 0.071695 0.864275 292.328491 0.066335 0.996806 -0.044476 -4.776417 -0.864703 0.035188 -0.501049 -66.363853
-0.498363 0.070566 0.864092 294.473633 0.064028 0.996956 -0.044489 -4.842113 -0.864601 0.033155 -0.501364 -67.740486
-0.498523 0.069952 0.864050 296.624969 0.062622 0.997041 -0.044588 -4.899738 -0.864612 0.031880 -0.501428 -69.159088
-0.499469 0.069169 0.863566 298.791565 0.060447 0.997161 -0.044908 -4.964589 -0.864220 0.029770 -0.502232 -70.518074
-0.498127 0.068746 0.864375 300.937317 0.055149 0.997346 -0.047540 -4.983564 -0.865349 0.023989 -0.500596 -72.015892
-0.499179 0.070223 0.863649 303.071625 0.052287 0.997336 -0.050872 -5.067154 -0.864920 0.019763 -0.501521 -73.322540
-0.499544 0.068166 0.863602 305.127533 0.046893 0.997566 -0.051616 -5.123369 -0.865018 0.014713 -0.501525 -74.672600
-0.500658 0.064993 0.863202 307.256500 0.040453 0.997845 -0.051668 -5.184453 -0.864699 0.009051 -0.502208 -76.113091
-0.503008 0.061713 0.862076 309.383087 0.035396 0.998082 -0.050796 -5.265023 -0.863557 0.004963 -0.504227 -77.486504
-0.504697 0.058467 0.861315 311.559479 0.029660 0.998289 -0.050386 -5.342993 -0.862787 0.000117 -0.505567 -78.972336
-0.506614 0.057236 0.860271 313.717834 0.026514 0.998356 -0.050809 -5.431062 -0.861765 -0.002931 -0.507299 -80.385956
-0.508116 0.057016 0.859399 315.829376 0.025211 0.998363 -0.051330 -5.514581 -0.860919 -0.004415 -0.508722 -81.767418
-0.508757 0.057017 0.859020 318.032379 0.022749 0.998346 -0.052792 -5.598279 -0.860610 -0.007316 -0.509213 -83.278770
-0.502804 0.056331 0.862563 319.934265 0.019433 0.998359 -0.053871 -5.647084 -0.864182 -0.010325 -0.503073 -84.918274
-0.502994 0.054339 0.862580 321.983215 0.016526 0.998444 -0.053261 -5.728651 -0.864132 -0.012535 -0.503109 -86.306099
-0.503830 0.051941 0.862240 324.069794 0.011980 0.998515 -0.053150 -5.819808 -0.863720 -0.016449 -0.503704 -87.697205
-0.505157 0.051630 0.861481 326.191956 0.008200 0.998451 -0.055030 -5.895552 -0.862988 -0.020735 -0.504798 -89.067848
-0.506675 0.050651 0.860648 328.235229 0.004414 0.998412 -0.056160 -5.970835 -0.862126 -0.024656 -0.506094 -90.381760
-0.504206 0.050581 0.862101 329.539856 0.002169 0.998354 -0.057306 -6.005450 -0.863581 -0.027025 -0.503485 -91.347595
-0.503203 0.048450 0.862809 330.612396 -0.001843 0.998365 -0.057137 -6.041660 -0.864166 -0.030342 -0.502291 -92.057617
-0.504503 0.048414 0.862051 331.758118 -0.003355 0.998309 -0.058030 -6.108426 -0.863403 -0.032169 -0.503488 -92.809349
-0.504627 0.048532 0.861972 332.910126 -0.003886 0.998281 -0.058482 -6.162888 -0.863329 -0.032862 -0.503571 -93.612808
-0.501689 0.050631 0.863565 334.364014 -0.000355 0.998274 -0.058735 -6.256869 -0.865048 -0.029773 -0.500805 -94.754196
-0.497959 0.052559 0.865606 335.763916 -0.002154 0.998084 -0.061842 -6.305677 -0.867198 -0.032659 -0.496892 -95.924911
-0.493252 0.055464 0.868116 337.148163 -0.002388 0.997875 -0.065111 -6.378713 -0.869883 -0.034189 -0.492072 -97.078331
-0.494740 0.057502 0.867136 338.353699 -0.004328 0.997633 -0.068625 -6.426737 -0.869030 -0.037705 -0.493320 -97.909958
-0.499778 0.055668 0.864363 339.962860 -0.004936 0.997733 -0.067112 -6.560762 -0.866139 -0.037807 -0.498371 -98.857574
-0.504595 0.056448 0.861509 341.551971 -0.001586 0.997798 -0.066307 -6.688015 -0.863355 -0.034824 -0.503394 -99.812767
-0.507470 0.059296 0.859626 342.834320 0.003110 0.997749 -0.066988 -6.811662 -0.861664 -0.031321 -0.506513 -100.708420
-0.506655 0.062900 0.859852 343.346222 0.011384 0.997736 -0.066279 -6.923870 -0.862074 -0.023792 -0.506224 -101.344383
-0.502853 0.064426 0.861968 343.664001 0.018348 0.997789 -0.063874 -6.989209 -0.864177 -0.016304 -0.502923 -101.949715
-0.499266 0.066747 0.863874 344.005737 0.024310 0.997715 -0.063039 -7.057121 -0.866108 -0.010472 -0.499748 -102.527855
-0.493651 0.072009 0.866674 344.326080 0.033899 0.997402 -0.063562 -7.119174 -0.868999 -0.001998 -0.494809 -103.198677
-0.486194 0.078154 0.870349 344.627960 0.042745 0.996927 -0.065643 -7.153280 -0.872805 0.005288 -0.488041 -103.908577
-0.480053 0.082751 0.873328 344.939331 0.050412 0.996498 -0.066711 -7.179829 -0.875790 0.012001 -0.482544 -104.572510
-0.475767 0.084700 0.875484 345.116791 0.052221 0.996317 -0.068011 -7.170228 -0.878020 0.013362 -0.478437 -104.984985
-0.473930 0.086970 0.876257 345.324982 0.054208 0.996105 -0.069546 -7.197186 -0.878893 0.014540 -0.476798 -105.328659
-0.476592 0.087328 0.874777 345.479279 0.047942 0.996155 -0.073325 -7.222652 -0.877816 0.006992 -0.478946 -105.497520
-0.482861 0.093445 0.870697 345.623627 0.043077 0.995621 -0.082963 -7.251561 -0.874637 -0.002553 -0.484771 -105.531906
-0.484246 0.104452 0.868675 345.714417 0.055768 0.994514 -0.088495 -7.295341 -0.873153 0.005591 -0.487415 -105.610222
-0.482477 0.105785 0.869497 345.778229 0.065212 0.994264 -0.084779 -7.331159 -0.873478 0.015798 -0.486607 -105.728493
-0.483674 0.097421 0.869809 345.899628 0.065843 0.995020 -0.074832 -7.346456 -0.872768 0.021077 -0.487680 -105.858429
-0.489173 0.087917 0.867744 346.071533 0.060288 0.995935 -0.066919 -7.339804 -0.870100 0.019579 -0.492485 -105.934982
-0.494536 0.083755 0.865112 346.251434 0.055834 0.996352 -0.064544 -7.325431 -0.867362 0.016384 -0.497408 -106.048660
-0.498451 0.084160 0.862823 346.397491 0.054870 0.996344 -0.065485 -7.303448 -0.865180 0.014703 -0.501246 -106.146187
-0.501885 0.090231 0.860215 346.527283 0.061075 0.995758 -0.068815 -7.284597 -0.862775 0.018000 -0.505267 -106.242096
-0.502956 0.097928 0.858746 346.578949 0.066798 0.994993 -0.074342 -7.268460 -0.861727 0.019972 -0.506980 -106.348740
-0.505770 0.102259 0.856586 346.696167 0.069163 0.994560 -0.077893 -7.266899 -0.859891 0.019848 -0.510091 -106.451775
-0.509868 0.102975 0.854067 346.899750 0.069510 0.994495 -0.078410 -7.274247 -0.857440 0.019387 -0.514219 -106.570122
-0.515136 0.103163 0.850878 347.063934 0.070566 0.994465 -0.077850 -7.271091 -0.854199 0.019940 -0.519564 -106.653152
-0.518333 0.103315 0.848915 347.159180 0.071203 0.994443 -0.077550 -7.260814 -0.852209 0.020249 -0.522809 -106.755333
-0.521716 0.104634 0.846678 347.264679 0.072011 0.994309 -0.078505 -7.253085 -0.850074 0.020013 -0.526282 -106.844582
-0.526939 0.105920 0.843277 347.366638 0.072354 0.994192 -0.079663 -7.244984 -0.846818 0.019037 -0.531543 -106.903725
-0.529756 0.106797 0.841399 347.459534 0.072500 0.994112 -0.080534 -7.246312 -0.845046 0.018338 -0.534380 -106.979706
-0.532414 0.106616 0.839743 347.532715 0.073536 0.994111 -0.079592 -7.241157 -0.843284 0.019376 -0.537119 -107.053719
-0.535088 0.105776 0.838148 347.625092 0.074359 0.994177 -0.077995 -7.231950 -0.841517 0.020590 -0.539838 -107.139786
-0.536753 0.105492 0.837119 347.773651 0.074728 0.994198 -0.077372 -7.216248 -0.840424 0.021026 -0.541522 -107.265289
-0.540064 0.106859 0.834813 347.874298 0.072769 0.994121 -0.080175 -7.193979 -0.838472 0.017449 -0.544665 -107.358948
-0.543781 0.108336 0.832205 347.928131 0.068460 0.994054 -0.084672 -7.182807 -0.836430 0.010930 -0.547965 -107.448685
-0.546585 0.109243 0.830247 347.966339 0.065762 0.993992 -0.087494 -7.176271 -0.834817 0.006776 -0.550485 -107.546486
-0.547651 0.109704 0.829484 348.020386 0.065591 0.993945 -0.088150 -7.174079 -0.834132 0.006131 -0.551531 -107.684288
-0.548191 0.108631 0.829269 348.075226 0.062844 0.994076 -0.088677 -7.192023 -0.833989 0.003503 -0.551770 -107.820045
-0.547566 0.108888 0.829648 348.131134 0.060662 0.994054 -0.090429 -7.217138 -0.834561 0.000812 -0.550915 -107.995903
-0.550702 0.107869 0.827702 348.285797 0.058393 0.994164 -0.090712 -7.257597 -0.832657 -0.001623 -0.553787 -108.105911
-0.554496 0.106134 0.825391 348.528229 0.058159 0.994351 -0.088789 -7.293253 -0.830152 -0.001229 -0.557536 -108.216942
-0.556184 0.105183 0.824376 348.819427 0.061164 0.994449 -0.085617 -7.333431 -0.828805 0.002803 -0.559530 -108.399353
-0.555379 0.103812 0.825092 349.089111 0.065781 0.994553 -0.080856 -7.355007 -0.828992 0.009370 -0.559182 -108.585686
-0.549842 0.105649 0.828560 350.264618 0.072475 0.994262 -0.078683 -7.406602 -0.832119 0.016787 -0.554344 -109.742943
-0.542546 0.107722 0.833090 351.256104 0.070370 0.994086 -0.082712 -7.451874 -0.837073 0.013749 -0.546918 -110.931099
-0.527209 0.112731 0.842225 352.160431 0.065098 0.993606 -0.092244 -7.447316 -0.847238 0.006195 -0.531177 -112.511688
-0.516047 0.114583 0.848862 352.995789 0.064576 0.993396 -0.094835 -7.521353 -0.854123 0.005876 -0.520038 -113.774841
-0.508136 0.117908 0.853168 353.724152 0.065875 0.993004 -0.097999 -7.576754 -0.858754 0.006405 -0.512348 -114.646378
-0.503075 0.119275 0.855973 354.675110 0.069597 0.992805 -0.097438 -7.702761 -0.861436 0.010555 -0.507757 -115.528473
-0.492824 0.120437 0.861754 355.613678 0.071760 0.992626 -0.097689 -7.800975 -0.867165 0.013696 -0.497833 -116.597290
-0.498981 0.121539 0.858048 356.866516 0.068044 0.992555 -0.101022 -7.953283 -0.863937 0.007977 -0.503536 -116.934814
-0.496780 0.117335 0.859908 357.636688 0.059569 0.993092 -0.101094 -8.058782 -0.865830 0.001002 -0.500338 -117.403366
-0.507563 0.108112 0.854805 359.189911 0.044759 0.994065 -0.099149 -8.278686 -0.860451 -0.012064 -0.509390 -117.661232
-0.514628 0.104417 0.851032 360.754822 0.037333 0.994344 -0.099426 -8.505953 -0.856601 -0.019396 -0.515616 -118.306892
-0.517048 0.104238 0.849586 362.100861 0.036486 0.994339 -0.099794 -8.674318 -0.855179 -0.020600 -0.517924 -119.085297
-0.513051 0.105507 0.851849 363.690765 0.040756 0.994292 -0.098604 -8.868027 -0.857390 -0.015871 -0.514423 -120.252525
-0.506841 0.104580 0.855672 364.677246 0.040662 0.994409 -0.097451 -8.974914 -0.861080 -0.014599 -0.508260 -121.069817
-0.502796 0.104260 0.858095 365.112488 0.040053 0.994443 -0.097358 -9.000320 -0.863477 -0.014581 -0.504178 -121.519028
-0.498114 0.105400 0.860682 365.487671 0.038359 0.994292 -0.099562 -9.034914 -0.866262 -0.016579 -0.499314 -121.979050
-0.494751 0.108717 0.862207 365.990753 0.038028 0.993902 -0.103502 -9.070469 -0.868202 -0.018419 -0.495869 -122.446716
-0.490611 0.112280 0.864115 366.468414 0.040332 0.993527 -0.106197 -9.103667 -0.870445 -0.017250 -0.491964 -122.933105
-0.486689 0.113180 0.866213 366.991180 0.042747 0.993469 -0.105790 -9.178458 -0.872529 -0.014459 -0.488349 -123.368286
-0.480531 0.115293 0.869366 367.450348 0.045442 0.993262 -0.106606 -9.186286 -0.875799 -0.011722 -0.482533 -123.833351
-0.474960 0.116903 0.872208 368.028992 0.045908 0.993079 -0.108104 -9.234048 -0.878809 -0.011303 -0.477040 -124.360641
-0.470006 0.119365 0.874555 368.399231 0.047910 0.992803 -0.109756 -9.236378 -0.881362 -0.009686 -0.472342 -124.817307
-0.467534 0.120168 0.875769 368.897247 0.049433 0.992721 -0.109826 -9.270148 -0.882592 -0.008056 -0.470071 -125.191551
-0.465052 0.120515 0.877042 369.277374 0.050176 0.992686 -0.109800 -9.309297 -0.883860 -0.007056 -0.467698 -125.545723
-0.463091 0.123312 0.877691 369.878387 0.051658 0.992346 -0.112165 -9.381625 -0.884804 -0.006603 -0.465916 -125.962822
-0.457412 0.126680 0.880185 370.324249 0.053629 0.991929 -0.114893 -9.424141 -0.887636 -0.005350 -0.460514 -126.486618
-0.454753 0.129100 0.881211 370.727173 0.057602 0.991630 -0.115551 -9.458819 -0.888753 -0.001787 -0.458383 -126.879654
-0.451764 0.129476 0.882692 371.178772 0.058464 0.991582 -0.115526 -9.495741 -0.890220 -0.000585 -0.455531 -127.300293
-0.449102 0.130043 0.883966 371.529968 0.057871 0.991508 -0.116462 -9.514579 -0.891604 -0.001148 -0.452814 -127.658279
-0.445364 0.131292 0.885671 371.922150 0.058913 0.991344 -0.117332 -9.540204 -0.893409 -0.000078 -0.449244 -128.103104
-0.443604 0.133398 0.886240 372.350555 0.061022 0.991062 -0.118631 -9.585295 -0.894143 0.001455 -0.447779 -128.472992
-0.442005 0.135166 0.886771 372.827240 0.062749 0.990819 -0.119749 -9.639485 -0.894815 0.002714 -0.446428 -128.816956
-0.439174 0.135403 0.888140 373.272156 0.063669 0.990782 -0.119569 -9.680547 -0.896143 0.004035 -0.443747 -129.213562
-0.438526 0.135751 0.888407 373.712006 0.065220 0.990727 -0.119192 -9.720189 -0.896349 0.005673 -0.443313 -129.579056
-0.438370 0.137360 0.888236 374.171753 0.067231 0.990496 -0.119993 -9.762200 -0.896277 0.007115 -0.443439 -129.913330
-0.436306 0.139562 0.888909 374.546082 0.069223 0.990177 -0.121485 -9.787327 -0.897132 0.008529 -0.441680 -130.283264
-0.433982 0.142879 0.889520 374.928314 0.072772 0.989677 -0.123463 -9.813284 -0.897978 0.011151 -0.439899 -130.674454
-0.431994 0.144974 0.890148 375.532776 0.074901 0.989353 -0.124781 -9.876710 -0.898761 0.012768 -0.438253 -131.095413
-0.425641 0.147513 0.892788 376.020538 0.076958 0.988950 -0.126712 -9.909391 -0.901614 0.014773 -0.432289 -131.623520
-0.427209 0.149558 0.891698 376.533722 0.079144 0.988625 -0.127898 -9.976420 -0.900683 0.015933 -0.434186 -131.889557
-0.426742 0.151371 0.891615 376.915741 0.080793 0.988332 -0.129121 -10.032564 -0.900757 0.016935 -0.433993 -132.176208
-0.427245 0.153011 0.891095 377.254578 0.084662 0.988016 -0.129062 -10.055474 -0.900163 0.020301 -0.435079 -132.497650
-0.425774 0.154283 0.891579 377.730530 0.088339 0.987736 -0.128737 -10.106240 -0.900507 0.023948 -0.434182 -132.884003
-0.425248 0.155218 0.891668 378.178864 0.090896 0.987528 -0.128555 -10.139347 -0.900501 0.026381 -0.434053 -133.221527
-0.426247 0.158051 0.890693 378.783936 0.094173 0.987021 -0.130077 -10.215228 -0.899692 0.028434 -0.435599 -133.587234
-0.422035 0.161203 0.892132 379.337799 0.096221 0.986471 -0.132731 -10.249747 -0.901459 0.029825 -0.431836 -134.053558
-0.420751 0.163073 0.892399 379.849152 0.098074 0.986122 -0.133959 -10.288500 -0.901859 0.031158 -0.430905 -134.401306
-0.417154 0.164900 0.893751 380.377228 0.100540 0.985739 -0.134946 -10.332607 -0.903258 0.033565 -0.427784 -134.833527
-0.412948 0.166832 0.895344 380.893341 0.101604 0.985382 -0.136747 -10.374766 -0.905070 0.034501 -0.423862 -135.313339
-0.411447 0.169950 0.895449 381.382172 0.104065 0.984797 -0.139091 -10.401772 -0.905473 0.035956 -0.422877 -135.686539
-0.404385 0.172101 0.898251 381.888245 0.106265 0.984325 -0.140753 -10.419011 -0.908395 0.038534 -0.416335 -136.270859
-0.394998 0.174009 0.902052 382.699310 0.105985 0.983973 -0.143403 -10.434919 -0.912548 0.038960 -0.407110 -137.061081
-0.395087 0.174775 0.901864 383.187866 0.107161 0.983801 -0.143709 -10.498925 -0.912372 0.039867 -0.407416 -137.353409
-0.390130 0.179833 0.903027 383.749237 0.107997 0.982909 -0.149084 -10.524287 -0.914404 0.039362 -0.402884 -137.845383
-0.385900 0.184229 0.903958 384.270782 0.111224 0.982001 -0.152652 -10.593528 -0.915811 0.041634 -0.399445 -138.321487
-0.382998 0.186790 0.904667 384.683563 0.113506 0.981437 -0.154587 -10.638437 -0.916749 0.043478 -0.397091 -138.642212
-0.380223 0.186007 0.905998 385.333252 0.116788 0.981383 -0.152471 -10.742785 -0.917492 0.047837 -0.394868 -139.091797
-0.375455 0.187408 0.907696 385.942993 0.120734 0.980889 -0.152580 -10.806332 -0.918943 0.052303 -0.390907 -139.596939
-0.368646 0.190966 0.909743 386.593750 0.122684 0.980105 -0.156021 -10.855382 -0.921438 0.054095 -0.384740 -140.142944
-0.356479 0.195384 0.913645 387.276886 0.122319 0.979232 -0.161684 -10.867121 -0.926262 0.054119 -0.372975 -140.845871
-0.348237 0.199187 0.916000 387.895264 0.124448 0.978338 -0.165431 -10.913849 -0.929109 0.056385 -0.365482 -141.405212
-0.341950 0.201008 0.917968 388.526306 0.125545 0.977870 -0.167359 -10.973248 -0.931294 0.058018 -0.359618 -141.887833
-0.342136 0.201648 0.917759 389.025696 0.127724 0.977617 -0.167185 -11.041870 -0.930930 0.060020 -0.360233 -142.115753
-0.341277 0.201788 0.918048 389.229156 0.127343 0.977606 -0.167541 -11.067752 -0.931297 0.059729 -0.359331 -142.190842
-0.339611 0.203451 0.918298 389.777466 0.129015 0.977173 -0.168782 -11.156641 -0.931676 0.061154 -0.358107 -142.487259
-0.335462 0.205239 0.919425 390.248413 0.130754 0.976677 -0.170312 -11.211746 -0.932936 0.063086 -0.354474 -142.800446
-0.327626 0.206095 0.922055 390.859558 0.131010 0.976401 -0.171691 -11.283038 -0.935680 0.064548 -0.346895 -143.276901
-0.324622 0.207058 0.922902 391.418610 0.130413 0.976223 -0.173149 -11.341076 -0.936810 0.064151 -0.343906 -143.613007
-0.324001 0.208033 0.922901 391.869781 0.130550 0.976022 -0.174175 -11.394628 -0.937006 0.064052 -0.343391 -143.867325
-0.320932 0.210805 0.923344 392.391693 0.131643 0.975380 -0.176929 -11.464423 -0.937909 0.064770 -0.340782 -144.189423
-0.318344 0.213466 0.923629 392.848663 0.134348 0.974642 -0.178951 -11.527666 -0.938407 0.067120 -0.338950 -144.425095
-0.316353 0.215799 0.923770 393.317169 0.137363 0.973940 -0.180477 -11.597110 -0.938644 0.069797 -0.337751 -144.679596
-0.311701 0.217285 0.925003 393.865295 0.138712 0.973479 -0.181930 -11.657575 -0.940001 0.071602 -0.333574 -145.047729
-0.308398 0.219005 0.925704 394.467865 0.139872 0.973000 -0.183596 -11.709538 -0.940918 0.072860 -0.330704 -145.399536
-0.305181 0.222137 0.926024 395.094269 0.140463 0.972277 -0.186941 -11.790709 -0.941878 0.073022 -0.327922 -145.728638
-0.300891 0.223522 0.927094 395.673889 0.140605 0.971918 -0.188695 -11.884878 -0.943236 0.073577 -0.323870 -146.101181
-0.299436 0.224652 0.927291 396.305298 0.141004 0.971633 -0.189863 -12.007487 -0.943640 0.073900 -0.322619 -146.385895
-0.295578 0.225596 0.928299 396.826447 0.141818 0.971312 -0.190893 -12.077633 -0.944733 0.075226 -0.319093 -146.721664
-0.286593 0.227323 0.930693 397.436737 0.140135 0.970941 -0.194001 -12.138506 -0.947748 0.074823 -0.310121 -147.235199
-0.284028 0.227898 0.931338 398.113342 0.140006 0.970788 -0.194854 -12.267250 -0.948539 0.075049 -0.307638 -147.533249
-0.280935 0.229800 0.931809 398.579559 0.138832 0.970429 -0.197467 -12.304661 -0.949632 0.073889 -0.304531 -147.818466
-0.282323 0.231850 0.930881 399.149048 0.138726 0.970023 -0.199526 -12.404903 -0.949236 0.072806 -0.306023 -148.008728
-0.280248 0.232811 0.931268 399.660675 0.139861 0.969694 -0.200329 -12.488197 -0.949684 0.074107 -0.304317 -148.269928
-0.278813 0.232421 0.931796 400.009644 0.139733 0.969764 -0.200080 -12.540611 -0.950125 0.074418 -0.302860 -148.468155
-0.276227 0.233009 0.932419 400.322144 0.140381 0.969543 -0.200698 -12.566361 -0.950785 0.075455 -0.300524 -148.724884
-0.273989 0.236071 0.932309 400.771637 0.140272 0.968848 -0.204100 -12.619549 -0.951448 0.074855 -0.298568 -148.985229
-0.272168 0.239875 0.931872 401.221161 0.143787 0.967695 -0.207101 -12.674730 -0.951446 0.077625 -0.297866 -149.229874
-0.273515 0.242329 0.930842 401.570343 0.147085 0.966900 -0.208497 -12.752267 -0.950555 0.079886 -0.300104 -149.377701
-0.272737 0.243226 0.930836 401.994415 0.149939 0.966440 -0.208596 -12.838192 -0.950333 0.082676 -0.300053 -149.594345
-0.269659 0.242769 0.931852 402.507812 0.150741 0.966411 -0.208151 -12.946513 -0.951084 0.084339 -0.297196 -149.879669
-0.263840 0.243871 0.933228 403.018524 0.151285 0.965999 -0.209664 -13.017518 -0.952629 0.085866 -0.291763 -150.228363
-0.259994 0.245035 0.934003 403.581451 0.151791 0.965612 -0.211075 -13.102046 -0.953605 0.086895 -0.288248 -150.526276
-0.257345 0.246788 0.934275 404.230316 0.150780 0.965251 -0.213438 -13.222320 -0.954484 0.085943 -0.285613 -150.778961
-0.252069 0.248879 0.935158 404.771790 0.150386 0.964697 -0.216204 -13.311676 -0.955952 0.086136 -0.280599 -151.094269
-0.245108 0.250748 0.936508 405.167480 0.151171 0.964044 -0.218555 -13.345534 -0.957637 0.088004 -0.274201 -151.431305
-0.241412 0.251125 0.937367 405.581879 0.151097 0.963883 -0.219315 -13.424682 -0.958587 0.088688 -0.270637 -151.687241
-0.225866 0.252561 0.940849 406.179565 0.147429 0.963545 -0.223261 -13.486931 -0.962938 0.088282 -0.254867 -152.236374
