1.000000 0.000000 0.000000 0.000000 0.000000 1.000000 0.000000 0.000000 0.000000 0.000000 1.000000 0.000000
0.999001 -0.000251 0.044690 0.023313 0.000358 0.999997 -0.002371 -0.020312 -0.044690 0.002385 0.998998 0.947016
0.995907 -0.004637 0.090261 0.116441 0.005406 0.999951 -0.008279 -0.018467 -0.090218 0.008733 0.995884 1.965661
0.990597 -0.003258 0.136776 0.233342 0.004992 0.999911 -0.012333 -0.031950 -0.136723 0.012899 0.990525 2.953858
0.983127 -0.000902 0.182921 0.413646 0.003741 0.999878 -0.015178 -0.043605 -0.182885 0.015607 0.983010 3.984057
0.973074 -0.002801 0.230476 0.631852 0.006480 0.999863 -0.015207 -0.065562 -0.230402 0.016291 0.972959 5.000053
0.961298 -0.003333 0.275490 0.989754 0.008444 0.999813 -0.017370 -0.067815 -0.275381 0.019024 0.961147 6.179461
0.947176 -0.005911 0.320659 1.319894 0.013120 0.999707 -0.020327 -0.083736 -0.320445 0.023460 0.946977 7.221684
0.931859 -0.007079 0.362753 1.710788 0.016303 0.999617 -0.022373 -0.106354 -0.362455 0.026762 0.931617 8.183846
0.914391 -0.007703 0.404759 2.158105 0.018670 0.999558 -0.023156 -0.130516 -0.404402 0.028730 0.914130 9.168180
0.894723 -0.007963 0.446551 2.611163 0.020169 0.999541 -0.022587 -0.148358 -0.446167 0.029216 0.894473 10.062816
0.872852 -0.006939 0.487935 3.096716 0.020337 0.999547 -0.022167 -0.171445 -0.487561 0.029272 0.872598 10.932375
0.848539 -0.007058 0.529085 3.610127 0.021233 0.999560 -0.020719 -0.208525 -0.528706 0.028815 0.848316 11.763622
0.822310 -0.007113 0.568995 4.145977 0.023478 0.999495 -0.021435 -0.222613 -0.568555 0.030985 0.822061 12.594900
0.794490 -0.008266 0.607221 4.725049 0.027223 0.999387 -0.022014 -0.234964 -0.606667 0.034021 0.794228 13.386350
0.766256 -0.006771 0.642500 5.413331 0.028412 0.999323 -0.023354 -0.244115 -0.641907 0.036150 0.765930 14.225529
0.735438 -0.009581 0.677525 6.102312 0.033913 0.999167 -0.022682 -0.262256 -0.676743 0.039658 0.735150 14.986596
0.703295 -0.008499 0.710848 6.795318 0.034441 0.999162 -0.022128 -0.292325 -0.710064 0.040045 0.702998 15.685318
0.668134 -0.007197 0.744006 7.480933 0.036152 0.999086 -0.022802 -0.322901 -0.743162 0.042132 0.667783 16.341564
0.631808 -0.008075 0.775083 8.180257 0.041748 0.998849 -0.023625 -0.342296 -0.774000 0.047284 0.631418 16.934593
0.595393 -0.005802 0.803414 8.952111 0.042653 0.998792 -0.024397 -0.357549 -0.802302 0.048794 0.594921 17.503677
0.556962 -0.005167 0.830522 9.757703 0.046796 0.998587 -0.025169 -0.389484 -0.829219 0.052883 0.556417 18.092291
0.518502 -0.003200 0.855070 10.580682 0.052011 0.998259 -0.027803 -0.412503 -0.853493 0.058889 0.517766 18.603867
0.479369 -0.002629 0.877609 11.413684 0.055435 0.998089 -0.027290 -0.433892 -0.875861 0.061733 0.478599 19.089815
0.441595 -0.003633 0.897207 12.255075 0.061626 0.997753 -0.026291 -0.442053 -0.895096 0.066901 0.440826 19.528996
0.403126 -0.004044 0.915136 13.089048 0.066340 0.997488 -0.024815 -0.466947 -0.912737 0.070714 0.402382 19.944630
0.368176 -0.001311 0.929755 13.892403 0.068461 0.997323 -0.025703 -0.495811 -0.927232 0.073116 0.367280 20.273857
0.333690 -0.001850 0.942681 14.761309 0.070727 0.997229 -0.023079 -0.513586 -0.940026 0.074374 0.332896 20.619486
0.299801 -0.003043 0.953997 15.683952 0.073512 0.997095 -0.019921 -0.533169 -0.951165 0.076102 0.299154 20.916088
0.265380 -0.002519 0.964141 16.587984 0.075567 0.996975 -0.018195 -0.551627 -0.961178 0.077686 0.264768 21.185890
0.231018 0.000658 0.972949 17.586628 0.073262 0.997149 -0.018070 -0.569666 -0.970187 0.075455 0.230312 21.473669
0.198275 0.002606 0.980143 18.607405 0.073798 0.997118 -0.017580 -0.581816 -0.977364 0.075818 0.197511 21.739948
0.166699 0.003465 0.986002 19.604191 0.075651 0.997001 -0.016294 -0.600106 -0.983101 0.077308 0.165937 21.935312
0.135433 0.003481 0.990780 20.617903 0.077320 0.996907 -0.014072 -0.618010 -0.987765 0.078513 0.134745 22.087299
0.103889 0.003039 0.994584 21.659698 0.077521 0.996928 -0.011144 -0.624525 -0.991563 0.078259 0.103335 22.214443
0.073829 0.003238 0.997266 22.725100 0.078355 0.996885 -0.009038 -0.629679 -0.994188 0.078808 0.073345 22.301098
0.045154 0.003921 0.998972 23.822437 0.081291 0.996662 -0.007586 -0.641555 -0.995667 0.081550 0.044685 22.377405
0.018927 0.004872 0.999809 24.918734 0.085762 0.996295 -0.006479 -0.651857 -0.996136 0.085868 0.018439 22.412817
-0.004052 0.005705 0.999976 25.971386 0.089886 0.995938 -0.005318 -0.652771 -0.995944 0.089862 -0.004548 22.417013
-0.023926 0.006732 0.999691 27.057411 0.096031 0.995369 -0.004405 -0.643218 -0.995091 0.095896 -0.024462 22.378626
-0.041265 0.006336 0.999128 28.175568 0.099740 0.995011 -0.002191 -0.639421 -0.994157 0.099563 -0.041691 22.315134
-0.057202 0.007034 0.998338 29.321705 0.102958 0.994685 -0.001109 -0.632869 -0.993040 0.102723 -0.057622 22.246931
-0.072072 0.006700 0.997377 30.478628 0.105294 0.994441 0.000928 -0.633521 -0.991826 0.105084 -0.072376 22.167795
-0.085117 0.005098 0.996358 31.602499 0.104908 0.994474 0.003874 -0.648019 -0.990833 0.104856 -0.085181 22.064720
-0.097690 0.005518 0.995202 32.774059 0.104913 0.994470 0.004784 -0.649714 -0.989672 0.104877 -0.097729 21.944929
-0.108925 0.008384 0.994015 33.950199 0.105095 0.994457 0.003128 -0.652496 -0.988479 0.104806 -0.109203 21.805578
-0.118829 0.012209 0.992840 35.150135 0.105554 0.994413 0.000405 -0.641260 -0.987288 0.104847 -0.119454 21.640635
-0.128972 0.015075 0.991534 36.373211 0.106164 0.994348 -0.001309 -0.630607 -0.985949 0.105097 -0.129844 21.492929
-0.137042 0.016785 0.990423 37.614994 0.105686 0.994397 -0.002229 -0.619166 -0.984911 0.104369 -0.138048 21.320389
-0.142787 0.017840 0.989593 38.888153 0.105336 0.994433 -0.002729 -0.607580 -0.984132 0.103850 -0.143871 21.119204
-0.148225 0.019742 0.988757 40.186443 0.105664 0.994394 -0.004014 -0.599476 -0.983293 0.103881 -0.149480 20.912947
-0.153014 0.021757 0.987984 41.499241 0.104192 0.994540 -0.005764 -0.589051 -0.982716 0.102058 -0.154446 20.701645
-0.157360 0.022606 0.987283 42.827206 0.105423 0.994410 -0.005966 -0.604253 -0.981898 0.103144 -0.158863 20.479666
-0.160947 0.021765 0.986723 44.184551 0.104268 0.994537 -0.004929 -0.594515 -0.981440 0.102090 -0.162337 20.251188
-0.162752 0.019878 0.986467 45.552086 0.104611 0.994509 -0.002780 -0.591629 -0.981106 0.102743 -0.163937 19.988316
-0.165022 0.018827 0.986110 46.946426 0.104033 0.994573 -0.001579 -0.589370 -0.980788 0.102328 -0.166085 19.735178
-0.167106 0.020030 0.985735 48.318050 0.106267 0.994335 -0.002190 -0.583814 -0.980195 0.104386 -0.168288 19.504412
-0.168495 0.019935 0.985501 49.701839 0.105302 0.994438 -0.002112 -0.578874 -0.980062 0.103420 -0.169658 19.278849
-0.169208 0.021382 0.985348 51.121765 0.105953 0.994365 -0.003383 -0.570150 -0.979869 0.103829 -0.170520 19.027058
-0.169692 0.021408 0.985265 52.579967 0.104457 0.994523 -0.003619 -0.564050 -0.979946 0.102303 -0.170999 18.775095
-0.169166 0.023173 0.985315 54.040569 0.103989 0.994563 -0.005537 -0.563421 -0.980086 0.101525 -0.170656 18.518843
-0.168581 0.022897 0.985422 55.554340 0.102352 0.994732 -0.005603 -0.551405 -0.980359 0.099915 -0.170037 18.250801
-0.167319 0.021836 0.985661 57.081303 0.100667 0.994908 -0.004952 -0.550678 -0.980750 0.098395 -0.168665 17.976700
-0.166174 0.022661 0.985836 58.609646 0.101437 0.994825 -0.005769 -0.556206 -0.980865 0.099041 -0.167613 17.709110
-0.165418 0.023777 0.985937 60.122379 0.100081 0.994953 -0.007203 -0.541184 -0.981132 0.097482 -0.166963 17.471003
-0.165036 0.024425 0.985985 61.694233 0.099490 0.995006 -0.007996 -0.534880 -0.981257 0.096776 -0.166641 17.217754
-0.164118 0.024466 0.986137 63.323444 0.098368 0.995115 -0.008318 -0.530820 -0.981524 0.095639 -0.165723 16.935692
-0.163562 0.022754 0.986271 64.956726 0.099769 0.994990 -0.006409 -0.540443 -0.981475 0.097350 -0.165013 16.654207
-0.163196 0.021409 0.986361 66.583916 0.100153 0.994959 -0.005025 -0.534643 -0.981497 0.097967 -0.164518 16.392822
-0.162254 0.022434 0.986494 68.210228 0.101536 0.994814 -0.005923 -0.550132 -0.981511 0.099204 -0.163690 16.123188
-0.161872 0.024127 0.986517 69.865158 0.102534 0.994701 -0.007503 -0.563117 -0.981470 0.099937 -0.163489 15.856177
-0.161685 0.024252 0.986544 71.548347 0.103107 0.994642 -0.007553 -0.590932 -0.981441 0.100499 -0.163319 15.586890
-0.161545 0.023962 0.986574 73.217850 0.102735 0.994682 -0.007336 -0.604933 -0.981503 0.100170 -0.163147 15.301408
-0.160796 0.023116 0.986717 74.930504 0.101429 0.994820 -0.006776 -0.595385 -0.981762 0.098992 -0.162308 14.980659
-0.160259 0.023893 0.986786 76.648659 0.102808 0.994674 -0.007387 -0.593633 -0.981706 0.100266 -0.161862 14.665009
-0.159469 0.023865 0.986914 78.387650 0.103638 0.994588 -0.007305 -0.601569 -0.981748 0.101117 -0.161080 14.344709
-0.158676 0.024867 0.987017 80.186707 0.103467 0.994597 -0.008425 -0.603915 -0.981894 0.100787 -0.160392 13.986380
-0.158750 0.025775 0.986982 81.975899 0.102170 0.994721 -0.009543 -0.608000 -0.982018 0.099325 -0.160546 13.664238
-0.159782 0.026363 0.986800 83.791718 0.101199 0.994814 -0.010191 -0.630157 -0.981951 0.098234 -0.161621 13.347337
-0.159597 0.027266 0.986806 85.625526 0.100086 0.994915 -0.011303 -0.635923 -0.982095 0.096961 -0.161515 12.975254
-0.160244 0.026166 0.986731 87.463165 0.098064 0.995125 -0.010463 -0.650152 -0.982194 0.095087 -0.162028 12.644705
-0.160582 0.025892 0.986683 89.294777 0.097858 0.995148 -0.010188 -0.672251 -0.982159 0.094918 -0.162337 12.306527
-0.160374 0.024999 0.986740 91.161293 0.095009 0.995428 -0.009777 -0.682660 -0.982473 0.092182 -0.162016 11.953529
-0.161496 0.025760 0.986537 93.001068 0.095152 0.995408 -0.010416 -0.714108 -0.982276 0.092189 -0.163205 11.630342
-0.163264 0.026777 0.986219 94.883507 0.093704 0.995533 -0.011518 -0.726292 -0.982122 0.090532 -0.165044 11.265370
-0.166838 0.027958 0.985588 96.758774 0.094348 0.995464 -0.012267 -0.746929 -0.981460 0.090942 -0.168719 10.925136
-0.171262 0.027165 0.984851 98.598198 0.091813 0.995710 -0.011499 -0.766731 -0.980938 0.088453 -0.173022 10.604902
-0.176254 0.026349 0.983992 100.509720 0.089997 0.995886 -0.010547 -0.794864 -0.980222 0.086697 -0.177900 10.251446
-0.180420 0.027180 0.983214 102.427841 0.089123 0.995958 -0.011178 -0.825161 -0.979544 0.085610 -0.182113 9.870381
-0.186007 0.029205 0.982114 104.380463 0.089376 0.995917 -0.012688 -0.849726 -0.978475 0.085417 -0.187857 9.504425
-0.191248 0.031668 0.981031 106.308746 0.088476 0.995967 -0.014902 -0.862447 -0.977546 0.083948 -0.193278 9.136972
-0.196145 0.032054 0.980051 108.248962 0.087288 0.996069 -0.015108 -0.901591 -0.976682 0.082583 -0.198172 8.747081
-0.202227 0.031358 0.978837 110.202744 0.085616 0.996227 -0.014227 -0.953704 -0.975589 0.080928 -0.204149 8.373149
-0.208427 0.030988 0.977547 112.163124 0.082962 0.996456 -0.013899 -0.979425 -0.974513 0.078203 -0.210259 7.974920
-0.214550 0.030271 0.976244 114.138191 0.082209 0.996532 -0.012833 -1.020340 -0.973247 0.077503 -0.216295 7.557283
-0.220914 0.029967 0.974833 116.094849 0.081960 0.996563 -0.012061 -1.057502 -0.971843 0.077233 -0.222611 7.137310
-0.226550 0.031818 0.973480 118.063499 0.082643 0.996490 -0.013337 -1.079390 -0.970487 0.077430 -0.228384 6.679911
-0.233118 0.033118 0.971884 120.015213 0.082989 0.996451 -0.014049 -1.125283 -0.968901 0.077380 -0.235039 6.246099
-0.240077 0.033259 0.970184 121.971977 0.083362 0.996427 -0.013530 -1.164039 -0.967168 0.077628 -0.241992 5.817731
-0.247389 0.033458 0.968338 123.997536 0.082659 0.996489 -0.013313 -1.194384 -0.965384 0.076749 -0.249286 5.357292
-0.253002 0.034492 0.966851 125.988747 0.081582 0.996565 -0.014204 -1.218741 -0.964020 0.075284 -0.254947 4.844392
-0.259611 0.034707 0.965089 128.008881 0.080893 0.996623 -0.014080 -1.276645 -0.962319 0.074414 -0.261542 4.338080
-0.264904 0.033799 0.963682 130.019150 0.082236 0.996536 -0.012346 -1.329713 -0.960762 0.075979 -0.266766 3.807419
-0.270564 0.033899 0.962105 132.048828 0.084322 0.996373 -0.011394 -1.367996 -0.959002 0.078044 -0.272441 3.287223
-0.275563 0.034565 0.960661 134.062988 0.086023 0.996231 -0.011169 -1.419691 -0.957426 0.079561 -0.277498 2.758814
-0.279641 0.035274 0.959457 136.129517 0.085975 0.996230 -0.011568 -1.452236 -0.956248 0.079255 -0.281619 2.156014
-0.284177 0.035145 0.958127 138.172668 0.085024 0.996315 -0.011328 -1.484873 -0.954994 0.078244 -0.286118 1.587301
-0.289036 0.035554 0.956658 140.226730 0.083249 0.996458 -0.011881 -1.522515 -0.953692 0.076206 -0.290972 0.996600
-0.293889 0.036371 0.955147 142.263199 0.082000 0.996551 -0.012717 -1.558199 -0.952316 0.074585 -0.295858 0.396246
-0.299091 0.035527 0.953563 144.308731 0.080243 0.996704 -0.011965 -1.598517 -0.950845 0.072938 -0.300956 -0.222527
-0.304995 0.035833 0.951680 146.301788 0.079831 0.996737 -0.011945 -1.639835 -0.949002 0.072331 -0.306860 -0.774481
-0.309571 0.036279 0.950184 148.316940 0.079063 0.996794 -0.012300 -1.676846 -0.947584 0.071317 -0.311447 -1.432262
-0.314638 0.035802 0.948536 150.319611 0.077842 0.996896 -0.011807 -1.717535 -0.946015 0.070121 -0.316448 -2.071382
-0.319346 0.035055 0.946989 152.301697 0.077475 0.996936 -0.010778 -1.755561 -0.944466 0.069926 -0.321084 -2.703617
-0.324915 0.034903 0.945099 154.290375 0.077141 0.996967 -0.010298 -1.785388 -0.942592 0.069560 -0.326622 -3.286336
-0.328612 0.036099 0.943775 156.322495 0.078047 0.996889 -0.010955 -1.800438 -0.941235 0.070059 -0.330407 -3.997723
-0.332476 0.037671 0.942359 158.331421 0.078478 0.996842 -0.012161 -1.824548 -0.939841 0.069911 -0.334383 -4.672129
-0.336222 0.039098 0.940971 160.356552 0.077969 0.996864 -0.013561 -1.860736 -0.938550 0.068807 -0.338216 -5.373438
-0.339422 0.040353 0.939768 162.367584 0.079045 0.996769 -0.014252 -1.904838 -0.937307 0.069447 -0.341515 -6.080944
-0.343273 0.040537 0.938360 164.385498 0.077590 0.996877 -0.014680 -1.939391 -0.936025 0.067768 -0.345346 -6.757608
-0.346784 0.040388 0.937075 166.451859 0.077166 0.996914 -0.014410 -1.978286 -0.934765 0.067313 -0.348831 -7.507367
-0.350715 0.040184 0.935620 168.484070 0.076067 0.997000 -0.014306 -2.018817 -0.933388 0.066153 -0.352720 -8.229449
-0.355146 0.041682 0.933881 170.570389 0.078243 0.996825 -0.014737 -2.042942 -0.931531 0.067836 -0.357280 -8.959569
-0.358365 0.042011 0.932636 172.659088 0.080367 0.996667 -0.014014 -2.085652 -0.930116 0.069931 -0.360547 -9.748093
-0.360349 0.040933 0.931919 174.717407 0.080331 0.996687 -0.012716 -2.133326 -0.929352 0.070280 -0.362444 -10.549022
-0.362689 0.040490 0.931030 176.792023 0.079355 0.996769 -0.012436 -2.150929 -0.928526 0.069371 -0.364730 -11.365904
-0.366254 0.041344 0.929596 178.957809 0.079016 0.996786 -0.013200 -2.199196 -0.927154 0.068619 -0.368343 -12.183985
-0.368823 0.043341 0.928489 181.069031 0.078039 0.996829 -0.015531 -2.236404 -0.926218 0.066730 -0.371036 -13.026997
-0.372219 0.045229 0.927042 183.227112 0.077389 0.996846 -0.017562 -2.280765 -0.924913 0.065206 -0.374545 -13.879342
-0.375590 0.045970 0.925645 185.373993 0.075982 0.996934 -0.018679 -2.327979 -0.923666 0.063317 -0.377931 -14.743828
-0.378448 0.046620 0.924448 187.559341 0.073813 0.997070 -0.020065 -2.367363 -0.922675 0.060643 -0.380781 -15.686193
-0.383620 0.046917 0.922299 189.746826 0.073614 0.997084 -0.020102 -2.403254 -0.920552 0.060183 -0.385955 -16.544870
-0.388088 0.045509 0.920498 191.949539 0.071168 0.997278 -0.019300 -2.427168 -0.918870 0.058020 -0.390270 -17.442738
-0.392405 0.044454 0.918718 194.128143 0.069917 0.997383 -0.018397 -2.461792 -0.917131 0.057015 -0.394487 -18.349827
-0.397203 0.043737 0.916688 196.285278 0.068530 0.997488 -0.017898 -2.498725 -0.915169 0.055712 -0.399202 -19.233173
-0.401166 0.043923 0.914952 198.428070 0.066744 0.997596 -0.018626 -2.528385 -0.913570 0.053596 -0.403134 -20.159195
-0.406097 0.044361 0.912753 200.615173 0.065614 0.997658 -0.019295 -2.579713 -0.911471 0.052054 -0.408057 -21.080242
-0.409843 0.045306 0.911030 202.775055 0.065442 0.997652 -0.020174 -2.628216 -0.909806 0.051351 -0.411845 -22.038891
-0.412598 0.046467 0.909727 204.916534 0.066339 0.997579 -0.020867 -2.679384 -0.908494 0.051741 -0.414682 -23.013020
-0.415210 0.046997 0.908511 207.051849 0.067891 0.997481 -0.020572 -2.729910 -0.907189 0.053138 -0.417355 -23.997658
-0.417672 0.046717 0.907396 209.203918 0.069303 0.997406 -0.019451 -2.786934 -0.905951 0.054761 -0.419827 -25.018835
-0.420902 0.047524 0.905860 211.369797 0.069779 0.997364 -0.019902 -2.833035 -0.904418 0.054833 -0.423109 -26.000603
-0.423886 0.048415 0.904421 213.586456 0.069228 0.997381 -0.020946 -2.882028 -0.903066 0.053732 -0.426127 -27.039865
-0.427011 0.048918 0.902922 215.788376 0.068439 0.997420 -0.021671 -2.929463 -0.901653 0.052542 -0.429257 -28.080812
-0.430907 0.050767 0.900967 218.024506 0.067633 0.997425 -0.023855 -2.960255 -0.899858 0.050656 -0.433231 -29.132162
-0.435372 0.051956 0.898750 220.237228 0.066963 0.997437 -0.025223 -3.026275 -0.897757 0.049202 -0.437735 -30.162319
-0.439946 0.052237 0.896504 222.454010 0.064584 0.997562 -0.026432 -3.087856 -0.895699 0.046272 -0.442247 -31.175909
-0.444322 0.053467 0.894270 224.660217 0.065250 0.997498 -0.027219 -3.155208 -0.893488 0.046257 -0.446698 -32.235420
-0.452361 0.053704 0.890217 226.955231 0.066569 0.997434 -0.026345 -3.220483 -0.889347 0.047344 -0.454775 -33.256870
-0.461329 0.052727 0.885661 228.821060 0.067801 0.997409 -0.024064 -3.343231 -0.884635 0.048947 -0.463708 -34.034752
-0.476509 0.049478 0.877776 230.203156 0.065335 0.997647 -0.020767 -3.529975 -0.876739 0.047454 -0.478620 -34.363632
-0.482953 0.050013 0.874217 232.297607 0.064911 0.997665 -0.021216 -3.605247 -0.873237 0.046501 -0.485072 -35.440910
-0.489911 0.049630 0.870359 234.225647 0.063715 0.997747 -0.021030 -3.671435 -0.869441 0.045152 -0.491969 -36.428692
-0.494555 0.048947 0.867767 236.233353 0.062834 0.997814 -0.020472 -3.740995 -0.866872 0.044401 -0.496549 -37.559704
-0.499265 0.049342 0.865043 238.315262 0.062831 0.997811 -0.020652 -3.805303 -0.864168 0.044040 -0.501272 -38.742859
-0.504893 0.048470 0.861820 240.172272 0.062214 0.997869 -0.019674 -3.905938 -0.860937 0.043684 -0.506832 -39.733688
-0.512813 0.046351 0.857248 241.984619 0.061417 0.997964 -0.017219 -4.037840 -0.856301 0.043819 -0.514615 -40.673721
-0.516485 0.046399 0.855038 243.899002 0.060497 0.998013 -0.017614 -4.074812 -0.854156 0.042629 -0.518266 -41.895042
-0.519827 0.047167 0.852969 245.853256 0.060633 0.997994 -0.018235 -4.126935 -0.852117 0.042239 -0.521643 -43.130371
-0.522567 0.048083 0.851242 247.769943 0.061204 0.997948 -0.018798 -4.168614 -0.850399 0.042276 -0.524437 -44.341194
-0.527365 0.047627 0.848303 249.774796 0.060495 0.997998 -0.018423 -4.214993 -0.847482 0.041602 -0.529191 -45.542217
-0.530013 0.048514 0.846600 251.712097 0.059013 0.998052 -0.020248 -4.230621 -0.845933 0.039228 -0.531844 -46.789604
-0.533402 0.050114 0.844376 253.670883 0.060381 0.997953 -0.021086 -4.247027 -0.843704 0.039737 -0.535336 -48.082832
-0.534895 0.053356 0.843232 255.582947 0.061274 0.997826 -0.024269 -4.168272 -0.842694 0.038687 -0.537001 -49.501308
-0.534360 0.056967 0.843335 257.367065 0.062195 0.997672 -0.027984 -4.063982 -0.842966 0.037498 -0.536658 -51.005501
-0.537394 0.059836 0.841206 259.419159 0.064013 0.997496 -0.030059 -4.100092 -0.840899 0.037695 -0.539878 -52.428356
-0.539321 0.062219 0.839798 261.462769 0.066443 0.997302 -0.031218 -4.131602 -0.839475 0.038962 -0.542000 -53.885048
-0.539980 0.065479 0.839127 263.503876 0.068119 0.997099 -0.033971 -4.152133 -0.838917 0.038817 -0.542874 -55.408348
-0.540878 0.067910 0.838355 265.450958 0.068821 0.996966 -0.036357 -4.206500 -0.838281 0.038032 -0.543911 -56.837940
-0.541599 0.069116 0.837791 267.260864 0.069751 0.996872 -0.037148 -4.234990 -0.837738 0.038317 -0.544726 -58.167656
-0.543428 0.069807 0.836548 269.249329 0.068078 0.996919 -0.038965 -4.266305 -0.836690 0.035776 -0.546506 -59.597717
-0.545081 0.070112 0.835446 271.207825 0.067112 0.996948 -0.039878 -4.321754 -0.835693 0.034331 -0.548123 -61.003223
-0.545908 0.071672 0.834774 273.092010 0.067280 0.996867 -0.041590 -4.372190 -0.835139 0.033459 -0.549020 -62.403709
-0.547795 0.071394 0.833561 275.080170 0.065815 0.996942 -0.042135 -4.466098 -0.834020 0.031779 -0.550819 -63.831837
-0.548932 0.070986 0.832847 277.048187 0.063505 0.997049 -0.043126 -4.544915 -0.833451 0.029217 -0.551821 -65.241096
-0.548881 0.071128 0.832868 279.007599 0.064116 0.997020 -0.042893 -4.646405 -0.833438 0.029857 -0.551806 -66.727333
-0.547770 0.071402 0.833577 280.941803 0.064094 0.997005 -0.043283 -4.674514 -0.834170 0.029719 -0.550706 -68.205437
-0.548584 0.070265 0.833138 282.949585 0.062986 0.997104 -0.042620 -4.767658 -0.833720 0.029095 -0.551421 -69.605370
-0.549300 0.070405 0.832654 284.996765 0.061425 0.997151 -0.043792 -4.806200 -0.833365 0.027091 -0.552059 -71.050217
-0.549454 0.068383 0.832721 287.070251 0.057693 0.997371 -0.043837 -4.858534 -0.833530 0.023956 -0.551955 -72.650307
-0.544468 0.066598 0.836133 289.114380 0.049814 0.997651 -0.047025 -4.737651 -0.837301 0.016047 -0.546507 -74.598557
-0.541048 0.062749 0.838648 291.211578 0.038364 0.998016 -0.049923 -4.629896 -0.840116 0.005163 -0.542382 -76.457298
-0.540937 0.060640 0.838874 293.366119 0.030842 0.998157 -0.052266 -4.654939 -0.840497 -0.002400 -0.541811 -78.094788
-0.533391 0.056448 0.843983 295.234894 0.011393 0.998160 -0.059560 -4.446073 -0.845792 -0.022153 -0.533052 -79.948395
-0.533224 0.052252 0.844359 297.133148 0.003498 0.998218 -0.059565 -4.517562 -0.845967 -0.028808 -0.532457 -81.316193
-0.533944 0.044478 0.844349 299.156769 -0.011867 0.998123 -0.060083 -4.498016 -0.845437 -0.042101 -0.532413 -82.882118
-0.535554 0.039350 0.843583 301.252808 -0.021356 0.997963 -0.060109 -4.542258 -0.844231 -0.050207 -0.533623 -84.426498
-0.536321 0.033130 0.843364 303.227844 -0.033856 0.997581 -0.060718 -4.551115 -0.843335 -0.061118 -0.533902 -85.916809
-0.536393 0.032876 0.843328 305.057770 -0.037172 0.997351 -0.062524 -4.606693 -0.843150 -0.064886 -0.533750 -87.275970
-0.532351 0.033465 0.845862 306.717682 -0.036440 0.997386 -0.062394 -4.740662 -0.845739 -0.064038 -0.529740 -88.694946
-0.533119 0.033543 0.845375 308.845490 -0.037861 0.997267 -0.063445 -4.876192 -0.845193 -0.065831 -0.530392 -90.190430
-0.530971 0.030149 0.846854 311.042145 -0.045982 0.996869 -0.064320 -4.968877 -0.846142 -0.073092 -0.527922 -91.956406
-0.530027 0.029219 0.847477 312.968414 -0.047051 0.996853 -0.063795 -5.101913 -0.846675 -0.073688 -0.526984 -93.411293
-0.523238 0.027663 0.851738 314.668182 -0.052389 0.996538 -0.064550 -5.181444 -0.850575 -0.078397 -0.519977 -94.982613
-0.517584 0.026739 0.855215 316.689392 -0.060448 0.995872 -0.067720 -5.247337 -0.853495 -0.086746 -0.513831 -96.745209
-0.512802 0.028566 0.858031 318.136932 -0.060720 0.995737 -0.069440 -5.333635 -0.856357 -0.087708 -0.508881 -98.001762
-0.512384 0.028658 0.858278 319.158020 -0.061334 0.995669 -0.069862 -5.396321 -0.856564 -0.088438 -0.508407 -98.694862
-0.512904 0.024406 0.858099 320.084045 -0.068027 0.995297 -0.068970 -5.435822 -0.855746 -0.093749 -0.508831 -99.188011
-0.516227 0.021248 0.856188 320.869720 -0.075639 0.994655 -0.070290 -5.457591 -0.853105 -0.101047 -0.511860 -99.511398
-0.520287 0.019234 0.853775 321.690369 -0.079454 0.994320 -0.070820 -5.497258 -0.850287 -0.104683 -0.515804 -99.863281
-0.517241 0.020132 0.855603 323.123718 -0.079505 0.994270 -0.071458 -5.604009 -0.852139 -0.104986 -0.512676 -101.020370
-0.511615 0.022316 0.858925 324.527557 -0.081141 0.993940 -0.074155 -5.716979 -0.855375 -0.107632 -0.506704 -102.234985
-0.507624 0.025331 0.861206 325.944885 -0.081521 0.993671 -0.077279 -5.838110 -0.857713 -0.109435 -0.502346 -103.404152
-0.512203 0.027340 0.858429 327.033630 -0.080627 0.993549 -0.079752 -5.956963 -0.855071 -0.110062 -0.506695 -104.070381
-0.515925 0.026467 0.856225 328.666260 -0.079051 0.993787 -0.078352 -6.145564 -0.852979 -0.108109 -0.510627 -105.067787
-0.519021 0.025340 0.854386 330.753632 -0.076770 0.994139 -0.076121 -6.390900 -0.851307 -0.105099 -0.514034 -106.365005
-0.525212 0.027052 0.850541 332.037872 -0.072270 0.994466 -0.076257 -6.567390 -0.847897 -0.101520 -0.520350 -107.134911
-0.527033 0.026590 0.849429 333.040070 -0.069866 0.994771 -0.074489 -6.763045 -0.846968 -0.098604 -0.522420 -107.981827
-0.525601 0.029454 0.850221 333.433533 -0.058793 0.995753 -0.070841 -6.924096 -0.848697 -0.087221 -0.521637 -108.559410
-0.527550 0.030779 0.848966 333.626312 -0.055142 0.995995 -0.070375 -6.985267 -0.847733 -0.083940 -0.523740 -108.826523
-0.526842 0.035954 0.849203 333.937927 -0.045527 0.996477 -0.070434 -7.085982 -0.848743 -0.075769 -0.523349 -109.357834
-0.518900 0.043434 0.853731 334.353058 -0.034866 0.996802 -0.071904 -7.190951 -0.854124 -0.067077 -0.515726 -110.309227
-0.514578 0.044095 0.856309 334.550659 -0.034311 0.996818 -0.071949 -7.218022 -0.856757 -0.066404 -0.511428 -110.819130
-0.510222 0.045855 0.858820 334.661621 -0.032552 0.996832 -0.072562 -7.237518 -0.859427 -0.064979 -0.507113 -111.152168
-0.512466 0.047018 0.857420 334.748718 -0.032622 0.996713 -0.074154 -7.253392 -0.858088 -0.065973 -0.509247 -111.245522
-0.515174 0.046111 0.855844 334.850311 -0.040135 0.996158 -0.077830 -7.278508 -0.856145 -0.074445 -0.511345 -111.327705
-0.521175 0.052333 0.851844 334.995331 -0.044642 0.995080 -0.088445 -7.303875 -0.852281 -0.084123 -0.516275 -111.374893
-0.525863 0.063675 0.848182 335.122742 -0.032415 0.994969 -0.094792 -7.342525 -0.849951 -0.077341 -0.521154 -111.404793
-0.525415 0.066199 0.848267 335.220306 -0.021479 0.995619 -0.091002 -7.400571 -0.850575 -0.066033 -0.521692 -111.528328
-0.527047 0.058322 0.847833 335.310852 -0.021637 0.996398 -0.081992 -7.403426 -0.849561 -0.061558 -0.523887 -111.599411
-0.529408 0.049376 0.846929 335.430908 -0.027114 0.996810 -0.075063 -7.388753 -0.847934 -0.062703 -0.526380 -111.691002
-0.531556 0.045231 0.845814 335.548920 -0.032058 0.996783 -0.073452 -7.367796 -0.846416 -0.066159 -0.528397 -111.823166
-0.530960 0.046706 0.846109 335.639191 -0.033060 0.996578 -0.075758 -7.339345 -0.846752 -0.068197 -0.527599 -111.992508
-0.533759 0.053047 0.843971 335.775604 -0.025877 0.996539 -0.079002 -7.337236 -0.845241 -0.064007 -0.530539 -112.133369
-0.534025 0.060401 0.843308 335.870453 -0.021248 0.996171 -0.084805 -7.325337 -0.845202 -0.063206 -0.530697 -112.257774
-0.535077 0.064034 0.842373 336.001099 -0.019915 0.995890 -0.088354 -7.336224 -0.844569 -0.064052 -0.531602 -112.394516
-0.538678 0.065367 0.839972 336.192444 -0.019408 0.995758 -0.089936 -7.338190 -0.842288 -0.064749 -0.535125 -112.513893
-0.542482 0.065482 0.837511 336.331116 -0.018036 0.995820 -0.089543 -7.343232 -0.839874 -0.063681 -0.539034 -112.617142
-0.548312 0.065642 0.833694 336.492279 -0.019224 0.995662 -0.091039 -7.310689 -0.836053 -0.065945 -0.544671 -112.663498
-0.551082 0.066689 0.831782 336.596802 -0.018589 0.995573 -0.092137 -7.310359 -0.834244 -0.066237 -0.547402 -112.755470
-0.550129 0.068809 0.832240 336.655884 -0.017149 0.995458 -0.093639 -7.310862 -0.834903 -0.065786 -0.546451 -112.922180
-0.554643 0.070517 0.829095 336.769073 -0.015585 0.995347 -0.095084 -7.314146 -0.831942 -0.065659 -0.550964 -112.977516
-0.558202 0.071726 0.826599 336.813446 -0.012790 0.995394 -0.095010 -7.305700 -0.829607 -0.063607 -0.554713 -113.049492
-0.560097 0.071499 0.825336 336.927826 -0.011540 0.995499 -0.094072 -7.301271 -0.828347 -0.062213 -0.556751 -113.170143
-0.562693 0.071404 0.823577 337.033936 -0.010388 0.995573 -0.093413 -7.301754 -0.826601 -0.061118 -0.559460 -113.274689
-0.562578 0.073175 0.823499 337.109039 -0.011139 0.995314 -0.096053 -7.306846 -0.826669 -0.063210 -0.559127 -113.454720
-0.567624 0.074574 0.819904 337.143524 -0.014821 0.994802 -0.100742 -7.308125 -0.823155 -0.069335 -0.563568 -113.503113
-0.569088 0.075606 0.818794 337.189606 -0.016780 0.994489 -0.103492 -7.328860 -0.822106 -0.072635 -0.564682 -113.642426
-0.571724 0.074227 0.817082 337.293427 -0.019156 0.994420 -0.103741 -7.351260 -0.820223 -0.074963 -0.567111 -113.728394
-0.576272 0.073496 0.813946 337.440094 -0.022174 0.994175 -0.105470 -7.372817 -0.816957 -0.078828 -0.571286 -113.813637
-0.577303 0.072253 0.813327 337.741669 -0.025567 0.993989 -0.106450 -7.462590 -0.816130 -0.082248 -0.571985 -114.031677
-0.577238 0.073369 0.813274 337.789490 -0.024082 0.993993 -0.106765 -7.519067 -0.816221 -0.081214 -0.572003 -114.155922
-0.580004 0.073141 0.811323 338.460114 -0.020127 0.994370 -0.104031 -7.643656 -0.814365 -0.076668 -0.575267 -114.642776
-0.578827 0.070616 0.812387 338.585388 -0.018586 0.994842 -0.099719 -7.705938 -0.815239 -0.072819 -0.574529 -114.796440
-0.578261 0.069737 0.812866 339.480042 -0.012220 0.995488 -0.094097 -7.840889 -0.815760 -0.064346 -0.574800 -115.602974
-0.582618 0.070350 0.809696 340.712311 -0.006062 0.995843 -0.090885 -7.948938 -0.812724 -0.057860 -0.579769 -116.354431
-0.583088 0.071681 0.809240 341.841583 -0.008917 0.995475 -0.094602 -8.055003 -0.812360 -0.062377 -0.579811 -117.309937
-0.582020 0.072666 0.809921 343.794342 -0.014619 0.994903 -0.099768 -8.309961 -0.813043 -0.069907 -0.577992 -118.784416
-0.580485 0.069969 0.811260 345.727997 -0.021142 0.994670 -0.100915 -8.589147 -0.813997 -0.075732 -0.575912 -120.218803
-0.579094 0.072906 0.811994 345.994537 -0.017175 0.994681 -0.101557 -8.639430 -0.815080 -0.072757 -0.574762 -120.928734
-0.562937 0.077144 0.822892 346.577057 -0.013026 0.994683 -0.102160 -8.721931 -0.826397 -0.068228 -0.558939 -122.339027
-0.558664 0.078339 0.825686 347.813080 -0.010910 0.994749 -0.101762 -8.916726 -0.829322 -0.065859 -0.554876 -123.364815
-0.555958 0.080656 0.827288 349.635559 -0.011873 0.994409 -0.104928 -9.175570 -0.831125 -0.068158 -0.551892 -124.676689
-0.556963 0.075976 0.827055 351.838257 -0.020078 0.994284 -0.104859 -9.460476 -0.830295 -0.075008 -0.552254 -126.035706
-0.561089 0.070176 0.824775 354.003418 -0.029207 0.994101 -0.104453 -9.736699 -0.827240 -0.082696 -0.555730 -127.261253
-0.566272 0.067526 0.821448 356.162109 -0.033698 0.993908 -0.104933 -10.062329 -0.823529 -0.087102 -0.560547 -128.501114
-0.558672 0.069897 0.826438 356.688385 -0.029162 0.994171 -0.103797 -10.222590 -0.828876 -0.082089 -0.553377 -129.332474
-0.556897 0.069745 0.827648 357.156586 -0.026825 0.994438 -0.101850 -10.332072 -0.830148 -0.078922 -0.551929 -129.737457
-0.563696 0.065224 0.823403 358.295685 -0.031887 0.994416 -0.100600 -10.453437 -0.825366 -0.082963 -0.558469 -129.989288
-0.570008 0.061067 0.819366 360.289978 -0.034053 0.994622 -0.097818 -10.732450 -0.820933 -0.083659 -0.564863 -131.002792
-0.580145 0.055189 0.812641 361.586121 -0.041198 0.994437 -0.096947 -10.937444 -0.813471 -0.089722 -0.574644 -131.203369
-0.581462 0.055030 0.811711 362.567780 -0.044363 0.994081 -0.099173 -11.063014 -0.812364 -0.093675 -0.575578 -131.668533
-0.585260 0.053351 0.809088 363.568390 -0.047331 0.993884 -0.099773 -11.196525 -0.809463 -0.096688 -0.579156 -131.990891
-0.587381 0.054103 0.807500 364.184387 -0.044347 0.994112 -0.098864 -11.276801 -0.808095 -0.093881 -0.581524 -132.321960
-0.598397 0.050425 0.799611 364.722717 -0.047188 0.994067 -0.098001 -11.253993 -0.799809 -0.096376 -0.592468 -131.873734
-0.597679 0.049503 0.800205 365.074707 -0.047930 0.994101 -0.097298 -11.329407 -0.800301 -0.096507 -0.591781 -132.204651
-0.595426 0.050735 0.801807 365.481812 -0.046680 0.994133 -0.097569 -11.387387 -0.802053 -0.095524 -0.589564 -132.657700
-0.602289 0.051547 0.796612 366.003021 -0.048623 0.993691 -0.101061 -11.320363 -0.796796 -0.099601 -0.595983 -132.729843
-0.601829 0.052028 0.796928 366.523346 -0.046705 0.993875 -0.100157 -11.387449 -0.797258 -0.097498 -0.595713 -133.111954
-0.604359 0.053692 0.794901 367.350677 -0.046374 0.993664 -0.102376 -11.459931 -0.795361 -0.098735 -0.598040 -133.562683
-0.627916 0.037467 0.777379 368.641724 -0.064482 0.992902 -0.099939 -11.577702 -0.775605 -0.112880 -0.621043 -132.766357
-0.649620 0.027931 0.759746 369.481689 -0.073762 0.992295 -0.099550 -11.648340 -0.756672 -0.120710 -0.642554 -132.024506
-0.643401 0.027737 0.765027 369.968597 -0.073782 0.992444 -0.098034 -11.745391 -0.761966 -0.119521 -0.636493 -132.752853
-0.657852 0.022223 0.752819 371.460297 -0.080808 0.991712 -0.099889 -11.863400 -0.748800 -0.126546 -0.650604 -133.047684
-0.654563 0.028090 0.755485 371.468933 -0.074280 0.992085 -0.101244 -11.893529 -0.752349 -0.122388 -0.647295 -133.468826
-0.651291 0.032195 0.758145 371.764557 -0.070314 0.992241 -0.102539 -11.963263 -0.755563 -0.120091 -0.643974 -134.016663
-0.651213 0.038507 0.757918 372.371277 -0.061729 0.992715 -0.103475 -12.069709 -0.756381 -0.114169 -0.644091 -134.698044
-0.650488 0.041204 0.758398 372.395325 -0.059944 0.992627 -0.105345 -12.050139 -0.757147 -0.113987 -0.643223 -134.984634
-0.650315 0.039266 0.758649 372.544678 -0.060994 0.992740 -0.103666 -12.118837 -0.757212 -0.113688 -0.643199 -135.211761
-0.650328 0.040944 0.758549 372.747681 -0.059382 0.992751 -0.104496 -12.139651 -0.757329 -0.113001 -0.643182 -135.496277
-0.646969 0.042521 0.761330 372.908630 -0.061116 0.992340 -0.107359 -12.133017 -0.760063 -0.115987 -0.639415 -135.953308
-0.645319 0.045835 0.762537 373.246765 -0.058920 0.992239 -0.109504 -12.191011 -0.761637 -0.115594 -0.637610 -136.440155
-0.644827 0.051999 0.762558 374.045959 -0.047969 0.992963 -0.108273 -12.401638 -0.762822 -0.106396 -0.637795 -137.336823
-0.651435 0.057399 0.756530 374.626160 -0.047256 0.992128 -0.115966 -12.324030 -0.757231 -0.111295 -0.643595 -137.623718
-0.653321 0.058364 0.754828 374.871246 -0.047009 0.991973 -0.117388 -12.402025 -0.755620 -0.112176 -0.645333 -137.842392
-0.656727 0.058257 0.751874 375.123169 -0.047794 0.991792 -0.118592 -12.460649 -0.752612 -0.113818 -0.648553 -137.995438
-0.656980 0.061555 0.751391 375.271637 -0.043668 0.991881 -0.119438 -12.504953 -0.752643 -0.111280 -0.648958 -138.288605
-0.656609 0.063263 0.751573 375.613495 -0.039264 0.992258 -0.117825 -12.610271 -0.753208 -0.106875 -0.649042 -138.759872
-0.656167 0.065823 0.751739 375.853088 -0.033941 0.992606 -0.116540 -12.702556 -0.753852 -0.101985 -0.649082 -139.105148
-0.657286 0.067994 0.750568 376.261322 -0.031582 0.992562 -0.117573 -12.802392 -0.752979 -0.100984 -0.650250 -139.517120
-0.662233 0.072653 0.745768 376.606995 -0.023730 0.992755 -0.117787 -12.878148 -0.748923 -0.095699 -0.655711 -139.787781
-0.644644 0.084471 0.759802 376.692474 -0.013780 0.992431 -0.122026 -12.820226 -0.764359 -0.089133 -0.638601 -141.233749
-0.650501 0.085984 0.754622 377.100555 -0.010062 0.992508 -0.121762 -12.908302 -0.759439 -0.086799 -0.644763 -141.526367
-0.640001 0.091167 0.762946 376.879852 -0.005040 0.992417 -0.122815 -12.912478 -0.768357 -0.082447 -0.634689 -142.118973
-0.639849 0.094144 0.762713 377.160187 -0.000240 0.992444 -0.122702 -13.030122 -0.768501 -0.078694 -0.634991 -142.597931
-0.623998 0.101470 0.774810 376.883881 0.003228 0.991860 -0.127296 -12.893928 -0.781419 -0.076932 -0.619246 -143.542160
-0.613867 0.107215 0.782095 377.778900 0.007992 0.991527 -0.129652 -12.959331 -0.789369 -0.073339 -0.609523 -145.033279
-0.634466 0.100716 0.766361 379.389801 0.004934 0.991982 -0.126282 -13.266770 -0.772935 -0.076341 -0.629876 -145.214981
-0.640264 0.104280 0.761043 379.715576 0.007044 0.991498 -0.129932 -13.308273 -0.768122 -0.077830 -0.635555 -145.458496
-0.642161 0.108298 0.758881 380.189148 0.010565 0.991127 -0.132501 -13.418745 -0.766497 -0.077069 -0.637607 -145.862045
-0.637480 0.114187 0.761958 380.621887 0.010672 0.990170 -0.139459 -13.364236 -0.770393 -0.080771 -0.632433 -146.677628
-0.637237 0.114255 0.762151 381.238251 0.012898 0.990392 -0.137687 -13.477625 -0.770560 -0.077909 -0.632588 -147.229050
-0.638645 0.115910 0.760722 382.864136 0.017005 0.990475 -0.136641 -13.755198 -0.769314 -0.074329 -0.634533 -148.480209
-0.627873 0.121478 0.768777 382.502167 0.021337 0.990060 -0.139017 -13.713139 -0.778023 -0.070881 -0.624224 -148.995758
-0.620503 0.124685 0.774228 383.158539 0.022918 0.989741 -0.141024 -13.872907 -0.783869 -0.069762 -0.616995 -149.969650
-0.619650 0.125734 0.774742 383.226166 0.024167 0.989674 -0.141287 -13.958245 -0.784506 -0.068826 -0.616290 -150.157196
-0.604653 0.130918 0.785656 383.543610 0.026018 0.989119 -0.144798 -13.994335 -0.796064 -0.067111 -0.601480 -151.140701
-0.613103 0.126062 0.779880 384.763916 0.024036 0.989706 -0.141083 -14.296615 -0.789638 -0.067754 -0.609821 -151.431793
-0.621089 0.121088 0.774330 386.022339 0.018120 0.989947 -0.140271 -14.523675 -0.783531 -0.073090 -0.617039 -151.781860
-0.621107 0.116349 0.775042 387.141541 0.012692 0.990283 -0.138489 -14.801149 -0.783623 -0.076180 -0.616548 -152.435913
-0.622842 0.116980 0.773553 387.597321 0.013054 0.990174 -0.139227 -14.903425 -0.782239 -0.076618 -0.618249 -152.779572
-0.618260 0.118498 0.776990 388.094696 0.015139 0.990182 -0.138965 -15.031359 -0.785828 -0.074153 -0.613983 -153.442719
-0.626072 0.115112 0.771222 389.093658 0.012675 0.990415 -0.137539 -15.218628 -0.779662 -0.076334 -0.621530 -153.769852
-0.623679 0.115413 0.773114 389.174011 0.012537 0.990390 -0.137735 -15.265962 -0.781580 -0.076210 -0.619132 -154.121277
-0.618474 0.119584 0.776652 389.076324 0.013699 0.989843 -0.141501 -15.239619 -0.785686 -0.076876 -0.613831 -154.515442
-0.618833 0.120521 0.776222 389.909790 0.014016 0.989697 -0.142492 -15.404784 -0.785398 -0.077300 -0.614146 -155.000656
-0.594259 0.133121 0.793180 389.300232 0.015276 0.987897 -0.154355 -15.144421 -0.804129 -0.079611 -0.589100 -155.781876
-0.596400 0.135051 0.791245 389.767303 0.017769 0.987724 -0.155193 -15.214606 -0.802491 -0.078497 -0.591478 -156.116791
-0.593062 0.137228 0.793377 390.369110 0.019899 0.987566 -0.155942 -15.347342 -0.804911 -0.076695 -0.588418 -156.757721
-0.590617 0.140462 0.794633 390.419891 0.022297 0.987199 -0.157929 -15.417561 -0.806644 -0.075557 -0.586188 -157.059143
-0.592850 0.141331 0.792815 391.037994 0.022688 0.987020 -0.158986 -15.561125 -0.804994 -0.076268 -0.588361 -157.447723
-0.593186 0.141283 0.792571 391.556580 0.022183 0.986975 -0.159334 -15.715201 -0.804760 -0.076934 -0.588594 -157.872269
-0.582589 0.151869 0.798452 391.007935 0.042687 0.986749 -0.156537 -15.749319 -0.811645 -0.057113 -0.581352 -158.177826
-0.572808 0.164909 0.802929 390.446411 0.070512 0.985836 -0.152172 -15.893288 -0.816651 -0.030549 -0.576323 -158.381851
-0.564988 0.167063 0.808009 390.360199 0.072724 0.985559 -0.152922 -15.953237 -0.821888 -0.027637 -0.568979 -158.884583
-0.567496 0.165955 0.806478 390.712555 0.072982 0.985761 -0.151492 -16.095268 -0.820135 -0.027113 -0.571527 -159.040619
-0.572053 0.165706 0.803304 391.268585 0.067819 0.985582 -0.155011 -16.178198 -0.817408 -0.034195 -0.575043 -159.319687
-0.570674 0.163459 0.804744 391.348175 0.064944 0.985903 -0.154201 -16.298304 -0.818605 -0.035735 -0.573245 -159.651657
-0.571168 0.161794 0.804730 391.914795 0.063878 0.986170 -0.152934 -16.429951 -0.818344 -0.035947 -0.573604 -160.067703
-0.574546 0.160457 0.802590 392.360779 0.061361 0.986280 -0.153255 -16.507528 -0.816169 -0.038804 -0.576509 -160.345718
-0.572059 0.165227 0.803398 392.565613 0.063282 0.985471 -0.157612 -16.478519 -0.817768 -0.039323 -0.574204 -160.704147
-0.562927 0.173157 0.808164 392.203613 0.070126 0.984288 -0.162047 -16.389927 -0.823526 -0.034547 -0.566225 -161.044006
-0.564075 0.173705 0.807246 392.622742 0.067911 0.984070 -0.164301 -16.513802 -0.822926 -0.037857 -0.566885 -161.395493
-0.563577 0.175297 0.807249 392.944946 0.070485 0.983865 -0.164441 -16.612995 -0.823051 -0.035776 -0.566840 -161.787994
-0.557157 0.176460 0.811442 393.269653 0.074097 0.983828 -0.163071 -16.740356 -0.827095 -0.030731 -0.561221 -162.360764
-0.556205 0.176976 0.811982 393.810486 0.072912 0.983686 -0.164455 -16.824671 -0.827840 -0.032267 -0.560035 -162.785477
-0.546561 0.179401 0.817977 393.761261 0.075127 0.983349 -0.165472 -16.818377 -0.834043 -0.028989 -0.550938 -163.284622
-0.546891 0.180298 0.817559 394.343353 0.075265 0.983169 -0.166473 -16.957129 -0.833813 -0.029509 -0.551257 -163.711685
-0.536216 0.186480 0.823224 394.062134 0.078533 0.982082 -0.171312 -16.826864 -0.840420 -0.027210 -0.541253 -164.130661
-0.536912 0.187539 0.822530 394.442688 0.079052 0.981873 -0.172268 -16.902142 -0.839926 -0.027470 -0.542005 -164.445236
