1.000000 0.000000 0.000000 0.000000 0.000000 1.000000 0.000000 0.000000 0.000000 0.000000 1.000000 0.000000
0.998971 -0.000641 0.045340 0.004256 0.000802 0.999993 -0.003527 0.002650 -0.045337 0.003560 0.998965 1.015694
0.995792 -0.005160 0.091501 0.052254 0.005947 0.999948 -0.008328 -0.011055 -0.091454 0.008837 0.995770 2.002479
0.989866 -0.004404 0.141933 0.096913 0.006363 0.999891 -0.013351 -0.000193 -0.141859 0.014119 0.989786 3.171739
0.981744 -0.001705 0.190201 0.248972 0.004975 0.999848 -0.016712 -0.002032 -0.190144 0.017353 0.981603 4.261395
0.971616 -0.004504 0.236522 0.526985 0.008902 0.999807 -0.017532 -0.006544 -0.236397 0.019140 0.971468 5.450270
0.959236 -0.004824 0.282567 0.863749 0.011058 0.999729 -0.020471 0.005361 -0.282391 0.022762 0.959029 6.665104
0.944516 -0.007513 0.328379 1.207297 0.016473 0.999564 -0.024513 0.008043 -0.328052 0.028562 0.944228 7.771459
0.928847 -0.009668 0.370338 1.641273 0.021148 0.999413 -0.026951 -0.006066 -0.369860 0.032865 0.928506 8.818389
0.910997 -0.010220 0.412287 2.079803 0.023799 0.999330 -0.027815 -0.037980 -0.411726 0.035152 0.910629 9.782643
0.891237 -0.011575 0.453391 2.568818 0.026748 0.999276 -0.027069 -0.057912 -0.452749 0.036252 0.890901 10.687868
0.869178 -0.011757 0.494360 3.075737 0.028339 0.999259 -0.026062 -0.091950 -0.493687 0.036662 0.868867 11.546833
0.845123 -0.011698 0.534444 3.643038 0.029700 0.999244 -0.025092 -0.118444 -0.533746 0.037079 0.844831 12.433720
0.819332 -0.012126 0.573191 4.236865 0.032334 0.999162 -0.025081 -0.149742 -0.572407 0.039084 0.819038 13.281389
0.791721 -0.014022 0.610722 4.849851 0.036685 0.999023 -0.024621 -0.177969 -0.609780 0.041897 0.791463 14.085883
0.763160 -0.012719 0.646085 5.508227 0.037922 0.998965 -0.025129 -0.205836 -0.645096 0.043678 0.762852 14.866234
0.732721 -0.016258 0.680335 6.207600 0.044139 0.998745 -0.023671 -0.231770 -0.679096 0.047374 0.732519 15.621578
0.701190 -0.015203 0.712812 6.926955 0.044738 0.998741 -0.022708 -0.263989 -0.711569 0.047812 0.700987 16.328009
0.666486 -0.014004 0.745386 7.649383 0.047044 0.998621 -0.023302 -0.289323 -0.744032 0.050596 0.666226 17.002012
0.631778 -0.015287 0.774999 8.417596 0.052494 0.998354 -0.023100 -0.314265 -0.773370 0.055276 0.631541 17.622135
0.597730 -0.014111 0.801573 9.260770 0.053987 0.998284 -0.022685 -0.337010 -0.799878 0.056834 0.597466 18.224190
0.561251 -0.012284 0.827555 10.127708 0.057431 0.998058 -0.024135 -0.354876 -0.825651 0.061073 0.560866 18.825396
0.526310 -0.010493 0.850228 11.019375 0.063301 0.997633 -0.026873 -0.368737 -0.847934 0.067964 0.525728 19.336639
0.490058 -0.009572 0.871637 11.952179 0.066344 0.997449 -0.026347 -0.379636 -0.869161 0.070740 0.489443 19.873955
0.454922 -0.011497 0.890457 12.861988 0.073256 0.997011 -0.024552 -0.394773 -0.887513 0.076400 0.454404 20.315897
0.418243 -0.012435 0.908250 13.751059 0.078142 0.996692 -0.022337 -0.421985 -0.904968 0.080315 0.417831 20.740538
0.389156 -0.010728 0.921109 14.663907 0.080521 0.996501 -0.022413 -0.446986 -0.917646 0.082891 0.388658 21.049980
0.357386 -0.011315 0.933888 15.601621 0.081792 0.996464 -0.019228 -0.458982 -0.930368 0.083256 0.357047 21.404076
0.326351 -0.013084 0.945158 16.570728 0.085463 0.996217 -0.015718 -0.468038 -0.941377 0.085906 0.326235 21.721344
0.293151 -0.012593 0.955983 17.536388 0.087136 0.996104 -0.013598 -0.476281 -0.952087 0.087287 0.293106 22.043140
0.260324 -0.009544 0.965474 18.503416 0.084998 0.996295 -0.013070 -0.492976 -0.961773 0.085466 0.260170 22.330269
0.228219 -0.007922 0.973578 19.519438 0.084405 0.996363 -0.011678 -0.509520 -0.969944 0.084840 0.228058 22.612480
0.197034 -0.007296 0.980370 20.529129 0.086654 0.996188 -0.010002 -0.519371 -0.976560 0.086924 0.196915 22.839708
0.165288 -0.007170 0.986219 21.561926 0.088070 0.996086 -0.007519 -0.530553 -0.982305 0.088099 0.165273 23.037561
0.133682 -0.007515 0.990996 22.648401 0.086705 0.996225 -0.004141 -0.537790 -0.987224 0.086478 0.133829 23.224480
0.101397 -0.007186 0.994820 23.798519 0.087672 0.996148 -0.001740 -0.540632 -0.990975 0.087395 0.101637 23.421709
0.071616 -0.006953 0.997408 24.927057 0.089634 0.995975 0.000507 -0.547556 -0.993397 0.089365 0.071951 23.573624
0.044051 -0.006134 0.999010 26.076221 0.093281 0.995638 0.002001 -0.543496 -0.994665 0.093100 0.044431 23.681501
0.020280 -0.005480 0.999779 27.185068 0.097060 0.995272 0.003486 -0.536659 -0.995072 0.096968 0.020716 23.717855
-0.000665 -0.005553 0.999984 28.289326 0.102456 0.994722 0.005592 -0.537420 -0.994737 0.102459 -0.000092 23.725876
-0.018423 -0.005777 0.999814 29.405396 0.106639 0.994268 0.007710 -0.523301 -0.994127 0.106761 -0.017701 23.701523
-0.034416 -0.005379 0.999393 30.565361 0.109476 0.993948 0.009119 -0.512085 -0.993393 0.109723 -0.033619 23.658300
-0.049491 -0.005457 0.998760 31.705620 0.111890 0.993660 0.010973 -0.496633 -0.992487 0.112295 -0.048567 23.616575
-0.063658 -0.006214 0.997952 32.880009 0.111782 0.993644 0.013318 -0.483543 -0.991692 0.112401 -0.062559 23.561251
-0.075620 -0.006504 0.997115 34.046844 0.111281 0.993677 0.014921 -0.482972 -0.990908 0.112089 -0.074418 23.461294
-0.087308 -0.003242 0.996176 35.240021 0.111482 0.993681 0.013005 -0.466252 -0.989924 0.112191 -0.086395 23.360991
-0.098060 0.000164 0.995181 36.457584 0.111313 0.993727 0.010804 -0.453619 -0.988936 0.111836 -0.097463 23.246687
-0.108051 0.003169 0.994140 37.684967 0.112733 0.993584 0.009085 -0.437602 -0.987733 0.113055 -0.107715 23.125931
-0.115904 0.004171 0.993252 38.932434 0.112409 0.993622 0.008945 -0.428844 -0.986879 0.112687 -0.115633 22.987597
-0.121911 0.004958 0.992529 40.217964 0.112150 0.993652 0.008812 -0.417474 -0.986185 0.112386 -0.121694 22.833023
-0.127704 0.006649 0.991790 41.514061 0.112822 0.993584 0.007866 -0.405372 -0.985374 0.112901 -0.127635 22.677908
-0.132096 0.008259 0.991203 42.814323 0.111114 0.993786 0.006527 -0.388112 -0.984990 0.110999 -0.132193 22.507669
-0.136448 0.009156 0.990605 44.140308 0.111728 0.993719 0.006205 -0.379498 -0.984327 0.111525 -0.136614 22.325199
-0.139603 0.008590 0.990170 45.490582 0.110820 0.993816 0.007003 -0.352125 -0.983987 0.110709 -0.139692 22.125309
-0.141963 0.006695 0.989849 46.852787 0.111409 0.993732 0.009257 -0.341173 -0.983582 0.111592 -0.141819 21.917097
-0.143529 0.005918 0.989628 48.225388 0.111532 0.993708 0.010233 -0.319302 -0.983341 0.111844 -0.143286 21.692566
-0.145718 0.006505 0.989305 49.592888 0.113910 0.993438 0.010246 -0.308689 -0.982746 0.114185 -0.145503 21.494600
-0.146777 0.006334 0.989149 50.996197 0.112920 0.993550 0.010394 -0.289639 -0.982703 0.113220 -0.146546 21.284513
-0.147511 0.007962 0.989028 52.409164 0.115496 0.993265 0.009230 -0.276573 -0.982294 0.115590 -0.147438 21.070742
-0.148047 0.008222 0.988946 53.832451 0.114669 0.993364 0.008907 -0.264634 -0.982310 0.114720 -0.148007 20.875525
-0.147352 0.009659 0.989037 55.275524 0.114579 0.993387 0.007369 -0.255957 -0.982425 0.114408 -0.147484 20.663662
-0.145723 0.009819 0.989277 56.761681 0.115087 0.993330 0.007094 -0.240279 -0.982609 0.114886 -0.145881 20.428226
-0.144502 0.008906 0.989464 58.264408 0.113877 0.993465 0.007689 -0.225095 -0.982930 0.113789 -0.144572 20.212252
-0.143576 0.009634 0.989592 59.792061 0.114288 0.993424 0.006910 -0.213936 -0.983018 0.114091 -0.143733 19.998306
-0.142898 0.009954 0.989687 61.331264 0.114341 0.993420 0.006517 -0.216953 -0.983111 0.114093 -0.143096 19.788399
-0.142235 0.010565 0.989777 62.912304 0.115657 0.993271 0.006018 -0.209403 -0.983053 0.115330 -0.142500 19.557795
-0.142094 0.010499 0.989797 64.527863 0.114970 0.993351 0.005969 -0.195703 -0.983154 0.114645 -0.142357 19.348837
-0.141662 0.009075 0.989873 66.162209 0.116555 0.993155 0.007575 -0.182294 -0.983029 0.116448 -0.141751 19.122778
-0.140915 0.006983 0.989997 67.808655 0.117506 0.993025 0.009721 -0.167134 -0.983024 0.117701 -0.140753 18.880116
-0.139700 0.008130 0.990160 69.470642 0.118625 0.992902 0.008584 -0.148415 -0.983063 0.118657 -0.139673 18.622477
-0.138358 0.009933 0.990332 71.133133 0.119338 0.992831 0.006715 -0.122760 -0.983166 0.119113 -0.138552 18.364395
-0.137332 0.009582 0.990479 72.811111 0.118432 0.992939 0.006815 -0.110290 -0.983419 0.118241 -0.137498 18.113400
-0.136660 0.009784 0.990570 74.522408 0.119116 0.992858 0.006627 -0.089839 -0.983430 0.118898 -0.136850 17.837507
-0.136087 0.009201 0.990654 76.248482 0.117866 0.993005 0.006969 -0.056964 -0.983660 0.117713 -0.136220 17.583126
-0.136226 0.009661 0.990631 77.968269 0.117701 0.993028 0.006501 -0.021742 -0.983661 0.117483 -0.136413 17.353981
-0.135127 0.009766 0.990780 79.723824 0.118362 0.992950 0.006355 0.003281 -0.983733 0.118130 -0.135330 17.073278
-0.135106 0.010866 0.990772 81.521301 0.118819 0.992902 0.005314 0.010052 -0.983681 0.118441 -0.135438 16.814611
-0.134133 0.011631 0.990895 83.368721 0.118947 0.992891 0.004447 0.012570 -0.983799 0.118461 -0.134563 16.488861
-0.135384 0.012184 0.990718 85.190437 0.118441 0.992953 0.003974 0.004172 -0.983688 0.117879 -0.135873 16.232052
-0.135763 0.012206 0.990666 87.041664 0.117293 0.993090 0.003838 -0.001733 -0.983774 0.116720 -0.136256 15.930703
-0.136007 0.011464 0.990642 88.908073 0.115583 0.993288 0.004374 0.017661 -0.983942 0.115096 -0.136419 15.645928
-0.136058 0.011532 0.990634 90.804512 0.114280 0.993440 0.004131 0.056252 -0.984088 0.113772 -0.136483 15.334049
-0.135752 0.011051 0.990681 92.733696 0.111511 0.993754 0.004195 0.089778 -0.984447 0.111041 -0.136137 15.003607
-0.136308 0.011705 0.990597 94.574821 0.111200 0.993792 0.003559 0.087777 -0.984406 0.110639 -0.136763 14.716285
-0.139326 0.012401 0.990169 96.438698 0.110475 0.993874 0.003097 0.079033 -0.984065 0.109821 -0.139842 14.464701
-0.143022 0.013674 0.989625 98.340157 0.111878 0.993719 0.002438 0.079628 -0.983376 0.111066 -0.143654 14.176541
-0.147245 0.012851 0.989016 100.241486 0.110193 0.993904 0.003491 0.078533 -0.982943 0.109497 -0.147764 13.878744
-0.151612 0.012810 0.988357 102.155968 0.109324 0.993999 0.003887 0.083371 -0.982376 0.108641 -0.152103 13.573607
-0.155945 0.013442 0.987674 104.082603 0.108490 0.994091 0.003600 0.076761 -0.981790 0.107714 -0.156482 13.267847
-0.161223 0.016116 0.986786 106.043228 0.108856 0.994056 0.001550 0.091306 -0.980896 0.107667 -0.162019 12.964080
-0.166308 0.018106 0.985908 107.989876 0.108971 0.994045 0.000127 0.087992 -0.980034 0.107457 -0.167291 12.642462
-0.172081 0.018173 0.984915 109.963341 0.107836 0.994169 0.000497 0.074605 -0.979163 0.106294 -0.173037 12.319841
-0.177586 0.018240 0.983936 111.925583 0.106574 0.994304 0.000803 0.066613 -0.978317 0.105005 -0.178519 11.980324
-0.182690 0.017754 0.983010 113.865990 0.104884 0.994483 0.001531 0.067412 -0.977560 0.103381 -0.183544 11.615637
-0.188230 0.017592 0.981967 115.833534 0.104497 0.994523 0.002214 0.065048 -0.976550 0.103029 -0.189038 11.250052
-0.193376 0.017835 0.980963 117.830582 0.104626 0.994508 0.002544 0.074486 -0.975530 0.103126 -0.194181 10.848453
-0.198496 0.020003 0.979898 119.830696 0.105312 0.994439 0.001034 0.082751 -0.974427 0.103400 -0.199499 10.437304
-0.204318 0.021575 0.978667 121.879814 0.104886 0.994484 -0.000026 0.091130 -0.973269 0.102643 -0.205453 10.023867
-0.210575 0.021791 0.977335 123.891327 0.105358 0.994434 0.000528 0.087616 -0.971884 0.103081 -0.211699 9.604579
-0.217032 0.022045 0.975916 125.961853 0.104690 0.994505 0.000817 0.081381 -0.970535 0.102346 -0.218147 9.164538
-0.223044 0.022832 0.974541 127.977165 0.104123 0.994564 0.000529 0.064336 -0.969232 0.101590 -0.224209 8.729617
-0.229282 0.023296 0.973081 130.019470 0.103621 0.994617 0.000604 0.042987 -0.967829 0.100970 -0.230462 8.284668
-0.233615 0.022630 0.972066 132.062561 0.104587 0.994514 0.001982 0.045728 -0.966688 0.102129 -0.234700 7.780605
-0.237430 0.022853 0.971136 134.117340 0.106621 0.994296 0.002670 0.052585 -0.965536 0.104177 -0.238512 7.256361
-0.242400 0.023081 0.969902 136.213516 0.107621 0.994187 0.003238 0.035439 -0.964189 0.105166 -0.243475 6.741313
-0.246794 0.023428 0.968785 138.345398 0.108017 0.994143 0.003476 0.026160 -0.963029 0.105503 -0.247879 6.183737
-0.250892 0.023329 0.967734 140.456818 0.107241 0.994226 0.003835 0.023010 -0.962056 0.104743 -0.251946 5.626027
-0.254404 0.024001 0.966800 142.526367 0.106133 0.994347 0.003243 0.016771 -0.961257 0.103434 -0.255513 5.061328
-0.259434 0.025108 0.965434 144.611237 0.105002 0.994469 0.002353 0.015570 -0.960036 0.101983 -0.260636 4.508875
-0.264457 0.024801 0.964079 146.670792 0.103827 0.994591 0.002895 0.012846 -0.958792 0.100863 -0.265601 3.960763
-0.268677 0.025410 0.962895 148.719376 0.104460 0.994525 0.002903 0.007720 -0.957549 0.101364 -0.269860 3.371683
-0.272689 0.026120 0.961748 150.732269 0.104540 0.994517 0.002630 0.005334 -0.956406 0.101259 -0.273924 2.785649
-0.276605 0.026023 0.960631 152.699890 0.103551 0.994620 0.002873 -0.000988 -0.955388 0.100269 -0.277812 2.215986
-0.280348 0.026052 0.959545 154.724533 0.104180 0.994553 0.003436 0.002203 -0.954228 0.100929 -0.281535 1.605963
-0.284154 0.026088 0.958424 156.792999 0.104597 0.994507 0.003941 -0.000850 -0.953056 0.101368 -0.285322 0.977667
-0.288449 0.027254 0.957107 158.884613 0.105959 0.994364 0.003619 0.003917 -0.951614 0.102458 -0.289711 0.356923
-0.291557 0.028153 0.956139 160.945663 0.105180 0.994449 0.002792 0.011196 -0.950753 0.101381 -0.292900 -0.287990
-0.295043 0.029902 0.955016 163.024185 0.105299 0.994440 0.001394 0.007249 -0.949664 0.100974 -0.296552 -0.931296
-0.298292 0.030936 0.953973 165.069321 0.105541 0.994415 0.000754 0.004208 -0.948622 0.100908 -0.299891 -1.563772
-0.301292 0.031578 0.953009 167.157898 0.104936 0.994479 0.000223 0.001749 -0.947740 0.100072 -0.302943 -2.225798
-0.304537 0.031122 0.951992 169.214035 0.104129 0.994564 0.000796 -0.012226 -0.946792 0.099372 -0.306122 -2.874693
-0.307777 0.030594 0.950967 171.289505 0.102772 0.994704 0.001261 -0.017769 -0.945892 0.098121 -0.309291 -3.566126
-0.311640 0.031293 0.949685 173.430786 0.104597 0.994514 0.001553 -0.024438 -0.944426 0.099818 -0.313204 -4.266954
-0.314799 0.031527 0.948635 175.557434 0.106266 0.994335 0.002218 -0.023857 -0.943191 0.101505 -0.316366 -4.972605
-0.317737 0.030923 0.947674 177.703262 0.106481 0.994309 0.003256 -0.029565 -0.942181 0.101944 -0.319222 -5.687639
-0.320657 0.029870 0.946724 179.840897 0.105111 0.994451 0.004225 -0.033503 -0.941345 0.100866 -0.322018 -6.400716
-0.323291 0.030281 0.945815 182.009048 0.103636 0.994609 0.003581 -0.027655 -0.940608 0.099178 -0.324686 -7.149710
-0.325428 0.031360 0.945047 184.136703 0.101783 0.994805 0.002038 -0.038881 -0.940073 0.096853 -0.326929 -7.895291
-0.328419 0.033126 0.943951 186.292587 0.100604 0.994927 0.000087 -0.034363 -0.939159 0.094994 -0.330085 -8.643136
-0.331761 0.034264 0.942741 188.476730 0.099683 0.995019 -0.001084 -0.042384 -0.938082 0.093615 -0.333524 -9.408937
-0.336401 0.034468 0.941088 190.729111 0.096773 0.995305 -0.001862 -0.045846 -0.936733 0.090446 -0.338157 -10.174664
-0.340958 0.034895 0.939431 192.946472 0.096654 0.995316 -0.001891 -0.039068 -0.935097 0.090155 -0.342734 -10.947824
-0.345672 0.034322 0.937728 195.168503 0.096287 0.995353 -0.000938 -0.044292 -0.933402 0.089967 -0.347371 -11.720776
-0.350039 0.033560 0.936134 197.378311 0.095175 0.995461 -0.000099 -0.043955 -0.931888 0.089062 -0.351644 -12.514462
-0.354449 0.033402 0.934479 199.617432 0.094650 0.995511 0.000318 -0.043628 -0.930273 0.088561 -0.356019 -13.360176
-0.358971 0.033479 0.932748 201.835602 0.093778 0.995593 0.000356 -0.051604 -0.928626 0.087599 -0.360529 -14.177739
-0.363294 0.034498 0.931036 204.071976 0.093717 0.995599 -0.000321 -0.061395 -0.926949 0.087137 -0.364928 -15.033312
-0.367110 0.035207 0.929511 206.258911 0.093892 0.995582 -0.000626 -0.072626 -0.925427 0.087044 -0.368794 -15.888409
-0.370810 0.036948 0.927973 208.493759 0.096024 0.995378 -0.001261 -0.075054 -0.923731 0.088640 -0.372644 -16.774227
-0.373266 0.036913 0.926990 210.621002 0.097317 0.995253 -0.000445 -0.085987 -0.922606 0.090046 -0.375086 -17.650341
-0.376196 0.037144 0.925795 212.806519 0.099602 0.995027 0.000551 -0.095840 -0.921171 0.092418 -0.378024 -18.551664
-0.379278 0.038525 0.924481 215.031799 0.101194 0.994867 0.000058 -0.096436 -0.919733 0.093574 -0.381229 -19.467943
-0.381980 0.039412 0.923330 217.232742 0.100875 0.994899 -0.000734 -0.100420 -0.918649 0.092861 -0.384007 -20.395271
-0.384840 0.040288 0.922104 219.464005 0.101016 0.994884 -0.001309 -0.101033 -0.917439 0.092643 -0.386941 -21.336023
-0.387999 0.042077 0.920699 221.718033 0.101027 0.994880 -0.002893 -0.099710 -0.916106 0.091892 -0.390263 -22.288427
-0.392371 0.043592 0.918773 223.988892 0.100611 0.994917 -0.004238 -0.107717 -0.914288 0.090776 -0.394763 -23.218721
-0.396914 0.043781 0.916811 226.244186 0.098443 0.995131 -0.004902 -0.124586 -0.912562 0.088307 -0.399291 -24.140806
-0.402616 0.045575 0.914234 228.569504 0.099633 0.995008 -0.005725 -0.127429 -0.909930 0.088783 -0.405147 -25.096548
-0.409277 0.046331 0.911233 230.859283 0.101917 0.994781 -0.004803 -0.131503 -0.906700 0.090905 -0.411863 -26.015480
-0.415442 0.045498 0.908481 232.692383 0.102726 0.994706 -0.002841 -0.185448 -0.903801 0.092144 -0.417916 -26.730631
-0.427869 0.044980 0.902721 234.595886 0.101246 0.994860 -0.001583 -0.242148 -0.898152 0.090720 -0.430224 -27.352154
-0.437962 0.046280 0.897801 236.636765 0.100819 0.994903 -0.002104 -0.267046 -0.893322 0.089594 -0.440396 -28.149246
-0.449403 0.045302 0.892180 238.657547 0.098748 0.995112 -0.000787 -0.316360 -0.887854 0.087748 -0.451680 -28.954023
-0.455997 0.045355 0.888825 240.819504 0.098394 0.995147 -0.000301 -0.322809 -0.884525 0.087318 -0.458247 -30.006298
-0.462306 0.046591 0.885496 242.939392 0.098659 0.995121 -0.000850 -0.325469 -0.881215 0.086969 -0.464647 -31.061939
-0.468968 0.046962 0.881966 245.057465 0.098998 0.995088 -0.000345 -0.336262 -0.877650 0.087152 -0.471313 -32.109779
-0.476650 0.047256 0.877822 247.073959 0.098778 0.995109 0.000066 -0.336558 -0.873526 0.086741 -0.478987 -33.093071
-0.481371 0.047528 0.875227 249.141647 0.098213 0.995165 -0.000024 -0.333258 -0.870997 0.085948 -0.483712 -34.207794
-0.486511 0.048999 0.872299 251.171494 0.098582 0.995129 -0.000916 -0.328427 -0.868095 0.085548 -0.488971 -35.297142
-0.490316 0.049595 0.870133 253.136322 0.098403 0.995146 -0.001271 -0.315763 -0.865972 0.085001 -0.492816 -36.376183
-0.501755 0.049411 0.863597 254.941055 0.098759 0.995111 0.000444 -0.371524 -0.859354 0.085511 -0.504182 -37.149788
-0.513430 0.049899 0.856679 256.766296 0.098193 0.995167 0.000884 -0.419988 -0.852495 0.084574 -0.515848 -37.958996
-0.519717 0.050889 0.852821 258.388733 0.099208 0.995066 0.001082 -0.430349 -0.848558 0.085169 -0.522202 -38.843552
-0.526955 0.051942 0.848304 260.061401 0.100107 0.994976 0.001263 -0.442182 -0.843977 0.085586 -0.529508 -39.713451
-0.545272 0.051520 0.836675 261.580963 0.100781 0.994899 0.004418 -0.590860 -0.832179 0.086730 -0.547683 -40.034744
-0.559426 0.054136 0.827110 263.282837 0.103385 0.994630 0.004825 -0.654205 -0.822407 0.088210 -0.562019 -40.776470
-0.566912 0.054659 0.821963 265.048309 0.104898 0.994464 0.006219 -0.699916 -0.817072 0.089748 -0.569507 -41.831322
-0.580758 0.055574 0.812177 266.796722 0.105410 0.994402 0.007332 -0.767629 -0.807223 0.089870 -0.583364 -42.720772
-0.595205 0.054591 0.801717 268.178772 0.104895 0.994431 0.010162 -0.927011 -0.796698 0.090145 -0.597617 -43.257050
-0.600087 0.052596 0.798203 268.297089 0.108225 0.994000 0.015866 -1.252396 -0.792580 0.095907 -0.602179 -42.997139
-0.606453 0.051570 0.793446 268.607941 0.111424 0.993560 0.020588 -1.564936 -0.787274 0.100895 -0.608293 -42.883408
-0.606038 0.048521 0.793955 268.639954 0.110625 0.993579 0.023721 -1.730459 -0.787706 0.102207 -0.607514 -43.068657
-0.605810 0.047866 0.794168 269.008881 0.111446 0.993453 0.025136 -1.817611 -0.787765 0.103735 -0.607178 -43.668308
-0.607445 0.047211 0.792958 269.327972 0.111592 0.993405 0.026340 -1.899503 -0.786485 0.104488 -0.608707 -44.198288
-0.608793 0.045941 0.791998 270.506134 0.110244 0.993535 0.027111 -1.915350 -0.785632 0.103818 -0.609921 -45.307690
-0.606011 0.047378 0.794044 271.218567 0.114555 0.993017 0.028178 -1.942179 -0.787164 0.108038 -0.607207 -46.375404
-0.608970 0.045889 0.791865 272.588470 0.115674 0.992790 0.031424 -1.980276 -0.784714 0.110734 -0.609887 -47.491776
-0.605342 0.045655 0.794655 272.948944 0.117837 0.992493 0.032743 -2.016267 -0.787195 0.113461 -0.606178 -48.248726
-0.599271 0.044760 0.799294 273.237640 0.118101 0.992454 0.032970 -1.999200 -0.791786 0.114155 -0.600036 -49.134766
-0.593450 0.043795 0.803679 273.473785 0.119500 0.992246 0.034170 -2.026741 -0.795950 0.116318 -0.594082 -49.864525
-0.587631 0.044006 0.807931 273.815887 0.122688 0.991820 0.035213 -2.032365 -0.799773 0.119816 -0.588223 -50.706169
-0.583271 0.044630 0.811051 274.130371 0.126610 0.991281 0.036505 -2.090227 -0.802350 0.123979 -0.583835 -51.323887
-0.578136 0.046559 0.814611 274.469055 0.131327 0.990664 0.036582 -2.158333 -0.805303 0.128130 -0.578853 -51.988525
-0.572845 0.050578 0.818101 274.813995 0.136507 0.990043 0.034376 -2.218300 -0.808217 0.131369 -0.574046 -52.618313
-0.568874 0.050675 0.820862 275.224152 0.138983 0.989668 0.035222 -2.264808 -0.810596 0.134123 -0.570039 -53.261395
-0.565220 0.049805 0.823435 275.722870 0.141701 0.989201 0.037436 -2.306478 -0.812679 0.137841 -0.566174 -53.994186
-0.561062 0.047927 0.826385 276.334503 0.142442 0.989021 0.039350 -2.289400 -0.815426 0.139790 -0.561729 -54.861435
-0.556563 0.046346 0.829512 277.009033 0.142736 0.988931 0.040516 -2.241275 -0.818452 0.140951 -0.557018 -55.759480
-0.550054 0.046903 0.833811 277.773254 0.145337 0.988562 0.040268 -2.163652 -0.822385 0.143333 -0.550580 -56.788101
-0.541869 0.049140 0.839025 278.729156 0.148980 0.988096 0.038345 -2.019988 -0.827154 0.145776 -0.542740 -58.037331
-0.535061 0.051705 0.843230 279.674072 0.154042 0.987364 0.037202 -1.927954 -0.830651 0.149798 -0.536265 -59.148266
-0.527458 0.053115 0.847919 281.065704 0.155680 0.987187 0.035004 -1.731710 -0.835195 0.150467 -0.528969 -60.625000
-0.520661 0.055314 0.851970 282.372467 0.161629 0.986240 0.034745 -1.597384 -0.838324 0.155793 -0.522437 -61.973267
-0.515932 0.056392 0.854771 284.012604 0.163427 0.985983 0.033595 -1.427294 -0.840896 0.157025 -0.517917 -63.466869
-0.512785 0.059276 0.856468 285.646362 0.167595 0.985332 0.032148 -1.299837 -0.842000 0.160025 -0.515197 -64.845726
-0.510020 0.062458 0.857892 287.268341 0.173274 0.984375 0.031346 -1.183654 -0.842529 0.164638 -0.512873 -66.189499
-0.506424 0.066398 0.859724 288.759277 0.181312 0.982940 0.030888 -1.088974 -0.843007 0.171521 -0.509824 -67.429314
-0.505029 0.069394 0.860308 290.179688 0.187392 0.981802 0.030811 -0.995468 -0.842514 0.176775 -0.508843 -68.541771
-0.502915 0.071502 0.861374 291.634033 0.190341 0.981269 0.029677 -0.886509 -0.843117 0.178880 -0.507104 -69.691910
-0.500702 0.073911 0.862458 293.033966 0.195205 0.980324 0.029315 -0.778062 -0.843322 0.183035 -0.505278 -70.800552
-0.495655 0.076485 0.865145 294.433777 0.199194 0.979574 0.027520 -0.622648 -0.845368 0.185972 -0.500766 -71.981895
-0.488574 0.078551 0.868979 295.846558 0.197364 0.980075 0.022373 -0.422227 -0.849907 0.182436 -0.494343 -73.229767
-0.483300 0.081761 0.871628 297.161682 0.197271 0.980194 0.017438 -0.268356 -0.852939 0.180375 -0.489857 -74.343910
-0.477972 0.085256 0.874228 298.420685 0.199770 0.979747 0.013675 -0.147516 -0.855356 0.181181 -0.485324 -75.405769
-0.480115 0.084674 0.873109 300.369751 0.200898 0.979490 0.015481 -0.111660 -0.853891 0.182839 -0.487278 -76.570999
-0.481745 0.085621 0.872119 302.254303 0.205561 0.978488 0.017485 -0.089723 -0.851861 0.187697 -0.488982 -77.759521
-0.483966 0.086992 0.870752 304.449738 0.207532 0.978069 0.017633 -0.058061 -0.850122 0.189243 -0.491406 -79.048203
-0.487357 0.086828 0.868875 306.553986 0.207477 0.978062 0.018636 -0.034793 -0.848196 0.189354 -0.494680 -80.274902
-0.489109 0.084931 0.868078 307.929474 0.210507 0.977322 0.022989 -0.024766 -0.846439 0.193981 -0.495895 -81.255775
-0.484993 0.086463 0.870233 308.753540 0.215317 0.976273 0.023000 0.050810 -0.847597 0.198531 -0.492103 -82.180756
-0.477753 0.091575 0.873708 309.344055 0.224340 0.974294 0.020554 0.169564 -0.849367 0.205827 -0.486016 -83.130051
-0.468257 0.095783 0.878386 309.769348 0.230474 0.972934 0.016769 0.318952 -0.853005 0.210297 -0.477658 -84.024101
-0.461867 0.098415 0.881473 310.282715 0.235136 0.971851 0.014699 0.445929 -0.855214 0.214055 -0.472006 -84.857605
-0.452560 0.102927 0.885774 310.759613 0.244808 0.969492 0.012422 0.553417 -0.857472 0.222466 -0.463950 -85.753716
-0.444606 0.107092 0.889301 311.236572 0.252891 0.967444 0.009931 0.643255 -0.859286 0.229311 -0.457214 -86.636795
-0.441617 0.109867 0.890452 311.570007 0.252063 0.967695 0.005613 0.692791 -0.861069 0.226928 -0.455043 -87.214233
-0.442188 0.118036 0.889122 311.844452 0.251677 0.967806 -0.003316 0.701250 -0.860888 0.222305 -0.457659 -87.592865
-0.444695 0.128621 0.886399 312.066376 0.264519 0.964353 -0.007227 0.665784 -0.855731 0.231256 -0.462866 -87.744919
-0.437748 0.133147 0.889184 312.524231 0.282727 0.959190 -0.004442 0.700351 -0.853488 0.249452 -0.457528 -88.428688
-0.431057 0.127707 0.893242 312.990265 0.291443 0.956580 0.003880 0.774903 -0.853962 0.262001 -0.449560 -89.159073
-0.426718 0.121797 0.896146 313.493683 0.294891 0.955472 0.010558 0.876668 -0.854957 0.268771 -0.443635 -89.893730
-0.424699 0.120092 0.897334 313.908142 0.296093 0.955080 0.012318 0.977091 -0.855546 0.270925 -0.441180 -90.472778
-0.423758 0.122353 0.897474 314.188385 0.299023 0.954181 0.011105 1.053113 -0.854994 0.273072 -0.440928 -90.829971
-0.426581 0.128105 0.895331 314.574402 0.304342 0.952523 0.008716 1.091809 -0.851707 0.276205 -0.445316 -90.984108
-0.429959 0.134564 0.892764 314.940094 0.307702 0.951471 0.004779 1.106430 -0.848796 0.276760 -0.450499 -91.097443
-0.438586 0.137621 0.888089 315.840393 0.306468 0.951873 0.003845 1.082236 -0.844819 0.273858 -0.459655 -91.294510
