1.000000 0.000000 0.000000 0.000000 0.000000 1.000000 0.000000 0.000000 0.000000 0.000000 1.000000 0.000000
0.999998 0.000492 0.001871 -0.007763 -0.000491 1.000000 -0.000774 -0.027026 -0.001871 0.000773 0.999998 1.173542
0.999993 0.001192 0.003612 -0.018293 -0.001190 0.999999 -0.000694 -0.051533 -0.003613 0.000690 0.999993 2.348896
0.999989 0.000920 0.004607 -0.020694 -0.000917 0.999999 -0.000662 -0.075560 -0.004607 0.000658 0.999989 3.530967
0.999984 0.000983 0.005521 -0.022883 -0.000979 0.999999 -0.000706 -0.104360 -0.005522 0.000701 0.999985 4.713193
0.999979 0.001158 0.006356 -0.026076 -0.001153 0.999999 -0.000700 -0.128049 -0.006357 0.000693 0.999980 5.894044
0.999972 0.001358 0.007339 -0.031715 -0.001351 0.999999 -0.001042 -0.156204 -0.007340 0.001032 0.999973 7.069102
0.999967 0.001619 0.008024 -0.029783 -0.001607 0.999998 -0.001481 -0.180487 -0.008026 0.001469 0.999967 8.258558
0.999964 0.001596 0.008328 -0.035512 -0.001594 0.999999 -0.000269 -0.210652 -0.008329 0.000255 0.999965 9.456502
0.999973 0.001856 0.007113 -0.034233 -0.001857 0.999998 0.000192 -0.236652 -0.007113 -0.000205 0.999975 10.659470
0.999989 0.001083 0.004662 -0.029134 -0.001082 0.999999 -0.000073 -0.264392 -0.004662 0.000068 0.999989 11.845368
0.999996 0.001706 0.002315 -0.034558 -0.001705 0.999998 -0.000635 -0.292696 -0.002316 0.000631 0.999997 13.020408
0.999997 0.002342 0.000849 -0.039227 -0.002341 0.999997 -0.000953 -0.321624 -0.000851 0.000951 0.999999 14.199809
0.999993 0.003776 -0.000220 -0.053894 -0.003776 0.999992 -0.001340 -0.350783 0.000215 0.001340 0.999999 15.381126
0.999991 0.004047 -0.000891 -0.066091 -0.004048 0.999990 -0.001634 -0.377171 0.000884 0.001638 0.999998 16.559958
0.999990 0.004401 -0.001220 -0.079372 -0.004403 0.999989 -0.001758 -0.404494 0.001212 0.001764 0.999998 17.730888
0.999986 0.004848 -0.002075 -0.085578 -0.004851 0.999987 -0.001761 -0.430082 0.002067 0.001771 0.999996 18.904482
0.999983 0.005195 -0.002707 -0.102200 -0.005202 0.999983 -0.002676 -0.458676 0.002693 0.002690 0.999993 20.095194
0.999978 0.005790 -0.003288 -0.117055 -0.005802 0.999976 -0.003673 -0.481326 0.003266 0.003692 0.999988 21.261013
0.999967 0.006765 -0.004395 -0.131065 -0.006782 0.999969 -0.003892 -0.507207 0.004368 0.003921 0.999983 22.448978
0.999960 0.007165 -0.005295 -0.150985 -0.007186 0.999966 -0.003994 -0.536845 0.005267 0.004031 0.999978 23.637001
0.999950 0.007774 -0.006316 -0.173062 -0.007804 0.999958 -0.004776 -0.566323 0.006279 0.004825 0.999969 24.807806
0.999939 0.008248 -0.007296 -0.193587 -0.008280 0.999956 -0.004315 -0.595537 0.007260 0.004375 0.999964 25.991732
0.999938 0.007862 -0.007914 -0.212678 -0.007885 0.999965 -0.002846 -0.625342 0.007891 0.002908 0.999965 27.180929
0.999936 0.007567 -0.008389 -0.234889 -0.007593 0.999967 -0.003018 -0.655409 0.008366 0.003081 0.999960 28.367947
0.999936 0.006751 -0.009118 -0.249750 -0.006789 0.999968 -0.004224 -0.680976 0.009089 0.004286 0.999950 29.553766
0.999930 0.006493 -0.009909 -0.262333 -0.006542 0.999967 -0.004897 -0.713638 0.009877 0.004961 0.999939 30.732285
0.999918 0.007303 -0.010495 -0.288748 -0.007356 0.999960 -0.005081 -0.744821 0.010458 0.005158 0.999932 31.920313
0.999911 0.007367 -0.011128 -0.310618 -0.007421 0.999961 -0.004850 -0.776286 0.011092 0.004932 0.999926 33.097725
0.999906 0.007249 -0.011604 -0.331239 -0.007303 0.999963 -0.004565 -0.805415 0.011571 0.004650 0.999922 34.280136
0.999901 0.006385 -0.012514 -0.345941 -0.006447 0.999967 -0.004979 -0.832662 0.012481 0.005060 0.999909 35.463287
0.999893 0.006569 -0.013081 -0.376366 -0.006636 0.999965 -0.005074 -0.864336 0.013048 0.005160 0.999902 36.661057
0.999895 0.006278 -0.013044 -0.405808 -0.006339 0.999969 -0.004626 -0.894970 0.013015 0.004708 0.999904 37.841396
0.999896 0.006831 -0.012726 -0.440840 -0.006875 0.999970 -0.003471 -0.926864 0.012702 0.003558 0.999913 39.040920
0.999884 0.007971 -0.012991 -0.467609 -0.008003 0.999965 -0.002395 -0.959601 0.012971 0.002499 0.999913 40.246876
0.999881 0.008528 -0.012892 -0.503541 -0.008564 0.999959 -0.002786 -0.988964 0.012867 0.002896 0.999913 41.436214
0.999875 0.009269 -0.012824 -0.532789 -0.009306 0.999953 -0.002801 -1.017257 0.012798 0.002920 0.999914 42.626114
0.999854 0.011981 -0.012203 -0.578468 -0.011994 0.999928 -0.000979 -1.048416 0.012190 0.001126 0.999925 43.833744
0.999858 0.013052 -0.010704 -0.613541 -0.013037 0.999914 0.001477 -1.064538 0.010722 -0.001337 0.999942 45.032219
0.999865 0.013784 -0.008992 -0.640828 -0.013751 0.999898 0.003786 -1.084738 0.009043 -0.003662 0.999952 46.233624
0.999874 0.014241 -0.007073 -0.666999 -0.014195 0.999878 0.006532 -1.102368 0.007165 -0.006430 0.999954 47.446400
0.999885 0.014020 -0.005849 -0.688809 -0.013976 0.999873 0.007659 -1.117166 0.005956 -0.007576 0.999954 48.652073
0.999896 0.013680 -0.004586 -0.693430 -0.013657 0.999893 0.005169 -1.118901 0.004656 -0.005106 0.999976 49.839924
0.999860 0.016426 -0.003087 -0.718711 -0.016417 0.999861 0.002870 -1.135269 0.003134 -0.002819 0.999991 51.034065
0.999835 0.018022 -0.002254 -0.731479 -0.018018 0.999836 0.001557 -1.144058 0.002281 -0.001516 0.999996 52.209305
0.999832 0.018248 -0.001921 -0.751154 -0.018247 0.999833 0.000784 -1.168515 0.001935 -0.000749 0.999998 53.398609
0.999817 0.018882 -0.002919 -0.747434 -0.018886 0.999821 -0.001256 -1.179520 0.002895 0.001311 0.999995 54.557819
0.999792 0.019957 -0.004314 -0.766453 -0.019962 0.999800 -0.001192 -1.200739 0.004289 0.001278 0.999990 55.750473
0.999753 0.021493 -0.005678 -0.779225 -0.021499 0.999768 -0.000955 -1.218673 0.005657 0.001077 0.999983 56.930916
0.999742 0.021788 -0.006426 -0.804008 -0.021793 0.999762 -0.000640 -1.246897 0.006410 0.000780 0.999979 58.126808
0.999712 0.022959 -0.006918 -0.826235 -0.022969 0.999735 -0.001306 -1.269925 0.006887 0.001464 0.999975 59.312679
0.999678 0.024232 -0.007534 -0.847099 -0.024248 0.999704 -0.001973 -1.292565 0.007484 0.002155 0.999970 60.477406
0.999673 0.024418 -0.007625 -0.865924 -0.024442 0.999696 -0.003106 -1.312461 0.007547 0.003291 0.999966 61.638901
0.999651 0.025171 -0.008015 -0.879184 -0.025211 0.999670 -0.004877 -1.332274 0.007889 0.005077 0.999956 62.808807
0.999588 0.027539 -0.008101 -0.904880 -0.027575 0.999610 -0.004364 -1.354144 0.007978 0.004585 0.999958 63.995720
0.999561 0.028431 -0.008395 -0.923490 -0.028464 0.999587 -0.003845 -1.371329 0.008282 0.004083 0.999957 65.187187
0.999539 0.029231 -0.008250 -0.948455 -0.029279 0.999555 -0.005708 -1.397493 0.008079 0.005947 0.999950 66.363892
0.999457 0.031805 -0.008561 -0.972841 -0.031869 0.999464 -0.007434 -1.424285 0.008320 0.007703 0.999936 67.546539
0.999378 0.034237 -0.008438 -0.993103 -0.034299 0.999385 -0.007319 -1.455117 0.008182 0.007604 0.999938 68.724632
0.999330 0.035672 -0.008150 -1.016597 -0.035729 0.999337 -0.006959 -1.491941 0.007896 0.007246 0.999943 69.909111
