1.000000 0.000000 0.000000 0.000000 0.000000 1.000000 0.000000 0.000000 0.000000 0.000000 1.000000 0.000000
1.000000 0.000000 0.000000 0.000000 0.000000 1.000000 0.000000 0.000000 0.000000 0.000000 1.000000 0.000000
1.000000 0.000000 0.000000 0.000000 0.000000 1.000000 0.000000 0.000000 0.000000 0.000000 1.000000 0.000000
1.000000 0.000000 0.000000 0.000000 0.000000 1.000000 0.000000 0.000000 0.000000 0.000000 1.000000 0.000000
0.999989 0.000920 0.004607 -0.020694 -0.000917 0.999999 -0.000662 -0.075560 -0.004607 0.000658 0.999989 3.530967
0.999979 0.001158 0.006356 -0.026076 -0.001153 0.999999 -0.000700 -0.128049 -0.006357 0.000693 0.999980 5.894044
0.999972 0.001358 0.007339 -0.031715 -0.001351 0.999999 -0.001042 -0.156204 -0.007340 0.001032 0.999973 7.069102
0.999967 0.001619 0.008024 -0.029783 -0.001607 0.999998 -0.001481 -0.180487 -0.008026 0.001469 0.999967 8.258558
0.999964 0.001596 0.008328 -0.035512 -0.001594 0.999999 -0.000269 -0.210652 -0.008329 0.000255 0.999965 9.456502
0.999964 0.001596 0.008328 -0.035512 -0.001594 0.999999 -0.000269 -0.210652 -0.008329 0.000255 0.999965 9.456502
0.999988 -0.000988 0.004779 -0.020456 0.000984 0.999999 0.000708 -0.272105 -0.004779 -0.000703 0.999988 11.893195
0.999997 -0.000364 0.002433 -0.025684 0.000364 1.000000 0.000142 -0.299514 -0.002433 -0.000141 0.999997 13.068257
1.000000 0.000272 0.000967 -0.030156 -0.000272 1.000000 -0.000180 -0.327540 -0.000967 0.000180 1.000000 14.247681
0.999999 0.001705 -0.000101 -0.044625 -0.001705 0.999998 -0.000568 -0.355819 0.000100 0.000569 1.000000 15.429022
0.999999 0.001705 -0.000101 -0.044625 -0.001705 0.999998 -0.000568 -0.355819 0.000100 0.000569 1.000000 15.429022
0.999999 0.000994 -0.000303 -0.061256 -0.000994 0.999999 0.000329 -0.413236 0.000303 -0.000329 1.000000 17.822573
0.999998 0.001441 -0.001159 -0.066306 -0.001441 0.999999 0.000324 -0.436389 0.001159 -0.000322 0.999999 18.996222
0.999997 0.001789 -0.001787 -0.081746 -0.001790 0.999998 -0.000593 -0.462548 0.001786 0.000597 0.999998 20.187004
0.999994 0.002385 -0.002364 -0.095462 -0.002389 0.999996 -0.001592 -0.482810 0.002360 0.001598 0.999996 21.352880
0.999994 0.002385 -0.002364 -0.095462 -0.002389 0.999996 -0.001592 -0.482810 0.002360 0.001598 0.999996 21.352880
0.999993 0.000674 -0.003601 -0.100472 -0.000672 1.000000 0.000508 -0.545226 0.003601 -0.000506 0.999993 23.812996
0.999988 0.001284 -0.004617 -0.120403 -0.001285 0.999999 -0.000281 -0.569536 0.004616 0.000286 0.999989 24.983959
0.999983 0.001758 -0.005599 -0.138763 -0.001757 0.999998 0.000174 -0.593512 0.005600 -0.000164 0.999984 26.168037
0.999980 0.001369 -0.006227 -0.155676 -0.001359 0.999998 0.001638 -0.618046 0.006229 -0.001630 0.999979 27.357389
0.999975 -0.001013 -0.007022 -0.141737 0.001033 0.999996 0.002813 -0.654242 0.007019 -0.002820 0.999971 28.600082
0.999975 -0.001013 -0.007022 -0.141737 0.001033 0.999996 0.002813 -0.654242 0.007019 -0.002820 0.999971 28.600082
0.999975 -0.001013 -0.007022 -0.141737 0.001033 0.999996 0.002813 -0.654242 0.007019 -0.002820 0.999971 28.600082
0.999975 -0.001013 -0.007022 -0.141737 0.001033 0.999996 0.002813 -0.654242 0.007019 -0.002820 0.999971 28.600082
0.999975 -0.001013 -0.007022 -0.141737 0.001033 0.999996 0.002813 -0.654242 0.007019 -0.002820 0.999971 28.600082
0.999952 -0.001211 -0.009746 -0.210083 0.001220 0.999999 0.000957 -0.747846 0.009744 -0.000969 0.999952 33.330589
0.999928 -0.002855 -0.011653 -0.231902 0.002875 0.999994 0.001715 -0.797931 0.011648 -0.001748 0.999931 35.758224
0.999922 -0.002670 -0.012220 -0.261059 0.002690 0.999995 0.001615 -0.821727 0.012216 -0.001648 0.999924 36.956207
0.999921 -0.002961 -0.012187 -0.289256 0.002987 0.999993 0.002064 -0.844593 0.012181 -0.002100 0.999924 38.136753
0.999927 -0.002410 -0.011880 -0.323017 0.002448 0.999992 0.003221 -0.868639 0.011872 -0.003250 0.999924 39.336498
0.999927 -0.002410 -0.011880 -0.323017 0.002448 0.999992 0.003221 -0.868639 0.011872 -0.003250 0.999924 39.336498
0.999928 -0.002361 -0.011726 -0.350051 0.002416 0.999986 0.004678 -0.926475 0.011715 -0.004706 0.999920 41.770321
0.999931 -0.001620 -0.011658 -0.377639 0.001674 0.999988 0.004664 -0.946035 0.011651 -0.004683 0.999921 42.960438
0.999938 0.001091 -0.011057 -0.421605 -0.001019 0.999978 0.006492 -0.968504 0.011064 -0.006481 0.999918 44.168324
0.999952 0.002158 -0.009585 -0.455140 -0.002072 0.999958 0.008965 -0.975892 0.009603 -0.008944 0.999914 45.366924
0.999952 0.002158 -0.009585 -0.455140 -0.002072 0.999958 0.008965 -0.975892 0.009603 -0.008944 0.999914 45.366924
0.999973 0.004054 -0.006166 -0.459792 -0.003960 0.999876 0.015218 -1.020398 0.006227 -0.015194 0.999865 47.798481
0.999980 0.003833 -0.004954 -0.480277 -0.003752 0.999859 0.016358 -1.024855 0.005016 -0.016339 0.999854 49.004261
0.999987 0.003495 -0.003666 -0.483726 -0.003444 0.999898 0.013882 -1.016232 0.003714 -0.013869 0.999897 50.192085
0.999978 0.006243 -0.002144 -0.507677 -0.006218 0.999913 0.011598 -1.022395 0.002216 -0.011584 0.999930 51.386353
0.999978 0.006243 -0.002144 -0.507677 -0.006218 0.999913 0.011598 -1.022395 0.002216 -0.011584 0.999930 51.386353
0.999995 0.002597 -0.001684 -0.518859 -0.002574 0.999903 0.013657 -1.061829 0.001720 -0.013652 0.999905 53.801117
0.999991 0.003232 -0.002650 -0.514678 -0.003201 0.999928 0.011600 -1.057816 0.002687 -0.011592 0.999929 54.960369
0.999983 0.004307 -0.004046 -0.533066 -0.004260 0.999923 0.011643 -1.063940 0.004096 -0.011626 0.999924 56.153206
0.999968 0.005843 -0.005414 -0.545262 -0.005779 0.999913 0.011858 -1.066840 0.005483 -0.011827 0.999915 57.333790
0.999978 0.001296 -0.006512 -0.553674 -0.001197 0.999885 0.015145 -1.111910 0.006531 -0.015137 0.999864 58.641045
0.999978 0.001296 -0.006512 -0.553674 -0.001197 0.999885 0.015145 -1.111910 0.006531 -0.015137 0.999864 58.641045
0.999978 0.001296 -0.006512 -0.553674 -0.001197 0.999885 0.015145 -1.111910 0.006531 -0.015137 0.999864 58.641045
0.999978 0.001296 -0.006512 -0.553674 -0.001197 0.999885 0.015145 -1.111910 0.006531 -0.015137 0.999864 58.641045
0.999978 0.001296 -0.006512 -0.553674 -0.001197 0.999885 0.015145 -1.111910 0.006531 -0.015137 0.999864 58.641045
0.999957 0.004679 -0.008014 -0.627557 -0.004592 0.999930 0.010877 -1.124276 0.008064 -0.010840 0.999909 63.323826
0.999956 0.002562 -0.008985 -0.647180 -0.002425 0.999881 0.015229 -1.165327 0.009023 -0.015206 0.999844 65.851860
0.999956 0.003362 -0.008792 -0.672275 -0.003244 0.999905 0.013371 -1.169425 0.008836 -0.013342 0.999872 67.028854
0.999941 0.005936 -0.009058 -0.696779 -0.005830 0.999915 0.011637 -1.174020 0.009127 -0.011583 0.999891 68.211792
0.999925 0.008370 -0.008938 -0.717052 -0.008264 0.999897 0.011756 -1.182635 0.009035 -0.011681 0.999891 69.390259
0.999925 0.008370 -0.008938 -0.717052 -0.008264 0.999897 0.011756 -1.182635 0.009035 -0.011681 0.999891 69.390259
