1.000000 0.000000 0.000000 0.000000 0.000000 1.000000 0.000000 0.000000 0.000000 0.000000 1.000000 0.000000
0.999994 0.002889 0.001762 -0.012985 -0.002886 0.999994 -0.002163 0.016979 -0.001768 0.002157 0.999996 1.144236
0.999979 0.005254 0.003687 -0.027442 -0.005248 0.999985 -0.001566 -0.003618 -0.003695 0.001547 0.999992 2.308525
0.999968 0.006717 0.004274 -0.023280 -0.006707 0.999975 -0.002365 0.004784 -0.004289 0.002336 0.999988 3.465211
0.999958 0.007846 0.004806 -0.023940 -0.007832 0.999965 -0.002803 -0.005764 -0.004828 0.002766 0.999985 4.634817
0.999932 0.010181 0.005772 -0.025772 -0.010163 0.999943 -0.003255 -0.009932 -0.005805 0.003196 0.999978 5.787169
0.999902 0.012197 0.006914 -0.043076 -0.012164 0.999915 -0.004721 -0.016417 -0.006971 0.004637 0.999965 6.934610
0.999868 0.014384 0.007546 -0.043320 -0.014344 0.999883 -0.005380 -0.028611 -0.007623 0.005271 0.999957 8.124480
0.999807 0.017109 0.009708 -0.099422 -0.017075 0.999848 -0.003564 -0.061354 -0.009768 0.003397 0.999947 9.299997
0.999769 0.019265 0.009481 -0.121483 -0.019235 0.999810 -0.003266 -0.062472 -0.009542 0.003083 0.999950 10.473127
0.999743 0.021517 0.007183 -0.124312 -0.021483 0.999758 -0.004684 -0.047095 -0.007282 0.004529 0.999963 11.644920
0.999691 0.024310 0.005188 -0.141557 -0.024278 0.999686 -0.006128 -0.039509 -0.005335 0.006000 0.999968 12.780817
0.999639 0.026496 0.004505 -0.162675 -0.026465 0.999626 -0.006909 -0.043481 -0.004686 0.006787 0.999966 13.939876
0.999554 0.029536 0.004426 -0.197814 -0.029503 0.999537 -0.007400 -0.060305 -0.004642 0.007266 0.999963 15.086699
0.999478 0.031941 0.004914 -0.234430 -0.031901 0.999458 -0.008075 -0.063953 -0.005169 0.007914 0.999955 16.246094
0.999389 0.034645 0.004638 -0.252786 -0.034600 0.999357 -0.009451 -0.039924 -0.004962 0.009285 0.999945 17.386087
0.999300 0.037259 0.003333 -0.237812 -0.037220 0.999248 -0.010862 -0.025225 -0.003736 0.010731 0.999935 18.532063
0.999118 0.041907 0.002613 -0.257246 -0.041870 0.999038 -0.013016 -0.017743 -0.003156 0.012895 0.999912 19.694471
0.998942 0.045924 0.002392 -0.287214 -0.045881 0.998823 -0.015742 0.004335 -0.003112 0.015616 0.999873 20.813318
0.998736 0.050244 0.001636 -0.314812 -0.050209 0.998593 -0.017064 0.031382 -0.002491 0.016960 0.999853 21.976906
0.998560 0.053626 0.001611 -0.353665 -0.053588 0.998399 -0.018082 0.019625 -0.002578 0.017969 0.999835 23.141253
0.998403 0.056497 0.000098 -0.354432 -0.056483 0.998190 -0.020637 0.034469 -0.001264 0.020598 0.999787 24.277639
0.998195 0.060058 -0.000551 -0.374073 -0.060057 0.997990 -0.020240 0.005192 -0.000665 0.020237 0.999795 25.431835
0.998028 0.062772 0.000239 -0.425384 -0.062757 0.997859 -0.018390 -0.034590 -0.001393 0.018339 0.999831 26.581236
0.997875 0.065154 0.000489 -0.462091 -0.065133 0.997694 -0.019088 -0.050625 -0.001731 0.019016 0.999818 27.747370
0.997738 0.067224 -0.000917 -0.450794 -0.067228 0.997512 -0.021200 -0.055381 -0.000511 0.021214 0.999775 28.910294
0.997634 0.068679 -0.002984 -0.429648 -0.068730 0.997360 -0.023452 -0.060631 0.001365 0.023602 0.999721 30.064018
0.997448 0.071349 -0.002576 -0.480559 -0.071390 0.997165 -0.023776 -0.095723 0.000872 0.023900 0.999714 31.256271
0.997266 0.073851 -0.002579 -0.517106 -0.073892 0.996988 -0.023552 -0.129016 0.000832 0.023678 0.999719 32.402412
0.997142 0.075461 -0.003690 -0.516082 -0.075527 0.996872 -0.023286 -0.174326 0.001921 0.023498 0.999722 33.562519
0.997059 0.076417 -0.005731 -0.493745 -0.076538 0.996747 -0.025238 -0.162729 0.003784 0.025603 0.999665 34.721386
0.996989 0.077342 -0.005643 -0.534949 -0.077462 0.996662 -0.025767 -0.193432 0.003632 0.026126 0.999652 35.905388
0.996977 0.077558 -0.004728 -0.581328 -0.077657 0.996624 -0.026662 -0.196754 0.002644 0.026948 0.999633 37.055790
0.996864 0.079092 -0.002751 -0.651813 -0.079137 0.996532 -0.025699 -0.245482 0.000709 0.025836 0.999666 38.230255
0.996693 0.081230 -0.002324 -0.659404 -0.081263 0.996355 -0.025931 -0.272864 0.000209 0.026034 0.999661 39.422897
0.996481 0.083807 -0.001013 -0.711162 -0.083803 0.996089 -0.027982 -0.287154 -0.001336 0.027968 0.999608 40.569088
0.996218 0.086884 -0.000193 -0.738622 -0.086851 0.995776 -0.029772 -0.296819 -0.002394 0.029676 0.999557 41.709225
0.995814 0.091328 0.003619 -0.817414 -0.091194 0.995451 -0.027575 -0.362194 -0.006121 0.027129 0.999613 42.888042
0.995342 0.096107 0.007653 -0.872712 -0.095850 0.994978 -0.028835 -0.317871 -0.010386 0.027967 0.999555 44.053871
0.994976 0.099566 0.010415 -0.891321 -0.099235 0.994654 -0.028577 -0.320380 -0.013205 0.027400 0.999537 45.223385
0.994527 0.103491 0.014331 -0.924534 -0.103093 0.994326 -0.026228 -0.358661 -0.016964 0.024607 0.999553 46.416496
0.994114 0.106940 0.017340 -0.958218 -0.106458 0.993958 -0.026711 -0.375487 -0.020092 0.024707 0.999493 47.598038
0.993521 0.112348 0.017136 -0.911359 -0.111745 0.993196 -0.032790 -0.321725 -0.020703 0.030663 0.999315 48.758404
0.992484 0.120752 0.019839 -0.941480 -0.119939 0.992052 -0.038053 -0.301040 -0.024277 0.035388 0.999079 49.925262
0.991893 0.125502 0.019947 -0.913837 -0.124593 0.991331 -0.041702 -0.295957 -0.025008 0.038879 0.998931 51.072578
0.991476 0.128522 0.021411 -0.939736 -0.127487 0.990856 -0.044174 -0.324447 -0.026892 0.041068 0.998794 52.218155
0.990677 0.135212 0.016651 -0.842230 -0.134183 0.989576 -0.052287 -0.228392 -0.023547 0.049565 0.998493 53.319794
0.990193 0.138807 0.015818 -0.853081 -0.137771 0.988980 -0.054196 -0.254573 -0.023166 0.051486 0.998405 54.503094
0.989179 0.146072 0.013710 -0.829759 -0.145084 0.987799 -0.056600 -0.246198 -0.021810 0.053998 0.998303 55.649570
0.988960 0.147378 0.015428 -0.889356 -0.146308 0.987650 -0.056054 -0.339847 -0.023499 0.053178 0.998309 56.821571
0.988368 0.151337 0.015000 -0.893569 -0.150247 0.986964 -0.057693 -0.395190 -0.023536 0.054768 0.998222 57.976551
0.987776 0.155272 0.013731 -0.876278 -0.154195 0.986223 -0.059908 -0.438578 -0.022844 0.057058 0.998109 59.104668
0.987084 0.159647 0.013379 -0.877817 -0.158512 0.985346 -0.062979 -0.468839 -0.023237 0.060045 0.997925 60.218140
0.986375 0.164136 0.011125 -0.842911 -0.162995 0.984202 -0.069135 -0.455891 -0.022297 0.066380 0.997545 61.343555
0.984833 0.173178 0.010634 -0.835553 -0.171958 0.982387 -0.073111 -0.451631 -0.023107 0.070173 0.997267 62.495766
0.983544 0.180399 0.009837 -0.819349 -0.179125 0.980800 -0.077108 -0.451809 -0.023558 0.074077 0.996974 63.669754
0.982585 0.185555 0.009826 -0.840322 -0.184134 0.979431 -0.082519 -0.492085 -0.024936 0.079272 0.996541 64.805901
0.981342 0.192037 0.009474 -0.847544 -0.190502 0.977804 -0.087228 -0.541301 -0.026015 0.083796 0.996143 65.946686
0.980483 0.196392 0.009139 -0.843157 -0.194842 0.976853 -0.088289 -0.639078 -0.026266 0.084786 0.996053 67.091324
0.979976 0.198838 0.010533 -0.875833 -0.197157 0.976377 -0.088414 -0.759640 -0.027865 0.084567 0.996028 68.247360
