1.000000 0.000000 0.000000 0.000000 0.000000 1.000000 0.000000 0.000000 0.000000 0.000000 1.000000 0.000000
0.999990 -0.000821 0.004473 0.026271 0.000845 0.999985 -0.005333 0.002179 -0.004468 0.005337 0.999976 0.840170
0.999965 0.001329 0.008244 0.026348 -0.001312 0.999997 -0.002027 0.006073 -0.008247 0.002016 0.999964 1.728960
0.999921 0.005632 0.011209 0.011999 -0.005674 0.999977 0.003722 -0.004304 -0.011188 -0.003785 0.999930 2.633847
0.999890 0.005358 0.013818 0.028257 -0.005422 0.999975 0.004563 0.015268 -0.013793 -0.004638 0.999894 3.528098
0.999883 0.002807 0.015053 0.063692 -0.002829 0.999995 0.001439 0.014189 -0.015049 -0.001481 0.999886 4.400116
0.999861 0.008431 0.014393 0.078821 -0.008392 0.999961 -0.002731 0.030179 -0.014415 0.002610 0.999893 5.246884
0.999887 0.008353 0.012501 0.101812 -0.008289 0.999953 -0.005104 0.046102 -0.012543 0.005000 0.999909 6.124978
0.999923 0.005258 0.011250 0.132022 -0.005189 0.999968 -0.006162 0.034618 -0.011282 0.006104 0.999918 7.005879
0.999932 0.007908 0.008563 0.139168 -0.007846 0.999944 -0.007155 0.042086 -0.008620 0.007087 0.999938 7.891475
0.999955 0.008462 0.004356 0.155559 -0.008430 0.999938 -0.007273 0.042374 -0.004417 0.007236 0.999964 8.781188
