1.000000 0.000000 0.000000 0.000000 0.000000 1.000000 0.000000 0.000000 0.000000 0.000000 1.000000 0.000000
1.000000 0.000000 0.000000 0.000000 0.000000 1.000000 0.000000 0.000000 0.000000 0.000000 1.000000 0.000000
1.000000 0.000000 0.000000 0.000000 0.000000 1.000000 0.000000 0.000000 0.000000 0.000000 1.000000 0.000000
1.000000 0.000000 0.000000 0.000000 0.000000 1.000000 0.000000 0.000000 0.000000 0.000000 1.000000 0.000000
0.999921 0.005632 0.011209 0.011999 -0.005674 0.999977 0.003722 -0.004304 -0.011188 -0.003785 0.999930 2.633847
0.999883 0.002807 0.015053 0.063692 -0.002829 0.999995 0.001439 0.014189 -0.015049 -0.001481 0.999886 4.400116
0.999861 0.008431 0.014393 0.078821 -0.008392 0.999961 -0.002731 0.030179 -0.014415 0.002610 0.999893 5.246884
0.999887 0.008353 0.012501 0.101812 -0.008289 0.999953 -0.005104 0.046102 -0.012543 0.005000 0.999909 6.124978
0.999923 0.005258 0.011250 0.132022 -0.005189 0.999968 -0.006162 0.034618 -0.011282 0.006104 0.999918 7.005879
0.999923 0.005258 0.011250 0.132022 -0.005189 0.999968 -0.006162 0.034618 -0.011282 0.006104 0.999918 7.005879
0.999946 0.009743 0.003591 0.090437 -0.009718 0.999928 -0.007042 0.011725 -0.003659 0.007007 0.999969 8.898920
