1.000000 0.000000 0.000000 0.000000 0.000000 1.000000 0.000000 0.000000 0.000000 0.000000 1.000000 0.000000
1.000000 -0.000011 0.000873 0.068395 0.000017 0.999977 -0.006810 0.035978 -0.000872 0.006810 0.999976 0.816011
0.999985 0.002821 0.004771 0.060287 -0.002811 0.999994 -0.001954 0.038179 -0.004776 0.001940 0.999987 1.689403
0.999921 0.008324 0.009412 0.023507 -0.008370 0.999954 0.004783 0.015995 -0.009372 -0.004862 0.999944 2.580382
0.999874 0.010310 0.012039 0.035071 -0.010375 0.999932 0.005362 0.052757 -0.011983 -0.005486 0.999913 3.459077
0.999872 0.010952 0.011684 0.062757 -0.010932 0.999939 -0.001774 0.097662 -0.011703 0.001646 0.999930 4.327456
0.999791 0.018794 0.008000 0.103781 -0.018740 0.999801 -0.006800 0.131739 -0.008127 0.006649 0.999945 5.160370
0.999763 0.021128 0.005333 0.107413 -0.021075 0.999729 -0.009934 0.167616 -0.005542 0.009820 0.999936 6.042705
0.999699 0.024326 0.003072 0.119525 -0.024283 0.999615 -0.013433 0.217107 -0.003398 0.013354 0.999905 6.939801
0.999525 0.030823 -0.000304 0.119898 -0.030824 0.999404 -0.015548 0.248572 -0.000176 0.015550 0.999879 7.823939
0.999367 0.035181 -0.005367 0.115826 -0.035262 0.999253 -0.015792 0.271865 0.004807 0.015972 0.999861 8.713019
