1.000000 0.000000 0.000000 0.000000 0.000000 1.000000 0.000000 0.000000 0.000000 0.000000 1.000000 0.000000
0.999993 -0.001659 -0.003273 0.008716 0.001654 0.999997 -0.001490 -0.013225 0.003275 0.001485 0.999994 0.684043
0.999971 -0.000793 -0.007632 0.003274 0.000773 0.999996 -0.002674 -0.019588 0.007634 0.002668 0.999967 1.386483
0.999926 -0.000251 -0.012171 -0.004835 0.000202 0.999992 -0.003974 -0.026179 0.012172 0.003972 0.999918 2.123660
0.999845 0.001572 -0.017561 -0.015903 -0.001657 0.999987 -0.004853 -0.033604 0.017553 0.004881 0.999834 2.857347
0.999757 0.001001 -0.022024 -0.026450 -0.001113 0.999987 -0.005057 -0.046934 0.022019 0.005080 0.999745 3.611373
0.999634 0.002093 -0.026968 -0.049151 -0.002250 0.999981 -0.005775 -0.061621 0.026956 0.005834 0.999620 4.380025
0.999490 0.004717 -0.031596 -0.085670 -0.004913 0.999969 -0.006127 -0.073851 0.031566 0.006279 0.999482 5.170325
0.999336 0.006087 -0.035919 -0.121844 -0.006276 0.999967 -0.005157 -0.086370 0.035887 0.005379 0.999341 5.987267
0.999167 0.006164 -0.040345 -0.155639 -0.006274 0.999977 -0.002604 -0.103308 0.040328 0.002855 0.999182 6.811518
0.999006 0.005814 -0.044196 -0.187779 -0.005855 0.999983 -0.000787 -0.122185 0.044191 0.001045 0.999023 7.640314
0.998880 0.006672 -0.046845 -0.235581 -0.006718 0.999977 -0.000826 -0.134454 0.046839 0.001140 0.998902 8.466795
0.998790 0.006555 -0.048734 -0.281808 -0.006637 0.999977 -0.001524 -0.144005 0.048723 0.001846 0.998811 9.298368
0.998722 0.004673 -0.050324 -0.313495 -0.004771 0.999987 -0.001828 -0.159121 0.050314 0.002066 0.998731 10.142959
0.998592 0.004303 -0.052868 -0.356936 -0.004371 0.999990 -0.001170 -0.169732 0.052863 0.001399 0.998601 11.000464
0.998487 0.003213 -0.054898 -0.394817 -0.003296 0.999994 -0.001417 -0.187345 0.054894 0.001596 0.998491 11.868357
0.998329 0.004097 -0.057648 -0.451548 -0.004273 0.999987 -0.002929 -0.204846 0.057636 0.003170 0.998333 12.743898
0.998199 0.005164 -0.059763 -0.514080 -0.005473 0.999972 -0.005007 -0.222873 0.059736 0.005325 0.998200 13.639276
0.998118 0.008330 -0.060747 -0.584606 -0.008733 0.999942 -0.006364 -0.240669 0.060691 0.006882 0.998133 14.522412
0.998025 0.009157 -0.062152 -0.647032 -0.009574 0.999934 -0.006416 -0.254212 0.062089 0.006999 0.998046 15.434151
0.997897 0.009061 -0.064185 -0.704036 -0.009409 0.999943 -0.005135 -0.277303 0.064135 0.005728 0.997925 16.371244
0.997753 0.009491 -0.066330 -0.766717 -0.009769 0.999945 -0.003868 -0.299435 0.066290 0.004508 0.997790 17.299471
0.997660 0.009618 -0.067687 -0.829194 -0.009876 0.999945 -0.003476 -0.322065 0.067650 0.004137 0.997701 18.225716
0.997526 0.009806 -0.069604 -0.896171 -0.010163 0.999937 -0.004771 -0.337918 0.069553 0.005467 0.997563 19.137800
0.997466 0.008792 -0.070601 -0.960881 -0.009210 0.999942 -0.005588 -0.357513 0.070548 0.006224 0.997489 20.064907
0.997414 0.009076 -0.071296 -1.024922 -0.009398 0.999947 -0.004178 -0.382706 0.071254 0.004837 0.997446 21.005907
0.997421 0.010682 -0.070976 -1.103215 -0.010813 0.999940 -0.001466 -0.403438 0.070956 0.002230 0.997477 21.951910
0.997473 0.010988 -0.070198 -1.177156 -0.010932 0.999940 0.001180 -0.424566 0.070207 -0.000410 0.997532 22.903915
0.997596 0.010094 -0.068555 -1.236652 -0.009871 0.999945 0.003583 -0.438517 0.068587 -0.002897 0.997641 23.860506
0.997705 0.009647 -0.067026 -1.301346 -0.009400 0.999948 0.004003 -0.453401 0.067061 -0.003364 0.997743 24.817236
0.997795 0.010197 -0.065579 -1.368882 -0.010127 0.999948 0.001387 -0.470144 0.065590 -0.000720 0.997846 25.777435
0.997885 0.009984 -0.064239 -1.439307 -0.010220 0.999942 -0.003353 -0.484432 0.064201 0.004003 0.997929 26.725578
0.998001 0.008953 -0.062558 -1.502228 -0.009377 0.999935 -0.006488 -0.498020 0.062496 0.007062 0.998020 27.682653
0.998047 0.007797 -0.061974 -1.559233 -0.008184 0.999949 -0.006004 -0.522091 0.061924 0.006500 0.998060 28.656778
0.998051 0.005999 -0.062107 -1.615665 -0.006140 0.999979 -0.002081 -0.544517 0.062093 0.002458 0.998067 29.647970
0.998022 0.003613 -0.062759 -1.667733 -0.003569 0.999993 0.000808 -0.567463 0.062762 -0.000583 0.998028 30.651552
0.997965 -0.004095 -0.063628 -1.699348 0.004096 0.999992 -0.000116 -0.584920 0.063627 -0.000145 0.997974 31.633680
0.997847 -0.006467 -0.065261 -1.752559 0.006247 0.999974 -0.003579 -0.602367 0.065282 0.003164 0.997862 32.618046
0.997725 -0.006086 -0.067133 -1.819706 0.005626 0.999959 -0.007044 -0.620201 0.067173 0.006651 0.997719 33.609489
0.997555 -0.005278 -0.069693 -1.889548 0.004729 0.999957 -0.008036 -0.635722 0.069732 0.007687 0.997536 34.610912
0.997504 -0.004796 -0.070449 -1.963730 0.004325 0.999967 -0.006828 -0.666200 0.070479 0.006506 0.997492 35.633209
0.997401 -0.002875 -0.071989 -2.046202 0.002534 0.999985 -0.004821 -0.684569 0.072002 0.004626 0.997394 36.659763
0.997331 -0.002362 -0.072976 -2.124398 0.002093 0.999991 -0.003763 -0.708027 0.072984 0.003601 0.997327 37.662518
