1.000000 0.000000 0.000000 0.000000 0.000000 1.000000 0.000000 0.000000 0.000000 0.000000 1.000000 0.000000
0.999991 -0.002532 -0.003325 0.007601 0.002527 0.999996 -0.001473 -0.016596 0.003329 0.001464 0.999993 0.689208
0.999973 -0.001377 -0.007255 -0.002937 0.001355 0.999995 -0.002963 -0.027776 0.007259 0.002953 0.999969 1.385449
0.999935 -0.000960 -0.011327 -0.007938 0.000910 0.999990 -0.004385 -0.036778 0.011331 0.004374 0.999926 2.105824
0.999872 0.000626 -0.015964 -0.032815 -0.000707 0.999987 -0.005079 -0.047140 0.015961 0.005090 0.999860 2.843953
0.999791 -0.000283 -0.020431 -0.046530 0.000177 0.999987 -0.005193 -0.061772 0.020433 0.005188 0.999778 3.585939
0.999686 0.000758 -0.025065 -0.076200 -0.000910 0.999981 -0.006069 -0.080687 0.025060 0.006090 0.999667 4.340120
0.999547 0.003997 -0.029816 -0.111509 -0.004196 0.999969 -0.006600 -0.099609 0.029788 0.006722 0.999534 5.121953
0.999393 0.006212 -0.034290 -0.146212 -0.006410 0.999963 -0.005683 -0.110601 0.034254 0.005900 0.999396 5.920063
0.999234 0.006146 -0.038639 -0.181769 -0.006269 0.999976 -0.003064 -0.129515 0.038619 0.003304 0.999249 6.725366
0.999088 0.004799 -0.042432 -0.208794 -0.004840 0.999988 -0.000853 -0.146308 0.042427 0.001058 0.999099 7.544958
0.998974 0.004973 -0.045017 -0.252138 -0.005015 0.999987 -0.000811 -0.162500 0.045012 0.001035 0.998986 8.357373
0.998875 0.004766 -0.047181 -0.294226 -0.004839 0.999987 -0.001429 -0.170390 0.047174 0.001656 0.998885 9.184386
0.998797 0.002777 -0.048965 -0.327845 -0.002860 0.999995 -0.001622 -0.191625 0.048960 0.001760 0.998799 10.014240
0.998691 0.002915 -0.051067 -0.374237 -0.002968 0.999995 -0.000966 -0.202171 0.051064 0.001116 0.998695 10.857125
0.998631 0.000369 -0.052310 -0.409844 -0.000425 0.999999 -0.001061 -0.217502 0.052310 0.001082 0.998630 11.719256
0.998537 0.001064 -0.054057 -0.466338 -0.001221 0.999995 -0.002859 -0.231677 0.054053 0.002920 0.998534 12.580934
0.998463 0.002190 -0.055385 -0.526552 -0.002500 0.999982 -0.005515 -0.249095 0.055372 0.005645 0.998450 13.448643
0.998343 0.006388 -0.057183 -0.590663 -0.006788 0.999954 -0.006800 -0.267237 0.057137 0.007177 0.998341 14.324721
0.998267 0.008216 -0.058279 -0.648618 -0.008620 0.999941 -0.006686 -0.279569 0.058221 0.007177 0.998278 15.206080
0.998189 0.008000 -0.059628 -0.702347 -0.008326 0.999952 -0.005214 -0.296854 0.059583 0.005701 0.998207 16.126270
0.998107 0.008180 -0.060950 -0.761131 -0.008437 0.999957 -0.003956 -0.319603 0.060915 0.004462 0.998133 17.021088
0.998039 0.007869 -0.062090 -0.817295 -0.008097 0.999961 -0.003410 -0.342441 0.062061 0.003906 0.998065 17.930737
0.997951 0.006829 -0.063624 -0.883642 -0.007113 0.999966 -0.004239 -0.356117 0.063593 0.004683 0.997965 18.840097
0.997888 0.006443 -0.064633 -0.941382 -0.006759 0.999966 -0.004669 -0.374705 0.064601 0.005096 0.997898 19.756872
0.997834 0.007415 -0.065361 -0.999833 -0.007635 0.999966 -0.003111 -0.394854 0.065336 0.003603 0.997857 20.683264
0.997807 0.009464 -0.065518 -1.072065 -0.009466 0.999955 0.000280 -0.412711 0.065517 0.000341 0.997851 21.616070
0.997847 0.009842 -0.064838 -1.135284 -0.009607 0.999946 0.003937 -0.425375 0.064874 -0.003305 0.997888 22.560795
0.997954 0.009285 -0.063261 -1.196808 -0.008860 0.999936 0.006994 -0.434931 0.063322 -0.006419 0.997972 23.498438
0.998075 0.006042 -0.061722 -1.254876 -0.005568 0.999954 0.007849 -0.443514 0.061767 -0.007491 0.998062 24.452238
0.998186 0.004607 -0.060025 -1.314149 -0.004289 0.999976 0.005425 -0.451563 0.060049 -0.005158 0.998182 25.388998
0.998253 0.004104 -0.058934 -1.383431 -0.004034 0.999991 0.001299 -0.465997 0.058939 -0.001059 0.998261 26.347254
0.998322 0.005583 -0.057628 -1.443418 -0.005691 0.999982 -0.001701 -0.479484 0.057618 0.002026 0.998337 27.293030
0.998353 0.007298 -0.056909 -1.500229 -0.007375 0.999972 -0.001142 -0.502057 0.056899 0.001560 0.998379 28.267855
0.998366 0.007506 -0.056655 -1.560371 -0.007334 0.999968 0.003240 -0.516336 0.056677 -0.002819 0.998389 29.247440
0.998336 0.002551 -0.057608 -1.606208 -0.002160 0.999974 0.006846 -0.526232 0.057624 -0.006710 0.998316 30.240128
0.998234 -0.008296 -0.058818 -1.631684 0.008710 0.999939 0.006782 -0.535418 0.058759 -0.007283 0.998246 31.214983
0.998118 -0.011278 -0.060282 -1.682139 0.011515 0.999927 0.003584 -0.549919 0.060238 -0.004271 0.998175 32.188995
0.998027 -0.010590 -0.061887 -1.741999 0.010617 0.999944 0.000094 -0.569401 0.061883 -0.000750 0.998083 33.166988
0.997956 -0.006761 -0.063552 -1.818134 0.006708 0.999977 -0.001053 -0.578677 0.063558 0.000625 0.997978 34.153900
0.997907 -0.005435 -0.064435 -1.882568 0.005443 0.999985 -0.000062 -0.603953 0.064434 -0.000289 0.997922 35.156147
0.997832 -0.003330 -0.065729 -1.959979 0.003509 0.999990 0.002605 -0.618018 0.065720 -0.002830 0.997834 36.167004
0.997769 -0.001090 -0.066747 -2.041527 0.001374 0.999990 0.004212 -0.635423 0.066742 -0.004295 0.997761 37.157394
