1.000000 0.000000 0.000000 0.000000 0.000000 1.000000 0.000000 0.000000 0.000000 0.000000 1.000000 0.000000
0.999991 -0.002867 -0.003137 -0.008677 0.002861 0.999994 -0.001794 -0.005395 0.003142 0.001785 0.999993 0.689198
0.999974 -0.001851 -0.006950 -0.025518 0.001826 0.999992 -0.003525 -0.003597 0.006956 0.003512 0.999970 1.401380
0.999940 -0.002288 -0.010760 -0.054202 0.002234 0.999985 -0.005031 -0.000915 0.010772 0.005007 0.999929 2.157266
0.999880 -0.000627 -0.015494 -0.074810 0.000541 0.999984 -0.005559 -0.005534 0.015498 0.005550 0.999865 2.880791
0.999804 -0.002303 -0.019685 -0.101013 0.002189 0.999981 -0.005802 -0.008524 0.019698 0.005758 0.999789 3.644862
0.999715 -0.000527 -0.023875 -0.137287 0.000362 0.999976 -0.006891 -0.016687 0.023878 0.006881 0.999691 4.423509
0.999595 0.002205 -0.028359 -0.182794 -0.002422 0.999968 -0.007625 -0.019662 0.028342 0.007691 0.999569 5.212629
0.999481 0.002270 -0.032123 -0.232011 -0.002459 0.999980 -0.005834 -0.025669 0.032109 0.005910 0.999467 6.035453
0.999329 0.001430 -0.036605 -0.269019 -0.001559 0.999993 -0.003496 -0.024104 0.036599 0.003551 0.999324 6.859456
0.999208 0.000668 -0.039788 -0.313713 -0.000707 0.999999 -0.000952 -0.025388 0.039788 0.000979 0.999208 7.692318
0.999121 0.002400 -0.041859 -0.373539 -0.002471 0.999996 -0.001647 -0.033235 0.041855 0.001749 0.999122 8.535277
0.999019 0.001428 -0.044258 -0.408697 -0.001525 0.999997 -0.002147 -0.032008 0.044255 0.002212 0.999018 9.378335
0.998918 -0.001740 -0.046472 -0.440484 0.001616 0.999995 -0.002692 -0.036176 0.046476 0.002614 0.998916 10.237741
0.998836 -0.002251 -0.048185 -0.487357 0.002159 0.999996 -0.001962 -0.039190 0.048189 0.001855 0.998837 11.096232
0.998753 -0.004125 -0.049744 -0.525963 0.004018 0.999989 -0.002249 -0.043930 0.049753 0.002046 0.998759 11.959485
0.998671 -0.002559 -0.051472 -0.577891 0.002341 0.999988 -0.004291 -0.056633 0.051482 0.004165 0.998665 12.826673
0.998627 -0.002014 -0.052354 -0.643591 0.001663 0.999976 -0.006746 -0.067709 0.052367 0.006649 0.998606 13.719974
0.998545 0.001476 -0.053904 -0.704790 -0.001923 0.999964 -0.008242 -0.078519 0.053890 0.008333 0.998512 14.615861
0.998489 0.001458 -0.054938 -0.767282 -0.001902 0.999966 -0.008032 -0.078835 0.054924 0.008124 0.998457 15.545435
0.998425 0.000119 -0.056110 -0.824220 -0.000475 0.999980 -0.006336 -0.093049 0.056108 0.006353 0.998404 16.477526
0.998367 0.000408 -0.057122 -0.890117 -0.000683 0.999988 -0.004793 -0.104108 0.057119 0.004824 0.998356 17.404747
0.998314 -0.000073 -0.058045 -0.950200 -0.000188 0.999990 -0.004485 -0.118554 0.058044 0.004489 0.998304 18.331909
0.998237 0.000209 -0.059347 -1.013856 -0.000526 0.999986 -0.005325 -0.133091 0.059345 0.005347 0.998223 19.266102
0.998175 -0.002006 -0.060353 -1.071375 0.001655 0.999981 -0.005874 -0.141091 0.060364 0.005763 0.998160 20.223894
0.998132 -0.001994 -0.061058 -1.124848 0.001744 0.999990 -0.004137 -0.149156 0.061065 0.004023 0.998126 21.182606
0.998145 -0.000810 -0.060869 -1.188426 0.000776 1.000000 -0.000587 -0.162216 0.060869 0.000539 0.998146 22.144611
0.998199 0.000333 -0.059997 -1.251848 -0.000142 0.999995 0.003196 -0.171171 0.059998 -0.003182 0.998193 23.105305
0.998293 -0.001066 -0.058394 -1.307305 0.001429 0.999980 0.006176 -0.178778 0.058386 -0.006248 0.998275 24.081455
0.998371 -0.001029 -0.057053 -1.359591 0.001441 0.999973 0.007196 -0.184911 0.057044 -0.007267 0.998345 25.052111
0.998450 -0.001157 -0.055639 -1.416490 0.001399 0.999990 0.004302 -0.184370 0.055633 -0.004373 0.998442 26.037388
0.998499 -0.001175 -0.054752 -1.467745 0.001147 0.999999 -0.000544 -0.184285 0.054753 0.000481 0.998500 27.004524
0.998560 -0.002964 -0.053563 -1.518991 0.002773 0.999990 -0.003634 -0.181360 0.053573 0.003480 0.998558 27.980488
0.998592 -0.004665 -0.052850 -1.568298 0.004539 0.999987 -0.002497 -0.197010 0.052860 0.002254 0.998599 28.955654
0.998573 -0.006734 -0.052984 -1.618079 0.006885 0.999973 0.002680 -0.209933 0.052965 -0.003041 0.998592 29.945097
0.998474 -0.010665 -0.054193 -1.656987 0.011019 0.999920 0.006252 -0.222691 0.054122 -0.006840 0.998511 30.950569
0.998294 -0.018785 -0.055279 -1.692170 0.019103 0.999804 0.005238 -0.216850 0.055170 -0.006285 0.998457 31.933308
0.998162 -0.021260 -0.056753 -1.742199 0.021361 0.999771 0.001167 -0.216375 0.056715 -0.002378 0.998388 32.938709
0.998084 -0.020845 -0.058252 -1.795509 0.020719 0.999781 -0.002775 -0.225727 0.058297 0.001562 0.998298 33.948219
0.997958 -0.020198 -0.060601 -1.843116 0.020015 0.999793 -0.003618 -0.225298 0.060662 0.002398 0.998156 34.963974
0.997903 -0.020146 -0.061508 -1.905117 0.020067 0.999797 -0.001902 -0.246244 0.061534 0.000664 0.998105 35.989594
0.997919 -0.017080 -0.062181 -1.982621 0.017149 0.999853 0.000575 -0.252618 0.062162 -0.001640 0.998065 37.001781
0.997830 -0.016921 -0.063637 -2.036683 0.017075 0.999852 0.001874 -0.266850 0.063596 -0.002956 0.997971 38.001797
