1.000000 0.000000 0.000000 0.000000 0.000000 1.000000 0.000000 0.000000 0.000000 0.000000 1.000000 0.000000
0.999991 -0.002886 -0.002982 -0.011687 0.002879 0.999993 -0.002220 -0.001194 0.002988 0.002212 0.999993 0.692314
0.999975 -0.002095 -0.006801 -0.029598 0.002071 0.999991 -0.003572 -0.004181 0.006809 0.003557 0.999970 1.405611
0.999940 -0.002540 -0.010652 -0.047327 0.002490 0.999986 -0.004753 -0.010412 0.010664 0.004727 0.999932 2.141090
0.999880 -0.001190 -0.015469 -0.064756 0.001110 0.999986 -0.005198 -0.018047 0.015475 0.005181 0.999867 2.877242
0.999806 -0.002443 -0.019559 -0.090866 0.002336 0.999982 -0.005495 -0.022570 0.019572 0.005448 0.999794 3.637963
0.999716 -0.000659 -0.023831 -0.124487 0.000496 0.999977 -0.006813 -0.025834 0.023835 0.006799 0.999693 4.419358
0.999589 0.002062 -0.028592 -0.160740 -0.002282 0.999968 -0.007634 -0.027758 0.028575 0.007696 0.999562 5.217432
0.999466 0.002319 -0.032594 -0.197602 -0.002523 0.999978 -0.006195 -0.031164 0.032579 0.006274 0.999449 6.025183
0.999319 0.001185 -0.036867 -0.233284 -0.001315 0.999993 -0.003498 -0.037306 0.036862 0.003544 0.999314 6.847861
0.999186 0.000706 -0.040335 -0.273100 -0.000746 0.999999 -0.000963 -0.040521 0.040335 0.000992 0.999186 7.680815
0.999081 0.002012 -0.042804 -0.318994 -0.002078 0.999997 -0.001484 -0.048306 0.042800 0.001572 0.999082 8.519528
0.998996 0.001346 -0.044783 -0.364407 -0.001428 0.999997 -0.001799 -0.051623 0.044781 0.001861 0.998995 9.356571
0.998918 -0.001918 -0.046470 -0.404550 0.001809 0.999996 -0.002368 -0.054229 0.046474 0.002282 0.998917 10.210495
0.998813 -0.002136 -0.048668 -0.443961 0.002055 0.999996 -0.001704 -0.056344 0.048672 0.001602 0.998814 11.076055
0.998744 -0.004075 -0.049933 -0.490513 0.003986 0.999990 -0.001891 -0.063334 0.049940 0.001690 0.998751 11.939547
0.998655 -0.002017 -0.051809 -0.540054 0.001809 0.999990 -0.004075 -0.071661 0.051817 0.003976 0.998649 12.818487
0.998598 -0.001923 -0.052903 -0.595492 0.001569 0.999976 -0.006742 -0.076585 0.052915 0.006649 0.998577 13.710748
0.998508 0.001414 -0.054585 -0.653573 -0.001866 0.999964 -0.008233 -0.085995 0.054572 0.008322 0.998475 14.607350
0.998455 0.001935 -0.055527 -0.710577 -0.002380 0.999965 -0.007965 -0.094645 0.055510 0.008085 0.998425 15.519477
0.998383 0.000831 -0.056842 -0.767045 -0.001200 0.999978 -0.006463 -0.104276 0.056836 0.006521 0.998362 16.447191
0.998307 0.000627 -0.058154 -0.827359 -0.000916 0.999987 -0.004944 -0.110645 0.058150 0.004989 0.998295 17.372349
0.998268 -0.000270 -0.058825 -0.895245 -0.000016 0.999988 -0.004873 -0.120307 0.058825 0.004865 0.998256 18.306589
0.998184 -0.001142 -0.060228 -0.953923 0.000800 0.999983 -0.005698 -0.127491 0.060233 0.005639 0.998168 19.233572
0.998101 -0.003034 -0.061531 -1.004535 0.002671 0.999979 -0.005982 -0.144476 0.061548 0.005807 0.998087 20.176737
0.998083 -0.003455 -0.061792 -1.071540 0.003202 0.999986 -0.004192 -0.152617 0.061805 0.003986 0.998080 21.125937
0.998107 -0.002013 -0.061473 -1.142979 0.001968 0.999998 -0.000788 -0.162188 0.061474 0.000666 0.998108 22.089012
0.998171 -0.001540 -0.060437 -1.206406 0.001733 0.999994 0.003145 -0.170612 0.060432 -0.003244 0.998167 23.045219
0.998269 -0.003375 -0.058708 -1.271171 0.003739 0.999974 0.006083 -0.170894 0.058686 -0.006292 0.998257 24.018705
0.998361 -0.003443 -0.057118 -1.331708 0.003852 0.999968 0.007061 -0.175589 0.057092 -0.007269 0.998342 24.994696
0.998459 -0.003130 -0.055403 -1.396130 0.003367 0.999986 0.004185 -0.175844 0.055390 -0.004365 0.998455 25.975163
0.998517 -0.002995 -0.054367 -1.457291 0.002960 0.999995 -0.000731 -0.170699 0.054369 0.000569 0.998521 26.957617
0.998591 -0.003452 -0.052953 -1.513777 0.003264 0.999988 -0.003628 -0.178797 0.052965 0.003451 0.998590 27.932535
0.998629 -0.006041 -0.051996 -1.567413 0.005914 0.999979 -0.002589 -0.185833 0.052010 0.002278 0.998644 28.907211
0.998607 -0.007826 -0.052182 -1.614566 0.007969 0.999965 0.002528 -0.197934 0.052160 -0.002940 0.998634 29.893217
0.998525 -0.011769 -0.053004 -1.666518 0.012094 0.999910 0.005825 -0.201047 0.052931 -0.006458 0.998577 30.903290
0.998359 -0.019720 -0.053760 -1.711903 0.020026 0.999786 0.005162 -0.201743 0.053647 -0.006230 0.998541 31.881741
0.998233 -0.021902 -0.055239 -1.767433 0.022006 0.999757 0.001272 -0.205040 0.055198 -0.002485 0.998472 32.888985
0.998164 -0.022021 -0.056430 -1.826756 0.021912 0.999757 -0.002535 -0.210411 0.056472 0.001294 0.998403 33.878510
0.998083 -0.020704 -0.058323 -1.887234 0.020547 0.999784 -0.003287 -0.217755 0.058379 0.002082 0.998292 34.887066
0.998037 -0.020644 -0.059121 -1.944105 0.020565 0.999787 -0.001939 -0.228835 0.059148 0.000720 0.998249 35.896854
0.998028 -0.018128 -0.060099 -2.021549 0.018199 0.999834 0.000631 -0.229653 0.060078 -0.001724 0.998192 36.946758
0.997963 -0.018326 -0.061110 -2.097480 0.018482 0.999827 0.001983 -0.238779 0.061063 -0.003108 0.998129 37.969276
0.997940 -0.017111 -0.061825 -2.172453 0.017410 0.999839 0.004309 -0.237604 0.061741 -0.005376 0.998078 38.993565
0.997954 -0.017238 -0.061563 -2.243237 0.017722 0.999816 0.007328 -0.241099 0.061426 -0.008404 0.998076 40.019539
0.998027 -0.011798 -0.061662 -2.327869 0.012407 0.999878 0.009504 -0.240145 0.061542 -0.010251 0.998052 41.039623
0.998026 -0.012602 -0.061532 -2.406456 0.013174 0.999874 0.008892 -0.237513 0.061412 -0.009685 0.998066 42.070763
0.998055 -0.012638 -0.061051 -2.488304 0.013088 0.999890 0.006977 -0.232277 0.060956 -0.007762 0.998110 43.087582
0.998089 -0.010355 -0.060915 -2.560908 0.010675 0.999931 0.004929 -0.239458 0.060860 -0.005569 0.998131 44.104195
0.998022 -0.011438 -0.061811 -2.635705 0.011772 0.999918 0.005045 -0.243758 0.061748 -0.005763 0.998075 45.134834
0.997950 -0.012991 -0.062666 -2.704852 0.013412 0.999890 0.006310 -0.254138 0.062577 -0.007137 0.998015 46.148129
0.997893 -0.012756 -0.063616 -2.764832 0.013260 0.999884 0.007509 -0.260321 0.063512 -0.008336 0.997946 47.157200
0.997906 -0.010488 -0.063819 -2.831607 0.010763 0.999934 0.003961 -0.268676 0.063773 -0.004639 0.997954 48.161121
0.997861 -0.010240 -0.064567 -2.904180 0.010249 0.999947 -0.000198 -0.273121 0.064566 -0.000464 0.997913 49.165180
0.997855 -0.009343 -0.064790 -2.983807 0.009264 0.999956 -0.001515 -0.279724 0.064801 0.000911 0.997898 50.170719
0.997842 -0.011301 -0.064684 -3.056809 0.011456 0.999932 0.002030 -0.289497 0.064656 -0.002766 0.997904 51.170795
0.997811 -0.013065 -0.064822 -3.121265 0.013432 0.999896 0.005232 -0.301985 0.064747 -0.006092 0.997883 52.166214
0.997799 -0.015442 -0.064495 -3.197734 0.015851 0.999857 0.005834 -0.306322 0.064395 -0.006844 0.997901 53.149147
0.997741 -0.018949 -0.064455 -3.261444 0.019292 0.999803 0.004708 -0.312628 0.064353 -0.005941 0.997909 54.131035
0.997679 -0.021698 -0.064546 -3.329492 0.021963 0.999753 0.003406 -0.318680 0.064456 -0.004816 0.997909 55.104610
0.997586 -0.023593 -0.065316 -3.399659 0.023935 0.999704 0.004456 -0.319718 0.065192 -0.006009 0.997855 56.083054
0.997444 -0.026625 -0.066308 -3.466654 0.027258 0.999591 0.008657 -0.325930 0.066050 -0.010443 0.997762 57.054836
0.997358 -0.028228 -0.066939 -3.531371 0.029190 0.999483 0.013447 -0.319939 0.066525 -0.015365 0.997666 58.033241
0.997364 -0.026708 -0.067473 -3.600642 0.027829 0.999489 0.015734 -0.321159 0.067018 -0.017570 0.997597 58.997330
0.997313 -0.025559 -0.068656 -3.667926 0.026441 0.999579 0.011967 -0.327801 0.068321 -0.013751 0.997569 59.932274
0.997267 -0.024064 -0.069848 -3.737687 0.024408 0.999694 0.004071 -0.327659 0.069729 -0.005765 0.997549 60.866390
0.997261 -0.022235 -0.070543 -3.805473 0.022247 0.999752 -0.000629 -0.337313 0.070539 -0.000942 0.997509 61.785835
0.997294 -0.017532 -0.071394 -3.886324 0.017591 0.999845 0.000202 -0.342594 0.071379 -0.001458 0.997448 62.713440
0.997260 -0.015352 -0.072369 -3.959198 0.015581 0.999875 0.002604 -0.354400 0.072320 -0.003724 0.997375 63.625294
0.997225 -0.012739 -0.073348 -4.034275 0.013080 0.999906 0.004169 -0.364875 0.073288 -0.005117 0.997298 64.524788
0.997150 -0.012068 -0.074475 -4.100513 0.012387 0.999916 0.003825 -0.370990 0.074423 -0.004737 0.997216 65.397865
0.997036 -0.010598 -0.076203 -4.165288 0.010974 0.999930 0.004513 -0.376741 0.076150 -0.005336 0.997082 66.262177
0.996942 -0.009842 -0.077517 -4.236122 0.010260 0.999935 0.004992 -0.385515 0.077463 -0.005772 0.996979 67.110992
0.996831 -0.009866 -0.078938 -4.301826 0.010343 0.999931 0.005628 -0.400927 0.078877 -0.006427 0.996864 67.936737
0.996747 -0.010070 -0.079961 -4.380126 0.010625 0.999922 0.006522 -0.402873 0.079889 -0.007350 0.996777 68.766724
0.996658 -0.007559 -0.081340 -4.452522 0.008343 0.999922 0.009309 -0.410249 0.081263 -0.009957 0.996643 69.578667
0.996573 -0.006248 -0.082482 -4.526180 0.007371 0.999884 0.013314 -0.411063 0.082389 -0.013876 0.996504 70.379753
0.996428 -0.003034 -0.084394 -4.589692 0.004312 0.999879 0.014966 -0.413437 0.084339 -0.015276 0.996320 71.158073
0.996328 -0.000491 -0.085623 -4.665583 0.001428 0.999940 0.010881 -0.420927 0.085612 -0.010963 0.996268 71.921280
0.996229 -0.000512 -0.086757 -4.733318 0.000827 0.999993 0.003593 -0.430082 0.086755 -0.003651 0.996223 72.653946
0.996095 -0.001357 -0.088282 -4.792189 0.001165 0.999997 -0.002224 -0.436169 0.088285 0.002112 0.996093 73.372871
0.996076 -0.000593 -0.088500 -4.863744 0.000283 0.999994 -0.003518 -0.438996 0.088501 0.003479 0.996070 74.078354
0.996003 0.002051 -0.089294 -4.929655 -0.002067 0.999998 -0.000092 -0.448277 0.089294 0.000276 0.996005 74.766655
0.995904 0.002290 -0.090385 -4.997423 -0.002091 0.999995 0.002299 -0.466001 0.090390 -0.002101 0.995904 75.432556
0.995829 -0.001006 -0.091229 -5.056368 0.000909 0.999999 -0.001106 -0.473387 0.091230 0.001019 0.995829 76.070297
0.995808 -0.009021 -0.091026 -5.103949 0.008510 0.999946 -0.005991 -0.491211 0.091075 0.005192 0.995831 76.692345
0.995878 -0.013018 -0.089760 -5.154641 0.012104 0.999869 -0.010709 -0.504463 0.089887 0.009579 0.995906 77.292328
0.996187 -0.010659 -0.086586 -5.208550 0.009753 0.999893 -0.010879 -0.515432 0.086693 0.009993 0.996185 77.879135
0.996584 -0.005729 -0.082382 -5.266215 0.005088 0.999955 -0.007992 -0.523946 0.082424 0.007545 0.996569 78.457329
0.996938 -0.007255 -0.077862 -5.304406 0.006893 0.999964 -0.004917 -0.532307 0.077895 0.004365 0.996952 79.020111
0.997329 -0.011192 -0.072182 -5.335103 0.011180 0.999937 -0.000568 -0.542896 0.072184 -0.000240 0.997391 79.570030
0.997824 -0.015496 -0.064090 -5.355328 0.015726 0.999872 0.003078 -0.554962 0.064034 -0.004079 0.997939 80.106087
0.998505 -0.011706 -0.053392 -5.378498 0.011891 0.999924 0.003146 -0.562675 0.053351 -0.003777 0.998569 80.627914
0.999254 -0.006469 -0.038075 -5.400728 0.006580 0.999974 0.002796 -0.566490 0.038056 -0.003045 0.999271 81.139183
0.999800 -0.001355 -0.019947 -5.408519 0.001427 0.999992 0.003607 -0.569561 0.019942 -0.003635 0.999795 81.638481
0.999994 -0.002932 0.001892 -5.385921 0.002923 0.999985 0.004527 -0.573691 -0.001905 -0.004521 0.999988 82.125969
0.999589 -0.006442 0.027940 -5.345310 0.006279 0.999963 0.005913 -0.577172 -0.027977 -0.005735 0.999592 82.600677
0.998330 -0.007539 0.057282 -5.291458 0.007100 0.999944 0.007864 -0.580641 -0.057338 -0.007444 0.998327 83.064186
0.995890 -0.008011 0.090221 -5.224662 0.007155 0.999926 0.009803 -0.583263 -0.090293 -0.009117 0.995874 83.520271
0.991792 -0.007960 0.127612 -5.137595 0.006643 0.999920 0.010742 -0.583435 -0.127687 -0.009806 0.991766 83.965271
0.985522 -0.007851 0.169363 -5.038036 0.005967 0.999915 0.011630 -0.588580 -0.169440 -0.010451 0.985485 84.398201
0.976650 -0.008240 0.214678 -4.922143 0.005691 0.999906 0.012490 -0.592852 -0.214760 -0.010977 0.976605 84.816032
0.964518 -0.005864 0.263951 -4.789602 0.003047 0.999934 0.011081 -0.595096 -0.263999 -0.009884 0.964472 85.217743
0.948352 -0.004628 0.317186 -4.630513 0.001894 0.999958 0.008927 -0.597673 -0.317214 -0.007865 0.948321 85.601845
0.927771 -0.004109 0.373127 -4.452086 0.001376 0.999970 0.007591 -0.598624 -0.373147 -0.006529 0.927749 85.969849
0.902574 -0.003290 0.430523 -4.251523 0.000498 0.999978 0.006598 -0.599197 -0.430535 -0.005741 0.902556 86.322449
0.872659 -0.003235 0.488319 -4.029198 0.000440 0.999983 0.005840 -0.604693 -0.488329 -0.004881 0.872646 86.652428
0.838158 -0.004220 0.545411 -3.783674 0.002201 0.999988 0.004355 -0.603583 -0.545423 -0.002450 0.838157 86.963882
0.800426 -0.004305 0.599416 -3.517767 0.002741 0.999990 0.003522 -0.602766 -0.599425 -0.001176 0.800430 87.250671
0.759981 -0.005659 0.649920 -3.237253 0.002730 0.999981 0.005515 -0.609980 -0.649939 -0.002417 0.759982 87.511467
0.716695 -0.005937 0.697361 -2.942004 0.000283 0.999966 0.008222 -0.611163 -0.697387 -0.005696 0.716672 87.755989
0.670648 -0.006938 0.741743 -2.631454 -0.000087 0.999956 0.009432 -0.614828 -0.741775 -0.006390 0.670618 87.985367
0.623163 -0.008247 0.782049 -2.311241 0.002165 0.999959 0.008819 -0.618546 -0.782089 -0.003803 0.623155 88.191010
0.575388 -0.010712 0.817810 -1.977065 0.006724 0.999942 0.008367 -0.620451 -0.817853 0.000685 0.575427 88.375084
0.527866 -0.008717 0.849283 -1.643757 0.004058 0.999962 0.007741 -0.624271 -0.849318 -0.000640 0.527882 88.542778
0.479573 -0.005965 0.877482 -1.299951 -0.000924 0.999973 0.007302 -0.629458 -0.877502 -0.004313 0.479554 88.710091
0.433295 -0.003781 0.901244 -0.953714 -0.002160 0.999984 0.005234 -0.629319 -0.901249 -0.004215 0.433280 88.849525
0.390456 -0.006244 0.920600 -0.603949 0.003795 0.999979 0.005172 -0.633922 -0.920614 0.001474 0.390471 88.953300
0.350384 -0.013567 0.936508 -0.242596 0.017673 0.999813 0.007872 -0.634959 -0.936439 0.013793 0.350559 89.032417
0.314830 -0.017059 0.948995 0.117591 0.021490 0.999710 0.010841 -0.631282 -0.948905 0.016981 0.315106 89.109642
0.281432 -0.012958 0.959494 0.487016 0.018158 0.999802 0.008176 -0.632655 -0.959409 0.015122 0.281611 89.199089
0.250356 -0.005422 0.968139 0.868849 0.007552 0.999965 0.003647 -0.636777 -0.968124 0.006398 0.250389 89.292587
0.221946 -0.000945 0.975058 1.259181 0.002679 0.999996 0.000359 -0.644264 -0.975055 0.002532 0.221948 89.368301
0.196135 0.000459 0.980577 1.663766 0.004040 0.999991 -0.001277 -0.655046 -0.980569 0.004212 0.196132 89.426315
0.172514 0.002085 0.985005 2.088398 0.011466 0.999926 -0.004125 -0.654943 -0.984940 0.012006 0.172477 89.469994
0.152016 0.008585 0.988341 2.517822 0.018266 0.999767 -0.011494 -0.646576 -0.988209 0.019800 0.151823 89.509895
0.132046 0.015530 0.991122 2.958466 0.020020 0.999632 -0.018331 -0.638240 -0.991041 0.022263 0.131686 89.553329
0.114465 0.016259 0.993294 3.417202 0.017281 0.999682 -0.018355 -0.645401 -0.993277 0.019266 0.114147 89.599922
0.098591 0.011921 0.995057 3.898451 0.015514 0.999788 -0.013515 -0.657068 -0.995007 0.016770 0.098386 89.648720
0.084086 0.008760 0.996420 4.381063 0.016037 0.999820 -0.010144 -0.667454 -0.996329 0.016832 0.083931 89.680130
0.070510 0.006412 0.997491 4.887743 0.018735 0.999794 -0.007751 -0.672431 -0.997335 0.019235 0.070375 89.709312
0.058770 0.005816 0.998255 5.410534 0.022481 0.999722 -0.007148 -0.674141 -0.998018 0.022862 0.058623 89.731369
0.048513 0.006547 0.998801 5.944196 0.025600 0.999642 -0.007796 -0.678473 -0.998494 0.025948 0.048328 89.749458
0.040519 0.007150 0.999153 6.498908 0.028143 0.999569 -0.008295 -0.680337 -0.998782 0.028455 0.040300 89.766342
0.034788 0.007574 0.999366 7.071710 0.029872 0.999517 -0.008615 -0.684119 -0.998948 0.030153 0.034545 89.784653
0.029151 0.008683 0.999537 7.658577 0.031437 0.999460 -0.009599 -0.688221 -0.999081 0.031702 0.028862 89.798668
0.023225 0.009579 0.999684 8.273471 0.031865 0.999439 -0.010317 -0.689709 -0.999222 0.032095 0.022906 89.811485
0.018918 0.009815 0.999773 8.895018 0.034374 0.999354 -0.010462 -0.693426 -0.999230 0.034564 0.018568 89.816536
0.015808 0.009819 0.999827 9.535561 0.036323 0.999286 -0.010388 -0.698279 -0.999215 0.036481 0.015440 89.824547
0.012738 0.009555 0.999873 10.197623 0.037180 0.999258 -0.010022 -0.702917 -0.999227 0.037303 0.012373 89.831055
0.010166 0.009057 0.999907 10.874813 0.038711 0.999206 -0.009444 -0.708929 -0.999199 0.038804 0.009807 89.837990
0.009452 0.009040 0.999914 11.558386 0.043442 0.999011 -0.009442 -0.711635 -0.999011 0.043527 0.009050 89.834557
0.010426 0.008789 0.999907 12.253437 0.047681 0.998820 -0.009277 -0.720627 -0.998808 0.047773 0.009995 89.834358
0.012789 0.008697 0.999880 12.963909 0.050047 0.998703 -0.009327 -0.729976 -0.998665 0.050161 0.012337 89.841042
0.016662 0.008631 0.999824 13.705797 0.053374 0.998529 -0.009510 -0.738621 -0.998436 0.053523 0.016177 89.844315
0.021031 0.008337 0.999744 14.460865 0.054098 0.998491 -0.009464 -0.741522 -0.998314 0.054283 0.020548 89.856209
0.025123 0.006743 0.999662 15.224582 0.056120 0.998391 -0.008145 -0.747316 -0.998108 0.056306 0.024704 89.869972
0.028994 0.005235 0.999566 16.006611 0.056664 0.998370 -0.006872 -0.754447 -0.997972 0.056839 0.028650 89.894455
0.033291 0.003179 0.999441 16.796722 0.054036 0.998527 -0.004976 -0.758671 -0.997984 0.054172 0.033070 89.921165
0.037371 0.002398 0.999299 17.594543 0.054075 0.998527 -0.004418 -0.755974 -0.997837 0.054202 0.037186 89.945045
0.041508 0.003208 0.999133 18.417616 0.051515 0.998658 -0.005347 -0.767079 -0.997809 0.051692 0.041287 89.983299
0.044484 0.007402 0.998983 19.233587 0.049856 0.998710 -0.009620 -0.779210 -0.997765 0.050233 0.044057 90.023544
0.045692 0.012590 0.998876 20.065027 0.044514 0.998902 -0.014627 -0.792456 -0.997963 0.045132 0.045081 90.077423
0.045493 0.015620 0.998843 20.900904 0.041224 0.998997 -0.017500 -0.813053 -0.998114 0.041973 0.044804 90.122360
0.045270 0.015145 0.998860 21.753872 0.039093 0.999092 -0.016920 -0.833618 -0.998210 0.039815 0.044636 90.178566
0.045057 0.013152 0.998898 22.594349 0.036284 0.999232 -0.014793 -0.860238 -0.998325 0.036910 0.044545 90.226151
0.044737 0.011844 0.998929 23.430313 0.037497 0.999205 -0.013526 -0.884005 -0.998295 0.038062 0.044258 90.264458
0.045193 0.011312 0.998914 24.266926 0.034816 0.999311 -0.012891 -0.903276 -0.998371 0.035360 0.044768 90.305588
0.045145 0.011553 0.998914 25.101770 0.033604 0.999350 -0.013077 -0.924536 -0.998415 0.034157 0.044728 90.348610
0.045000 0.012215 0.998912 25.944614 0.030898 0.999430 -0.013613 -0.941534 -0.998509 0.031477 0.044597 90.400406
0.043610 0.013506 0.998957 26.779070 0.028260 0.999492 -0.014747 -0.963088 -0.998649 0.028873 0.043206 90.445709
0.040641 0.013295 0.999085 27.615198 0.025281 0.999578 -0.014330 -0.980046 -0.998854 0.025840 0.040288 90.489853
0.036581 0.012067 0.999258 28.456287 0.022985 0.999652 -0.012913 -0.998142 -0.999066 0.023440 0.036291 90.530693
0.031633 0.009642 0.999453 29.290859 0.021253 0.999721 -0.010317 -1.017959 -0.999274 0.021567 0.031419 90.562363
0.025449 0.007692 0.999647 30.116575 0.019911 0.999768 -0.008200 -1.032535 -0.999478 0.020113 0.025290 90.582329
0.017946 0.008066 0.999806 30.947279 0.019911 0.999766 -0.008423 -1.047473 -0.999641 0.020058 0.017781 90.601410
0.009271 0.009064 0.999916 31.762196 0.019898 0.999759 -0.009247 -1.063530 -0.999759 0.019982 0.009089 90.603600
-0.000871 0.009600 0.999954 32.597504 0.020668 0.999740 -0.009580 -1.073475 -0.999786 0.020659 -0.001069 90.607178
-0.011240 0.008763 0.999898 33.415543 0.021874 0.999724 -0.008515 -1.089244 -0.999698 0.021776 -0.011429 90.596588
-0.022144 0.008028 0.999723 34.231441 0.021226 0.999746 -0.007558 -1.101602 -0.999529 0.021053 -0.022309 90.578827
-0.033435 0.007475 0.999413 35.051949 0.023117 0.999710 -0.006704 -1.112391 -0.999174 0.022879 -0.033599 90.552681
-0.044263 0.007857 0.998989 35.853779 0.023140 0.999709 -0.006837 -1.128304 -0.998752 0.022814 -0.044432 90.505264
-0.055201 0.008534 0.998439 36.643707 0.023555 0.999696 -0.007242 -1.143489 -0.998197 0.023119 -0.055385 90.454071
-0.065967 0.010006 0.997772 37.431850 0.023502 0.999688 -0.008471 -1.145191 -0.997545 0.022891 -0.066181 90.406754
-0.076356 0.011110 0.997019 38.235477 0.024270 0.999662 -0.009281 -1.160281 -0.996785 0.023489 -0.076600 90.339783
-0.085753 0.011893 0.996245 39.011906 0.024971 0.999640 -0.009784 -1.176849 -0.996003 0.024039 -0.086019 90.262390
-0.095547 0.012336 0.995349 39.791313 0.025858 0.999617 -0.009906 -1.194998 -0.995089 0.024791 -0.095829 90.185127
-0.105163 0.012931 0.994371 40.562881 0.026708 0.999592 -0.010175 -1.208156 -0.994096 0.025487 -0.105466 90.106430
-0.113759 0.012405 0.993431 41.314278 0.027768 0.999571 -0.009302 -1.226085 -0.993120 0.026528 -0.114054 90.013695
-0.121061 0.011651 0.992577 42.050503 0.030070 0.999515 -0.008065 -1.237159 -0.992190 0.028870 -0.121352 89.915779
-0.126592 0.010123 0.991903 42.789856 0.033176 0.999432 -0.005966 -1.251028 -0.991400 0.032152 -0.126856 89.819435
-0.130656 0.008497 0.991391 43.520908 0.036155 0.999339 -0.003800 -1.267323 -0.990768 0.035347 -0.130877 89.724022
-0.133381 0.007555 0.991036 44.221130 0.037830 0.999281 -0.002527 -1.277102 -0.990343 0.037154 -0.133571 89.621971
-0.135483 0.006655 0.990757 44.922092 0.037946 0.999279 -0.001523 -1.290204 -0.990053 0.037389 -0.135637 89.534302
-0.136739 0.007253 0.990580 45.613964 0.038752 0.999247 -0.001967 -1.297880 -0.989849 0.038118 -0.136918 89.451279
-0.135767 0.008312 0.990706 46.269108 0.039436 0.999218 -0.002979 -1.309358 -0.989956 0.038665 -0.135988 89.357101
-0.133001 0.009930 0.991066 46.905865 0.040273 0.999178 -0.004607 -1.321611 -0.990297 0.039301 -0.133292 89.274437
-0.128057 0.010714 0.991709 47.540085 0.040733 0.999155 -0.005535 -1.328894 -0.990930 0.039686 -0.128385 89.201385
-0.120192 0.011575 0.992683 48.138813 0.040616 0.999152 -0.006733 -1.338428 -0.991920 0.039510 -0.120560 89.135811
-0.109278 0.011635 0.993943 48.711140 0.039649 0.999187 -0.007338 -1.351659 -0.993220 0.038607 -0.109650 89.081108
-0.095417 0.011853 0.995367 49.256863 0.038934 0.999208 -0.008166 -1.368526 -0.994676 0.037975 -0.095803 89.031380
-0.078340 0.013263 0.996838 49.788158 0.038531 0.999205 -0.010266 -1.383168 -0.996182 0.037605 -0.078789 89.001801
-0.057168 0.015807 0.998239 50.309982 0.037408 0.999206 -0.013680 -1.398607 -0.997664 0.036560 -0.057714 88.984238
-0.032542 0.019010 0.999290 50.833569 0.036082 0.999190 -0.017833 -1.411179 -0.998819 0.035476 -0.033202 88.983109
-0.004088 0.020788 0.999776 51.349846 0.034626 0.999187 -0.020634 -1.426289 -0.999392 0.034534 -0.004805 88.996162
0.029185 0.020429 0.999365 51.871357 0.033196 0.999220 -0.021395 -1.439131 -0.999023 0.033800 0.028484 89.028442
0.067750 0.018222 0.997536 52.378712 0.032737 0.999254 -0.020477 -1.451855 -0.997165 0.034043 0.067103 89.074600
0.110107 0.014557 0.993813 52.887127 0.031198 0.999349 -0.018095 -1.467741 -0.993430 0.032997 0.109581 89.148132
0.155748 0.010512 0.987741 53.390259 0.029337 0.999453 -0.015262 -1.479674 -0.987361 0.031354 0.155354 89.247299
0.204419 0.007304 0.978856 53.883568 0.025125 0.999604 -0.012706 -1.494125 -0.978561 0.027191 0.204154 89.376213
0.256258 0.005940 0.966590 54.369190 0.022027 0.999686 -0.011983 -1.504357 -0.966357 0.024362 0.256047 89.533073
0.311145 0.005862 0.950344 54.853310 0.021822 0.999673 -0.013311 -1.513108 -0.950112 0.024881 0.310915 89.722420
0.369752 0.006833 0.929106 55.293465 0.023964 0.999570 -0.016888 -1.522862 -0.928822 0.028510 0.369429 89.926590
0.430575 0.010627 0.902492 55.710201 0.024716 0.999417 -0.023560 -1.533057 -0.902216 0.032450 0.430061 90.157822
0.491852 0.014462 0.870559 56.114300 0.025734 0.999184 -0.031138 -1.542819 -0.870299 0.037718 0.491078 90.408173
0.551032 0.019197 0.834263 56.490162 0.021161 0.999092 -0.036966 -1.552151 -0.834216 0.038024 0.550126 90.701027
0.608055 0.022972 0.793563 56.842640 0.016344 0.999007 -0.041442 -1.561366 -0.793727 0.038169 0.607076 91.021019
0.662329 0.023192 0.748854 57.193047 0.014768 0.998922 -0.043998 -1.584950 -0.749068 0.040200 0.661273 91.369225
0.712620 0.021720 0.701214 57.525433 0.013566 0.998907 -0.044727 -1.600587 -0.701419 0.041386 0.711546 91.747269
0.759089 0.018503 0.650724 57.825912 0.010543 0.999115 -0.040708 -1.619903 -0.650901 0.037762 0.758223 92.150986
0.801427 0.013326 0.597944 58.089352 0.009290 0.999354 -0.034724 -1.641159 -0.598021 0.033384 0.800785 92.567284
0.838896 0.010889 0.544183 58.328808 0.006162 0.999546 -0.029500 -1.656642 -0.544257 0.028101 0.838448 93.018501
0.870857 0.007442 0.491480 58.531914 0.004575 0.999719 -0.023243 -1.672400 -0.491515 0.022490 0.870578 93.471596
0.897270 0.007350 0.441420 58.708538 0.000890 0.999829 -0.018458 -1.689850 -0.441481 0.016955 0.897111 93.913040
0.918185 0.009251 0.396043 58.863949 -0.003311 0.999872 -0.015678 -1.706730 -0.396137 0.013084 0.918098 94.368378
0.934234 0.014542 0.356365 59.002808 -0.010302 0.999852 -0.013793 -1.715088 -0.356513 0.009215 0.934245 94.822861
0.946693 0.018535 0.321603 59.124393 -0.014425 0.999781 -0.015157 -1.726812 -0.321814 0.009710 0.946753 95.280510
0.956474 0.020323 0.291109 59.244896 -0.016653 0.999748 -0.015077 -1.740675 -0.291342 0.009573 0.956571 95.750809
0.962988 0.014756 0.269138 59.372089 -0.010982 0.999819 -0.015522 -1.749935 -0.269319 0.011992 0.962976 96.232674
0.967191 0.011548 0.253787 59.490902 -0.007992 0.999855 -0.015038 -1.765858 -0.253924 0.012516 0.967143 96.718704
0.970380 0.015467 0.241087 59.602707 -0.012057 0.999805 -0.015613 -1.775096 -0.241282 0.012243 0.970378 97.216309
0.972614 0.020760 0.231497 59.706409 -0.017677 0.999725 -0.015384 -1.782647 -0.231753 0.010871 0.972714 97.717491
0.973795 0.028225 0.225671 59.810108 -0.025087 0.999545 -0.016761 -1.792538 -0.226041 0.010660 0.974059 98.224426
0.974365 0.033920 0.222402 59.926472 -0.030116 0.999337 -0.020474 -1.805243 -0.222949 0.013251 0.974740 98.735664
0.974528 0.035327 0.221466 60.049133 -0.031024 0.999257 -0.022880 -1.826500 -0.222109 0.015427 0.974900 99.257301
0.974012 0.034066 0.223920 60.180447 -0.028877 0.999234 -0.026407 -1.845615 -0.224648 0.019254 0.974250 99.789978
0.973207 0.032385 0.227639 60.322323 -0.025549 0.999132 -0.032910 -1.860850 -0.228508 0.026212 0.973189 100.328018
0.972201 0.032728 0.231850 60.460026 -0.024637 0.998985 -0.037710 -1.875363 -0.232849 0.030950 0.972020 100.886475
0.970995 0.037436 0.236150 60.596012 -0.029436 0.998870 -0.037314 -1.897357 -0.237280 0.029280 0.971000 101.462502
0.969499 0.040160 0.241782 60.742649 -0.033114 0.998902 -0.033136 -1.924067 -0.242847 0.024119 0.969765 102.060402
0.968441 0.037036 0.246477 60.908772 -0.030935 0.999113 -0.028583 -1.948178 -0.247317 0.020056 0.968727 102.679008
0.967667 0.032564 0.250121 61.082985 -0.027709 0.999353 -0.022909 -1.972263 -0.250705 0.015238 0.967943 103.299065
0.966949 0.029675 0.253235 61.266182 -0.025918 0.999499 -0.018160 -1.994633 -0.253647 0.010997 0.967234 103.928154
0.966295 0.025245 0.256196 61.448219 -0.021505 0.999617 -0.017391 -2.013627 -0.256537 0.011295 0.966468 104.574356
0.966351 0.021800 0.256303 61.638126 -0.017102 0.999643 -0.020548 -2.034258 -0.256659 0.015473 0.966378 105.224937
0.966464 0.021070 0.255937 61.821495 -0.014516 0.999517 -0.027473 -2.057263 -0.256392 0.022837 0.966303 105.889282
0.966649 0.023365 0.255035 62.010811 -0.015163 0.999304 -0.034078 -2.078009 -0.255654 0.029074 0.966331 106.573685
0.967338 0.026170 0.252137 62.201786 -0.017075 0.999124 -0.038193 -2.095553 -0.252916 0.032641 0.966938 107.267311
0.968049 0.024018 0.249610 62.399590 -0.016021 0.999293 -0.034018 -2.119545 -0.250250 0.028932 0.967749 107.979149
0.968561 0.019892 0.247979 62.607269 -0.013739 0.999554 -0.026520 -2.142118 -0.248396 0.022279 0.968402 108.720161
0.969257 0.019693 0.245260 62.810547 -0.015104 0.999674 -0.020577 -2.174398 -0.245585 0.016240 0.969239 109.462540
0.969659 0.022816 0.243395 63.001595 -0.018173 0.999608 -0.021305 -2.198840 -0.243786 0.016235 0.969693 110.220139
0.970047 0.029138 0.241162 63.190914 -0.023548 0.999384 -0.026027 -2.217393 -0.241771 0.019569 0.970136 110.980202
0.971067 0.030068 0.236907 63.392273 -0.023230 0.999231 -0.031602 -2.237866 -0.237674 0.025185 0.971018 111.736038
0.972119 0.028964 0.232692 63.591805 -0.021472 0.999168 -0.034666 -2.261915 -0.233503 0.028703 0.971932 112.504517
0.973111 0.026369 0.228824 63.784897 -0.019271 0.999263 -0.033198 -2.290686 -0.229530 0.027895 0.972902 113.278992
0.973977 0.022656 0.225513 63.971649 -0.016005 0.999383 -0.031276 -2.320239 -0.226083 0.026853 0.973738 114.060860
0.974408 0.021000 0.223805 64.157265 -0.014970 0.999479 -0.028603 -2.347530 -0.224289 0.024521 0.974214 114.849091
0.974739 0.017543 0.222659 64.349747 -0.011901 0.999574 -0.026658 -2.367156 -0.223032 0.023335 0.974532 115.663940
0.974918 0.012463 0.222213 64.544807 -0.006963 0.999650 -0.025518 -2.394583 -0.222454 0.023331 0.974664 116.486198
0.975084 0.013154 0.221445 64.735207 -0.008065 0.999683 -0.023867 -2.422288 -0.221689 0.021486 0.974881 117.303169
0.974836 0.019344 0.222081 64.916626 -0.014001 0.999574 -0.025607 -2.455648 -0.222481 0.021854 0.974692 118.129883
0.974565 0.024720 0.222736 65.093384 -0.018667 0.999398 -0.029239 -2.478515 -0.223324 0.024338 0.974440 118.983360
0.974113 0.033417 0.223579 65.272415 -0.027168 0.999151 -0.030970 -2.504207 -0.224424 0.024094 0.974194 119.800003
0.973164 0.039886 0.226630 65.455498 -0.033959 0.998973 -0.029993 -2.545402 -0.227594 0.021492 0.973519 120.656357
0.972342 0.042256 0.229707 65.646126 -0.036807 0.998931 -0.027953 -2.579301 -0.230642 0.018725 0.972858 121.509102
0.971691 0.042698 0.232363 65.849144 -0.036996 0.998899 -0.028845 -2.611926 -0.233339 0.019432 0.972201 122.370209
0.971173 0.041150 0.234798 66.041779 -0.034624 0.998893 -0.031852 -2.638703 -0.235849 0.022804 0.971522 123.235275
0.971186 0.034529 0.235810 66.256950 -0.028110 0.999138 -0.030532 -2.671600 -0.236661 0.023023 0.971319 124.080002
0.971150 0.028345 0.236777 66.462341 -0.021331 0.999256 -0.032132 -2.707932 -0.237512 0.026154 0.971033 124.957237
0.970773 0.027844 0.238380 66.660751 -0.020799 0.999271 -0.032018 -2.746892 -0.239098 0.026124 0.970644 125.796379
0.970221 0.030447 0.240298 66.861771 -0.024112 0.999281 -0.029258 -2.778981 -0.241016 0.022593 0.970258 126.652306
0.969754 0.032589 0.241900 67.059189 -0.027663 0.999335 -0.023736 -2.807816 -0.242512 0.016327 0.970011 127.529259
0.969275 0.035971 0.243335 67.255463 -0.032183 0.999291 -0.019529 -2.841890 -0.243865 0.011098 0.969746 128.395096
0.968883 0.035495 0.244960 67.453514 -0.030050 0.999212 -0.025933 -2.878293 -0.245687 0.017765 0.969186 129.226196
0.968972 0.031542 0.245149 67.654831 -0.022255 0.998929 -0.040561 -2.911011 -0.246165 0.033847 0.968637 130.032639
0.969169 0.029681 0.244604 67.865501 -0.018042 0.998602 -0.049685 -2.947083 -0.245736 0.043740 0.968349 130.857712
0.969410 0.026603 0.244000 68.081421 -0.017197 0.999027 -0.040600 -2.986020 -0.244843 0.035162 0.968925 131.709030
0.969837 0.019565 0.242966 68.303429 -0.015147 0.999684 -0.020040 -3.022383 -0.243282 0.015755 0.969828 132.565704
0.970133 0.015560 0.242074 68.516861 -0.014835 0.999878 -0.004814 -3.062530 -0.242119 0.001079 0.970246 133.409256
0.970198 0.020310 0.241461 68.712502 -0.018321 0.999777 -0.010480 -3.090070 -0.241620 0.005744 0.970354 134.232590
0.970267 0.029623 0.240219 68.892029 -0.023957 0.999362 -0.026473 -3.118289 -0.240850 0.019931 0.970358 135.058258
0.970640 0.029459 0.238724 69.094429 -0.021878 0.999170 -0.034346 -3.145623 -0.239538 0.028115 0.970480 135.852264
0.971301 0.024851 0.236553 69.308228 -0.017112 0.999251 -0.034715 -3.190952 -0.237239 0.029671 0.970998 136.666779
0.972056 0.024673 0.233448 69.521156 -0.017459 0.999306 -0.032914 -3.242092 -0.234098 0.027919 0.971812 137.491898
0.973087 0.024059 0.229180 69.732666 -0.016700 0.999282 -0.033994 -3.283478 -0.229834 0.029252 0.972790 138.316879
0.974201 0.025006 0.224293 69.926750 -0.017386 0.999205 -0.035884 -3.320525 -0.225012 0.031059 0.973861 139.127670
0.974815 0.030349 0.220942 70.108536 -0.022987 0.999094 -0.035816 -3.361693 -0.221829 0.029835 0.974629 139.942490
0.975100 0.035875 0.218845 70.281998 -0.028670 0.998940 -0.036012 -3.400792 -0.219905 0.028841 0.975095 140.756119
0.975569 0.036930 0.216567 70.467346 -0.030276 0.998964 -0.033963 -3.443841 -0.217597 0.026576 0.975677 141.568970
0.975942 0.034746 0.215245 70.655624 -0.029124 0.999148 -0.029236 -3.482449 -0.216078 0.022264 0.976122 142.388992
0.976335 0.033261 0.213692 70.826271 -0.027582 0.999184 -0.029503 -3.512836 -0.214499 0.022911 0.976455 143.195862
0.976930 0.031603 0.211209 70.991737 -0.025348 0.999158 -0.032261 -3.552450 -0.212050 0.026163 0.976908 143.995102
0.978158 0.026868 0.206120 71.175217 -0.019823 0.999149 -0.036168 -3.588163 -0.206916 0.031292 0.977858 144.785675
0.979580 0.024144 0.199602 71.339928 -0.017021 0.999158 -0.037328 -3.621731 -0.200335 0.033168 0.979166 145.577011
0.980960 0.022185 0.192937 71.500839 -0.016277 0.999350 -0.032153 -3.654818 -0.193525 0.028400 0.980684 146.367310
0.982152 0.019731 0.187053 71.648422 -0.015568 0.999598 -0.023700 -3.690862 -0.187446 0.020365 0.982064 147.171692
0.982943 0.016360 0.183182 71.800560 -0.013998 0.999801 -0.014181 -3.722650 -0.183377 0.011375 0.982977 147.977966
0.983479 0.023150 0.179538 71.926147 -0.021365 0.999701 -0.011868 -3.742605 -0.179759 0.007836 0.983679 148.780869
0.984239 0.026121 0.174905 72.058060 -0.023596 0.999585 -0.016504 -3.767501 -0.175264 0.012116 0.984447 149.574951
0.985496 0.026709 0.167587 72.189751 -0.022546 0.999389 -0.026696 -3.793021 -0.168197 0.022530 0.985496 150.362442
0.986608 0.023734 0.161375 72.315361 -0.018776 0.999306 -0.032177 -3.816085 -0.162027 0.028716 0.986368 151.161179
0.987641 0.022896 0.155049 72.433128 -0.018236 0.999340 -0.031406 -3.840517 -0.155666 0.028191 0.987407 151.984131
0.988569 0.029570 0.147838 72.531891 -0.025667 0.999272 -0.028241 -3.871225 -0.148565 0.024124 0.988608 152.813889
0.989541 0.035145 0.139907 72.628227 -0.031271 0.999067 -0.029799 -3.903853 -0.140824 0.025112 0.989716 153.644333
0.990787 0.038057 0.129974 72.725090 -0.033680 0.998795 -0.035706 -3.933939 -0.131176 0.030999 0.990874 154.473221
0.991887 0.036777 0.121689 72.822296 -0.032342 0.998746 -0.038218 -3.965904 -0.122942 0.033973 0.991832 155.320465
0.992809 0.036574 0.113984 72.908272 -0.032728 0.998836 -0.035434 -4.001139 -0.115147 0.031448 0.992851 156.177383
0.993530 0.039290 0.106557 72.983231 -0.036462 0.998932 -0.028365 -4.036537 -0.107558 0.024297 0.993902 157.027451
0.994193 0.043041 0.098625 73.052620 -0.040981 0.998899 -0.022822 -4.064814 -0.099498 0.018648 0.994863 157.896347
0.994938 0.042066 0.091258 73.123619 -0.040455 0.998993 -0.019428 -4.094270 -0.091984 0.015637 0.995638 158.752701
0.995501 0.041917 0.084979 73.197655 -0.040569 0.999023 -0.017530 -4.111641 -0.085631 0.014004 0.996229 159.608139
0.995908 0.040997 0.080535 73.270432 -0.039568 0.999031 -0.019256 -4.138099 -0.081246 0.015991 0.996566 160.448257
0.996059 0.045783 0.075958 73.327080 -0.044009 0.998721 -0.024877 -4.162574 -0.077000 0.021437 0.996801 161.278870
0.996009 0.052032 0.072512 73.371368 -0.049835 0.998251 -0.031796 -4.189657 -0.074039 0.028055 0.996861 162.118118
0.996145 0.053517 0.069504 73.424248 -0.051257 0.998110 -0.033903 -4.220815 -0.071187 0.030210 0.997005 162.959488
0.996258 0.055130 0.066569 73.475784 -0.053362 0.998181 -0.028049 -4.249318 -0.067995 0.024391 0.997387 163.810669
0.996263 0.056958 0.064925 73.521996 -0.055897 0.998273 -0.018046 -4.271585 -0.065840 0.014349 0.997727 164.655319
0.996393 0.057959 0.061976 73.568832 -0.057406 0.998294 -0.010665 -4.300933 -0.062489 0.007069 0.998021 165.512695
0.996874 0.054818 0.056895 73.622551 -0.054100 0.998436 -0.014093 -4.325555 -0.057578 0.010971 0.998281 166.350204
0.997756 0.042863 0.051434 73.672279 -0.041675 0.998844 -0.023954 -4.352047 -0.052401 0.021756 0.998389 167.171295
0.998148 0.041206 0.044760 73.698463 -0.039931 0.998781 -0.029015 -4.368990 -0.045901 0.027174 0.998576 168.026855
0.998273 0.044518 0.038333 73.713959 -0.043476 0.998673 -0.027592 -4.399017 -0.039510 0.025878 0.998884 168.861359
0.998634 0.042152 0.030876 73.733635 -0.041503 0.998910 -0.021360 -4.427227 -0.031743 0.020050 0.999295 169.717590
0.999059 0.036139 0.023969 73.739876 -0.035714 0.999201 -0.017919 -4.452707 -0.024597 0.017046 0.999552 170.604233
0.999467 0.026806 0.018622 73.751930 -0.026547 0.999550 -0.013984 -4.469868 -0.018988 0.013482 0.999729 171.473419
0.999665 0.022239 0.013247 73.739746 -0.022050 0.999655 -0.014273 -4.488353 -0.013560 0.013977 0.999810 172.355789
0.999785 0.019408 0.007327 73.735336 -0.019250 0.999594 -0.021019 -4.518467 -0.007732 0.020873 0.999752 173.202408
0.999946 0.010400 0.000309 73.727821 -0.010386 0.999462 -0.031101 -4.545877 -0.000632 0.031096 0.999516 174.051819
0.999982 0.000638 -0.006026 73.736153 -0.000850 0.999378 -0.035257 -4.573478 0.006000 0.035262 0.999360 174.897339
0.999916 0.003439 -0.012465 73.723473 -0.003786 0.999604 -0.027884 -4.602623 0.012364 0.027929 0.999533 175.757263
0.999755 0.014145 -0.017042 73.684837 -0.014398 0.999787 -0.014803 -4.631083 0.016829 0.015045 0.999745 176.636459
0.999603 0.018438 -0.021310 73.650856 -0.018588 0.999804 -0.006870 -4.663318 0.021180 0.007264 0.999749 177.503235
0.999525 0.018671 -0.024520 73.619789 -0.018918 0.999772 -0.009889 -4.686275 0.024329 0.010348 0.999650 178.353363
0.999462 0.019663 -0.026246 73.584351 -0.020216 0.999576 -0.020976 -4.698137 0.025822 0.021496 0.999435 179.208511
0.999099 0.030740 -0.029253 73.544022 -0.031615 0.999052 -0.029924 -4.724688 0.028305 0.030822 0.999124 180.051788
0.999092 0.028713 -0.031486 73.516167 -0.029770 0.998991 -0.033623 -4.753524 0.030489 0.034529 0.998939 180.907120
0.999171 0.023151 -0.033498 73.487900 -0.024113 0.999300 -0.028600 -4.790190 0.032813 0.029384 0.999029 181.776031
0.999190 0.022592 -0.033292 73.461861 -0.023272 0.999525 -0.020184 -4.811881 0.032820 0.020943 0.999242 182.643494
0.999169 0.024238 -0.032785 73.423210 -0.024732 0.999586 -0.014736 -4.836986 0.032414 0.015534 0.999354 183.511154
0.999107 0.024516 -0.034421 73.390953 -0.025058 0.999567 -0.015397 -4.868306 0.034029 0.016246 0.999289 184.378616
0.999107 0.020836 -0.036761 73.368958 -0.021748 0.999461 -0.024594 -4.894644 0.036228 0.025371 0.999021 185.219406
0.999204 0.010093 -0.038597 73.341637 -0.011486 0.999285 -0.036036 -4.928437 0.038205 0.036450 0.998605 186.078400
0.999193 -0.000215 -0.040154 73.312836 -0.001408 0.999182 -0.040406 -4.960427 0.040130 0.040430 0.998376 186.944931
0.999153 0.002139 -0.041095 73.275238 -0.003608 0.999356 -0.035691 -4.998678 0.040993 0.035809 0.998518 187.811493
0.999106 0.007800 -0.041548 73.216766 -0.008832 0.999655 -0.024728 -5.040048 0.041341 0.025073 0.998830 188.693176
0.999039 0.009088 -0.042883 73.172188 -0.009992 0.999731 -0.020931 -5.081725 0.042681 0.021339 0.998861 189.561172
0.999017 0.007809 -0.043630 73.136650 -0.008893 0.999655 -0.024704 -5.113460 0.043422 0.025068 0.998742 190.412811
0.999027 0.008949 -0.043191 73.092720 -0.010285 0.999472 -0.030832 -5.145818 0.042892 0.031246 0.998591 191.266434
0.998927 0.015701 -0.043564 73.042076 -0.017066 0.999369 -0.031137 -5.179577 0.043047 0.031847 0.998565 192.122452
0.998891 0.018392 -0.043330 72.985123 -0.019629 0.999407 -0.028287 -5.211278 0.042784 0.029106 0.998660 192.986099
0.998758 0.022992 -0.044211 72.940407 -0.024118 0.999394 -0.025094 -5.245874 0.043608 0.026129 0.998707 193.845352
0.998685 0.026093 -0.044133 72.895630 -0.027097 0.999384 -0.022289 -5.275189 0.043524 0.023456 0.998777 194.708923
0.998566 0.029449 -0.044712 72.855217 -0.030500 0.999270 -0.023008 -5.300981 0.044002 0.024339 0.998735 195.565002
0.998626 0.026245 -0.045366 72.823608 -0.027469 0.999270 -0.026565 -5.335445 0.044635 0.027775 0.998617 196.411758
0.998502 0.028911 -0.046454 72.779594 -0.030425 0.999017 -0.032228 -5.358284 0.045476 0.033593 0.998400 197.243256
0.998421 0.029597 -0.047750 72.736099 -0.031150 0.998999 -0.032110 -5.383443 0.046752 0.033546 0.998343 198.067505
0.998339 0.029484 -0.049496 72.690872 -0.030630 0.999276 -0.022550 -5.404492 0.048796 0.024029 0.998520 198.892746
0.998316 0.027810 -0.050908 72.646164 -0.028536 0.999500 -0.013583 -5.435272 0.050505 0.015013 0.998611 199.710800
0.998449 0.021582 -0.051320 72.604935 -0.022211 0.999685 -0.011707 -5.463767 0.051051 0.012829 0.998614 200.503342
