1.000000 0.000000 0.000000 0.000000 0.000000 1.000000 0.000000 0.000000 0.000000 0.000000 1.000000 0.000000
1.000000 0.000000 0.000000 0.000000 0.000000 1.000000 0.000000 0.000000 0.000000 0.000000 1.000000 0.000000
1.000000 0.000000 0.000000 0.000000 0.000000 1.000000 0.000000 0.000000 0.000000 0.000000 1.000000 0.000000
1.000000 0.000000 0.000000 0.000000 0.000000 1.000000 0.000000 0.000000 0.000000 0.000000 1.000000 0.000000
0.999921 -0.000159 -0.012551 0.015431 0.000114 0.999994 -0.003572 -0.021485 0.012551 0.003570 0.999915 1.954867
0.999742 0.001398 -0.022654 -0.002164 -0.001505 0.999988 -0.004686 -0.042934 0.022647 0.004719 0.999732 3.440940
0.999613 0.002236 -0.027719 -0.023182 -0.002387 0.999983 -0.005409 -0.058193 0.027707 0.005473 0.999601 4.201766
0.999461 0.004809 -0.032475 -0.057012 -0.004997 0.999971 -0.005694 -0.070263 0.032447 0.005853 0.999456 4.987645
0.999294 0.006470 -0.037011 -0.090586 -0.006651 0.999967 -0.004772 -0.081650 0.036979 0.005014 0.999303 5.796701
0.999294 0.006470 -0.037011 -0.090586 -0.006651 0.999967 -0.004772 -0.081650 0.036979 0.005014 0.999303 5.796701
0.998957 0.007168 -0.045105 -0.167571 -0.007223 0.999973 -0.001060 -0.136344 0.045097 0.001384 0.998982 7.406166
0.998816 0.008120 -0.047959 -0.213034 -0.008182 0.999966 -0.001102 -0.149220 0.047948 0.001493 0.998849 8.223794
0.998728 0.008214 -0.049745 -0.262094 -0.008316 0.999964 -0.001858 -0.160449 0.049728 0.002269 0.998760 9.050619
0.998681 0.007138 -0.050850 -0.298790 -0.007257 0.999971 -0.002171 -0.179194 0.050833 0.002537 0.998704 9.886287
0.998681 0.007138 -0.050850 -0.298790 -0.007257 0.999971 -0.002171 -0.179194 0.050833 0.002537 0.998704 9.886287
0.998460 0.004478 -0.055304 -0.384269 -0.004516 0.999990 -0.000552 -0.207500 0.055301 0.000801 0.998469 11.581960
0.998299 0.005348 -0.058056 -0.440761 -0.005476 0.999983 -0.002043 -0.224165 0.058044 0.002357 0.998311 12.459114
0.998149 0.006549 -0.060463 -0.501191 -0.006810 0.999968 -0.004105 -0.241959 0.060434 0.004509 0.998162 13.352451
0.998066 0.009512 -0.061424 -0.570658 -0.009864 0.999937 -0.005434 -0.260549 0.061368 0.006029 0.998097 14.232202
0.998066 0.009512 -0.061424 -0.570658 -0.009864 0.999937 -0.005434 -0.260549 0.061368 0.006029 0.998097 14.232202
0.997959 0.011331 -0.062845 -0.688292 -0.011655 0.999921 -0.004798 -0.285499 0.062786 0.005520 0.998012 15.996151
0.997810 0.011850 -0.065078 -0.747108 -0.012103 0.999921 -0.003481 -0.309006 0.065032 0.004261 0.997874 16.922136
0.997692 0.012254 -0.066790 -0.808656 -0.012486 0.999917 -0.003053 -0.332923 0.066747 0.003880 0.997762 17.848240
0.997553 0.012447 -0.068795 -0.873204 -0.012778 0.999909 -0.004365 -0.348009 0.068735 0.005233 0.997621 18.753206
0.997710 0.009601 -0.066953 -0.927135 -0.009873 0.999944 -0.003732 -0.353105 0.066914 0.004384 0.997749 19.606426
0.997710 0.009601 -0.066953 -0.927135 -0.009873 0.999944 -0.003732 -0.353105 0.066914 0.004384 0.997749 19.606426
0.997710 0.009601 -0.066953 -0.927135 -0.009873 0.999944 -0.003732 -0.353105 0.066914 0.004384 0.997749 19.606426
0.997710 0.009601 -0.066953 -0.927135 -0.009873 0.999944 -0.003732 -0.353105 0.066914 0.004384 0.997749 19.606426
0.997710 0.009601 -0.066953 -0.927135 -0.009873 0.999944 -0.003732 -0.353105 0.066914 0.004384 0.997749 19.606426
0.997836 0.010667 -0.064880 -1.188716 -0.010357 0.999933 0.005113 -0.428517 0.064930 -0.004430 0.997880 23.368484
0.998006 0.008836 -0.062496 -1.311882 -0.008450 0.999944 0.006433 -0.431614 0.062549 -0.005892 0.998024 25.243792
0.998098 0.008665 -0.061038 -1.379961 -0.008574 0.999962 0.001754 -0.442856 0.061050 -0.001228 0.998134 26.187065
0.998207 0.008338 -0.059276 -1.441684 -0.008437 0.999963 -0.001420 -0.455762 0.059262 0.001918 0.998241 27.140427
0.998260 0.007399 -0.058505 -1.496936 -0.007471 0.999972 -0.001014 -0.475519 0.058496 0.001449 0.998287 28.113928
0.998260 0.007399 -0.058505 -1.496936 -0.007471 0.999972 -0.001014 -0.475519 0.058496 0.001449 0.998287 28.113928
0.998172 0.009403 -0.059704 -1.620160 -0.008965 0.999931 0.007594 -0.503753 0.059771 -0.007045 0.998187 30.081106
0.998158 0.002896 -0.060602 -1.653402 -0.002495 0.999975 0.006686 -0.519362 0.060619 -0.006523 0.998140 31.065357
0.998061 -0.000184 -0.062241 -1.702398 0.000397 0.999994 0.003409 -0.533540 0.062240 -0.003427 0.998055 32.044979
0.997938 0.000219 -0.064191 -1.766794 -0.000222 1.000000 -0.000047 -0.545050 0.064191 0.000061 0.997938 33.028320
0.997938 0.000219 -0.064191 -1.766794 -0.000222 1.000000 -0.000047 -0.545050 0.064191 0.000061 0.997938 33.028320
0.997775 -0.001304 -0.066651 -1.910651 0.001381 0.999998 0.001116 -0.567458 0.066650 -0.001205 0.997776 35.002300
0.997657 0.000277 -0.068413 -1.987794 -0.000073 0.999996 0.002990 -0.577174 0.068413 -0.002978 0.997653 36.033600
0.997590 0.000956 -0.069385 -2.065780 -0.000680 0.999992 0.003993 -0.593080 0.069388 -0.003937 0.997582 37.039734
0.997516 0.000610 -0.070433 -2.136762 -0.000204 0.999983 0.005771 -0.601177 0.070435 -0.005742 0.997500 38.052799
0.997516 0.000610 -0.070433 -2.136762 -0.000204 0.999983 0.005771 -0.601177 0.070435 -0.005742 0.997500 38.052799
0.997471 0.008298 -0.070590 -2.301067 -0.007417 0.999891 0.012735 -0.629232 0.070688 -0.012179 0.997424 40.023926
0.997475 0.009031 -0.070438 -2.377403 -0.008208 0.999895 0.011963 -0.632620 0.070539 -0.011354 0.997444 41.018391
0.997513 0.009077 -0.069892 -2.446708 -0.008362 0.999910 0.010517 -0.648134 0.069981 -0.009906 0.997499 42.006004
0.997549 0.011457 -0.069026 -2.531296 -0.010906 0.999906 0.008348 -0.661450 0.069115 -0.007575 0.997580 42.984955
0.997374 0.012962 -0.071261 -2.603411 -0.012269 0.999873 0.010158 -0.661713 0.071383 -0.009257 0.997406 43.961479
0.997374 0.012962 -0.071261 -2.603411 -0.012269 0.999873 0.010158 -0.661713 0.071383 -0.009257 0.997406 43.961479
0.997374 0.012962 -0.071261 -2.603411 -0.012269 0.999873 0.010158 -0.661713 0.071383 -0.009257 0.997406 43.961479
0.997374 0.012962 -0.071261 -2.603411 -0.012269 0.999873 0.010158 -0.661713 0.071383 -0.009257 0.997406 43.961479
0.997374 0.012962 -0.071261 -2.603411 -0.012269 0.999873 0.010158 -0.661713 0.071383 -0.009257 0.997406 43.961479
0.997070 0.017522 -0.074463 -2.917045 -0.017209 0.999840 0.004847 -0.714343 0.074536 -0.003551 0.997212 47.923168
0.997032 0.015858 -0.075337 -3.073923 -0.015419 0.999861 0.006410 -0.728853 0.075428 -0.005229 0.997138 49.834282
0.997003 0.013593 -0.076162 -3.145759 -0.012944 0.999876 0.009019 -0.748386 0.076275 -0.008006 0.997055 50.830593
0.996966 0.012667 -0.076806 -3.221974 -0.011995 0.999886 0.009205 -0.755543 0.076914 -0.008256 0.997004 51.806854
0.996957 0.009217 -0.077408 -3.290501 -0.008636 0.999932 0.007825 -0.764751 0.077475 -0.007133 0.996969 52.771927
0.996957 0.009217 -0.077408 -3.290501 -0.008636 0.999932 0.007825 -0.764751 0.077475 -0.007133 0.996969 52.771927
0.997040 0.004611 -0.076745 -3.404085 -0.003812 0.999937 0.010563 -0.784006 0.076789 -0.010239 0.996995 54.639439
0.996989 0.003406 -0.077470 -3.471872 -0.002352 0.999904 0.013691 -0.784677 0.077509 -0.013467 0.996901 55.588112
0.996906 0.001217 -0.078593 -3.539921 0.000195 0.999839 0.017959 -0.796026 0.078602 -0.017919 0.996745 56.559284
0.996846 0.001970 -0.079329 -3.623414 -0.000419 0.999808 0.019568 -0.793277 0.079353 -0.019473 0.996656 57.520535
0.996846 0.001970 -0.079329 -3.623414 -0.000419 0.999808 0.019568 -0.793277 0.079353 -0.019473 0.996656 57.520535
0.996634 -0.000647 -0.081978 -3.776056 0.001651 0.999924 0.012190 -0.803455 0.081964 -0.012284 0.996560 59.389687
0.996557 0.001699 -0.082889 -3.865616 -0.001060 0.999969 0.007749 -0.814374 0.082899 -0.007634 0.996529 60.313007
0.996452 0.005871 -0.083953 -3.961888 -0.005235 0.999956 0.007795 -0.816663 0.083995 -0.007328 0.996439 61.241585
0.996319 0.008203 -0.085335 -4.046300 -0.007407 0.999926 0.009648 -0.828406 0.085408 -0.008980 0.996306 62.157501
0.996319 0.008203 -0.085335 -4.046300 -0.007407 0.999926 0.009648 -0.828406 0.085408 -0.008980 0.996306 62.157501
0.996119 0.014863 -0.086757 -4.223734 -0.013910 0.999836 0.011580 -0.866079 0.086915 -0.010328 0.996162 63.857746
0.995934 0.016148 -0.088631 -4.300574 -0.015118 0.999810 0.012275 -0.873915 0.088813 -0.010885 0.995989 64.722397
0.995785 0.016754 -0.090173 -4.382388 -0.015675 0.999797 0.012652 -0.882428 0.090367 -0.011185 0.995846 65.572372
0.995612 0.017336 -0.091953 -4.458079 -0.016225 0.999786 0.012819 -0.892119 0.092156 -0.011271 0.995681 66.413811
0.995559 0.018409 -0.092326 -4.543532 -0.017155 0.999750 0.014358 -0.906195 0.092567 -0.012710 0.995625 67.196884
0.995559 0.018409 -0.092326 -4.543532 -0.017155 0.999750 0.014358 -0.906195 0.092567 -0.012710 0.995625 67.196884
0.995559 0.018409 -0.092326 -4.543532 -0.017155 0.999750 0.014358 -0.906195 0.092567 -0.012710 0.995625 67.196884
0.995559 0.018409 -0.092326 -4.543532 -0.017155 0.999750 0.014358 -0.906195 0.092567 -0.012710 0.995625 67.196884
0.995559 0.018409 -0.092326 -4.543532 -0.017155 0.999750 0.014358 -0.906195 0.092567 -0.012710 0.995625 67.196884
0.994669 0.024044 -0.100280 -4.893408 -0.022448 0.999603 0.017018 -0.929103 0.100649 -0.014676 0.994814 70.365440
0.994678 0.022564 -0.100527 -5.018318 -0.021914 0.999731 0.007567 -0.935766 0.100671 -0.005323 0.994906 71.754997
0.994597 0.023985 -0.101001 -5.094793 -0.023526 0.999707 0.005728 -0.940204 0.101109 -0.003321 0.994870 72.453598
0.994465 0.026520 -0.101663 -5.175963 -0.025824 0.999633 0.008152 -0.951280 0.101842 -0.005482 0.994786 73.153236
0.994327 0.026390 -0.103045 -5.246368 -0.025525 0.999627 0.009703 -0.961386 0.103262 -0.007018 0.994629 73.825188
0.994327 0.026390 -0.103045 -5.246368 -0.025525 0.999627 0.009703 -0.961386 0.103262 -0.007018 0.994629 73.825188
0.994434 0.017728 -0.103858 -5.360149 -0.017467 0.999842 0.003414 -0.983403 0.103902 -0.001581 0.994586 75.037300
0.994549 0.014013 -0.103328 -5.412801 -0.014197 0.999899 -0.001044 -0.998970 0.103303 0.002506 0.994647 75.646706
0.994799 0.015934 -0.100599 -5.483427 -0.016177 0.999868 -0.001607 -1.012820 0.100560 0.003227 0.994926 76.248711
0.995098 0.019666 -0.096919 -5.558316 -0.019724 0.999805 0.000361 -1.019364 0.096907 0.001552 0.995292 76.844330
0.995098 0.019666 -0.096919 -5.558316 -0.019724 0.999805 0.000361 -1.019364 0.096907 0.001552 0.995292 76.844330
0.996163 0.019457 -0.085330 -5.645967 -0.018888 0.999794 0.007471 -1.034098 0.085458 -0.005830 0.996325 77.877266
0.996859 0.016279 -0.077506 -5.683403 -0.015501 0.999823 0.010633 -1.050425 0.077665 -0.009398 0.996935 78.424591
0.997576 0.018142 -0.067184 -5.731570 -0.017466 0.999791 0.010636 -1.065492 0.067363 -0.009437 0.997684 78.939835
0.998315 0.022649 -0.053430 -5.790224 -0.022121 0.999701 0.010458 -1.073745 0.053651 -0.009258 0.998517 79.443069
0.998315 0.022649 -0.053430 -5.790224 -0.022121 0.999701 0.010458 -1.073745 0.053651 -0.009258 0.998517 79.443069
0.999598 0.024972 -0.013393 -5.809903 -0.024804 0.999614 0.012550 -1.074547 0.013701 -0.012213 0.999832 80.366455
0.999695 0.021931 0.011390 -5.800993 -0.022079 0.999672 0.012990 -1.078868 -0.011102 -0.013238 0.999851 80.831673
0.999004 0.020260 0.039766 -5.791633 -0.020841 0.999681 0.014257 -1.086422 -0.039464 -0.015071 0.999107 81.294907
0.997239 0.019124 0.071759 -5.763497 -0.020276 0.999677 0.015351 -1.088617 -0.071442 -0.016764 0.997304 81.753029
0.993580 0.017998 0.111690 -5.652294 -0.020262 0.999611 0.019172 -1.102302 -0.111302 -0.021312 0.993558 82.144279
0.993580 0.017998 0.111690 -5.652294 -0.020262 0.999611 0.019172 -1.102302 -0.111302 -0.021312 0.993558 82.144279
0.993580 0.017998 0.111690 -5.652294 -0.020262 0.999611 0.019172 -1.102302 -0.111302 -0.021312 0.993558 82.144279
0.993580 0.017998 0.111690 -5.652294 -0.020262 0.999611 0.019172 -1.102302 -0.111302 -0.021312 0.993558 82.144279
0.993580 0.017998 0.111690 -5.652294 -0.020262 0.999611 0.019172 -1.102302 -0.111302 -0.021312 0.993558 82.144279
0.955064 0.017455 0.295884 -5.298652 -0.023015 0.999618 0.015319 -1.113121 -0.295503 -0.021441 0.955101 83.800674
0.912574 0.017099 0.408555 -4.979294 -0.024016 0.999642 0.011807 -1.111746 -0.408207 -0.020587 0.912657 84.476730
0.884976 0.016236 0.465354 -4.800900 -0.023625 0.999670 0.010052 -1.106077 -0.465038 -0.019890 0.885067 84.816895
0.853021 0.013776 0.521694 -4.592989 -0.021616 0.999726 0.008946 -1.112915 -0.521428 -0.018908 0.853086 85.136108
0.817687 0.012709 0.575523 -4.366229 -0.021205 0.999743 0.008051 -1.118913 -0.575272 -0.018787 0.817746 85.434402
0.817687 0.012709 0.575523 -4.366229 -0.021205 0.999743 0.008051 -1.118913 -0.575272 -0.018787 0.817746 85.434402
0.736385 0.010046 0.676488 -3.883222 -0.022052 0.999715 0.009159 -1.146087 -0.676203 -0.021662 0.736397 86.010292
0.693042 0.008756 0.720844 -3.611645 -0.022100 0.999714 0.009105 -1.144957 -0.720558 -0.022241 0.693038 86.272354
0.647955 0.007128 0.761645 -3.318820 -0.019737 0.999778 0.007434 -1.145730 -0.761422 -0.019849 0.647952 86.500725
0.602534 0.004021 0.798083 -3.004222 -0.015679 0.999854 0.006800 -1.156145 -0.797939 -0.016610 0.602509 86.711464
0.602534 0.004021 0.798083 -3.004222 -0.015679 0.999854 0.006800 -1.156145 -0.797939 -0.016610 0.602509 86.711464
0.508804 0.003985 0.860873 -2.361373 -0.018330 0.999813 0.006205 -1.178761 -0.860687 -0.018937 0.508782 87.116074
0.464069 0.005151 0.885784 -2.029744 -0.019032 0.999810 0.004157 -1.177517 -0.885594 -0.018787 0.464079 87.286469
0.422455 0.002974 0.906379 -1.680457 -0.014016 0.999896 0.003252 -1.165507 -0.906275 -0.014078 0.422453 87.420662
0.383612 -0.004647 0.923483 -1.303584 -0.001343 0.999983 0.005590 -1.171059 -0.923494 -0.003385 0.383599 87.521561
0.383612 -0.004647 0.923483 -1.303584 -0.001343 0.999983 0.005590 -1.171059 -0.923494 -0.003385 0.383599 87.521561
0.310380 -0.007808 0.950580 -0.591232 0.003004 0.999969 0.007233 -1.204235 -0.950608 0.000611 0.310394 87.801376
0.279888 -0.001690 0.960031 -0.232195 -0.005454 0.999979 0.003350 -1.214188 -0.960017 -0.006173 0.279873 87.943520
0.252029 0.003085 0.967715 0.145096 -0.010961 0.999940 -0.000333 -1.212413 -0.967658 -0.010523 0.252048 88.064507
0.226620 0.004524 0.973973 0.542462 -0.009865 0.999949 -0.002350 -1.215932 -0.973933 -0.009076 0.226652 88.150925
0.198890 0.006022 0.980003 0.899512 -0.004270 0.999977 -0.005278 -1.212064 -0.980013 -0.003135 0.198911 88.237839
0.198890 0.006022 0.980003 0.899512 -0.004270 0.999977 -0.005278 -1.212064 -0.980013 -0.003135 0.198911 88.237839
0.198890 0.006022 0.980003 0.899512 -0.004270 0.999977 -0.005278 -1.212064 -0.980013 -0.003135 0.198911 88.237839
0.198890 0.006022 0.980003 0.899512 -0.004270 0.999977 -0.005278 -1.212064 -0.980013 -0.003135 0.198911 88.237839
0.198890 0.006022 0.980003 0.899512 -0.004270 0.999977 -0.005278 -1.212064 -0.980013 -0.003135 0.198911 88.237839
0.126716 0.014021 0.991840 2.658089 -0.000973 0.999901 -0.014011 -1.247288 -0.991939 0.000811 0.126717 88.496216
0.097151 0.008617 0.995232 3.588082 0.000408 0.999962 -0.008697 -1.275503 -0.995270 0.001251 0.097144 88.608315
0.086278 0.007383 0.996244 4.102883 0.002902 0.999966 -0.007662 -1.286305 -0.996267 0.003552 0.086254 88.640030
0.076626 0.007591 0.997031 4.621477 0.005805 0.999951 -0.008059 -1.303035 -0.997043 0.006405 0.076578 88.671837
0.069280 0.007856 0.997566 5.161285 0.007295 0.999938 -0.008381 -1.319082 -0.997571 0.007858 0.069218 88.702103
0.069280 0.007856 0.997566 5.161285 0.007295 0.999938 -0.008381 -1.319082 -0.997571 0.007858 0.069218 88.702103
0.056186 0.009019 0.998380 6.234865 0.014987 0.999839 -0.009875 -1.334412 -0.998308 0.015518 0.056042 88.757614
0.050685 0.009643 0.998668 6.825805 0.015462 0.999826 -0.010439 -1.348628 -0.998595 0.015971 0.050527 88.790169
0.046779 0.009975 0.998855 7.447778 0.017276 0.999793 -0.010793 -1.361771 -0.998756 0.017761 0.046597 88.820251
0.044110 0.009756 0.998979 8.082299 0.018144 0.999780 -0.010565 -1.385161 -0.998862 0.018591 0.043923 88.847824
0.044110 0.009756 0.998979 8.082299 0.018144 0.999780 -0.010565 -1.385161 -0.998862 0.018591 0.043923 88.847824
0.038042 0.008148 0.999243 9.360209 0.018204 0.999795 -0.008845 -1.402136 -0.999110 0.018527 0.037886 88.885292
0.038182 0.007810 0.999240 10.049074 0.020486 0.999753 -0.008597 -1.419200 -0.999061 0.020798 0.038012 88.900528
0.039709 0.007492 0.999183 10.756429 0.022563 0.999710 -0.008393 -1.437036 -0.998957 0.022878 0.039528 88.916695
0.042569 0.007408 0.999066 11.468191 0.024061 0.999675 -0.008438 -1.457480 -0.998804 0.024398 0.042377 88.933029
0.042569 0.007408 0.999066 11.468191 0.024061 0.999675 -0.008438 -1.457480 -0.998804 0.024398 0.042377 88.933029
0.049022 0.006674 0.998775 12.872804 0.028789 0.999553 -0.008092 -1.464610 -0.998383 0.029151 0.048808 88.995399
0.053986 0.005671 0.998526 13.635324 0.027642 0.999592 -0.007171 -1.483215 -0.998159 0.027988 0.053807 89.030960
0.058455 0.004349 0.998281 14.420252 0.027119 0.999615 -0.005943 -1.504086 -0.997922 0.027420 0.058314 89.073524
0.063129 0.002671 0.998002 15.212397 0.025780 0.999658 -0.004306 -1.525664 -0.997672 0.026001 0.063039 89.123329
0.065474 0.000901 0.997854 16.020075 0.026497 0.999645 -0.002641 -1.513349 -0.997502 0.026613 0.065427 89.189270
0.065474 0.000901 0.997854 16.020075 0.026497 0.999645 -0.002641 -1.513349 -0.997502 0.026613 0.065427 89.189270
0.065474 0.000901 0.997854 16.020075 0.026497 0.999645 -0.002641 -1.513349 -0.997502 0.026613 0.065427 89.189270
0.065474 0.000901 0.997854 16.020075 0.026497 0.999645 -0.002641 -1.513349 -0.997502 0.026613 0.065427 89.189270
0.065474 0.000901 0.997854 16.020075 0.026497 0.999645 -0.002641 -1.513349 -0.997502 0.026613 0.065427 89.189270
0.076662 0.011258 0.996994 19.285854 0.022619 0.999659 -0.013028 -1.619400 -0.996801 0.023550 0.076382 89.440605
0.075644 0.011648 0.997067 20.905102 0.010547 0.999866 -0.012481 -1.645911 -0.997079 0.011460 0.075511 89.617569
0.076461 0.010678 0.997015 21.741085 0.011799 0.999863 -0.011613 -1.672612 -0.997003 0.012652 0.076324 89.686256
0.077473 0.010428 0.996940 22.573959 0.010454 0.999882 -0.011271 -1.704024 -0.996940 0.011295 0.077355 89.759644
0.078481 0.011060 0.996854 23.391209 0.009925 0.999880 -0.011875 -1.730028 -0.996866 0.010825 0.078361 89.827835
0.078481 0.011060 0.996854 23.391209 0.009925 0.999880 -0.011875 -1.730028 -0.996866 0.010825 0.078361 89.827835
0.074340 0.010718 0.997175 24.992250 0.002096 0.999938 -0.010904 -1.770366 -0.997231 0.002901 0.074313 89.969879
0.072689 0.010520 0.997299 25.810472 0.001819 0.999941 -0.010681 -1.790277 -0.997353 0.002591 0.072665 90.046768
0.069930 0.009666 0.997505 26.633453 0.001929 0.999950 -0.009825 -1.808992 -0.997550 0.002611 0.069908 90.115906
0.065484 0.007433 0.997826 27.447325 0.003005 0.999966 -0.007646 -1.825736 -0.997849 0.003499 0.065459 90.183441
0.065484 0.007433 0.997826 27.447325 0.003005 0.999966 -0.007646 -1.825736 -0.997849 0.003499 0.065459 90.183441
0.049934 0.005199 0.998739 29.084322 -0.010325 0.999936 -0.004689 -1.884460 -0.998699 -0.010078 0.049985 90.299210
0.042559 0.005737 0.999077 29.896410 -0.009113 0.999944 -0.005354 -1.899526 -0.999052 -0.008876 0.042609 90.343376
0.033950 0.006180 0.999404 30.699963 -0.007987 0.999951 -0.005912 -1.916684 -0.999392 -0.007782 0.033998 90.379593
0.025683 0.005751 0.999654 31.511782 -0.007555 0.999956 -0.005559 -1.933936 -0.999642 -0.007409 0.025726 90.416702
0.025683 0.005751 0.999654 31.511782 -0.007555 0.999956 -0.005559 -1.933936 -0.999642 -0.007409 0.025726 90.416702
-0.000788 0.002778 0.999996 33.086460 -0.009465 0.999951 -0.002785 -1.993270 -0.999955 -0.009467 -0.000762 90.405449
-0.010998 0.002971 0.999935 33.873783 -0.009482 0.999950 -0.003075 -2.011428 -0.999895 -0.009515 -0.010969 90.404846
-0.021244 0.003599 0.999768 34.656109 -0.010168 0.999941 -0.003816 -2.034702 -0.999723 -0.010247 -0.021206 90.399261
-0.031371 0.004808 0.999496 35.440559 -0.011019 0.999926 -0.005156 -2.060828 -0.999447 -0.011175 -0.031315 90.382965
-0.045170 0.004306 0.998970 36.208855 -0.006466 0.999969 -0.004603 -2.080657 -0.998958 -0.006667 -0.045141 90.321213
-0.045170 0.004306 0.998970 36.208855 -0.006466 0.999969 -0.004603 -2.080657 -0.998958 -0.006667 -0.045141 90.321213
-0.045170 0.004306 0.998970 36.208855 -0.006466 0.999969 -0.004603 -2.080657 -0.998958 -0.006667 -0.045141 90.321213
-0.045170 0.004306 0.998970 36.208855 -0.006466 0.999969 -0.004603 -2.080657 -0.998958 -0.006667 -0.045141 90.321213
-0.045170 0.004306 0.998970 36.208855 -0.006466 0.999969 -0.004603 -2.080657 -0.998958 -0.006667 -0.045141 90.321213
-0.078813 0.005825 0.996872 39.244015 -0.006240 0.999960 -0.006337 -2.165931 -0.996870 -0.006720 -0.078774 90.134972
-0.095120 0.001903 0.995464 40.671650 -0.001739 0.999996 -0.002078 -2.200518 -0.995464 -0.001929 -0.095116 89.993210
-0.098864 0.000787 0.995101 41.405060 0.000348 1.000000 -0.000756 -2.222090 -0.995101 0.000272 -0.098864 89.915237
-0.101484 -0.000139 0.994837 42.122528 0.002402 0.999997 0.000384 -2.239235 -0.994834 0.002428 -0.101484 89.836479
-0.103159 -0.000730 0.994665 42.824390 0.003083 0.999995 0.001054 -2.258832 -0.994660 0.003176 -0.103156 89.764099
-0.103159 -0.000730 0.994665 42.824390 0.003083 0.999995 0.001054 -2.258832 -0.994660 0.003176 -0.103156 89.764099
-0.103077 -0.001470 0.994672 44.142349 0.007415 0.999970 0.002246 -2.291333 -0.994646 0.007607 -0.103063 89.614044
-0.100909 -0.000046 0.994896 44.800140 0.008273 0.999965 0.000885 -2.306484 -0.994861 0.008320 -0.100905 89.547966
-0.096459 0.000640 0.995337 45.437607 0.009235 0.999957 0.000252 -2.322821 -0.995294 0.009217 -0.096461 89.483215
-0.089099 0.001296 0.996022 46.060032 0.008219 0.999966 -0.000566 -2.342876 -0.995989 0.008136 -0.089107 89.427902
-0.089099 0.001296 0.996022 46.060032 0.008219 0.999966 -0.000566 -2.342876 -0.995989 0.008136 -0.089107 89.427902
-0.063291 0.001814 0.997993 47.179703 0.005046 0.999986 -0.001498 -2.364401 -0.997982 0.004941 -0.063299 89.368835
-0.046659 0.003367 0.998905 47.743965 0.004998 0.999983 -0.003137 -2.379573 -0.998898 0.004846 -0.046675 89.343231
-0.026532 0.006200 0.999629 48.299625 0.004653 0.999971 -0.006079 -2.394984 -0.999637 0.004490 -0.026560 89.328735
-0.002635 0.009000 0.999956 48.845894 0.002877 0.999955 -0.008993 -2.410168 -0.999992 0.002853 -0.002661 89.327866
-0.002635 0.009000 0.999956 48.845894 0.002877 0.999955 -0.008993 -2.410168 -0.999992 0.002853 -0.002661 89.327866
0.059601 0.011994 0.998150 49.855076 -0.001429 0.999928 -0.011930 -2.439582 -0.998221 -0.000716 0.059614 89.419388
0.097114 0.010758 0.995215 50.402557 -0.002964 0.999940 -0.010520 -2.450938 -0.995269 -0.001928 0.097140 89.472366
0.139098 0.008246 0.990244 50.933781 -0.004541 0.999960 -0.007689 -2.465631 -0.990268 -0.003427 0.139130 89.555244
0.184848 0.005215 0.982753 51.462849 -0.005740 0.999975 -0.004227 -2.479375 -0.982750 -0.004860 0.184874 89.662682
0.232262 0.002035 0.972651 51.917713 -0.010727 0.999942 0.000470 -2.490816 -0.972594 -0.010543 0.232271 89.867310
0.232262 0.002035 0.972651 51.917713 -0.010727 0.999942 0.000470 -2.490816 -0.972594 -0.010543 0.232271 89.867310
0.232262 0.002035 0.972651 51.917713 -0.010727 0.999942 0.000470 -2.490816 -0.972594 -0.010543 0.232271 89.867310
0.232262 0.002035 0.972651 51.917713 -0.010727 0.999942 0.000470 -2.490816 -0.972594 -0.010543 0.232271 89.867310
0.232262 0.002035 0.972651 51.917713 -0.010727 0.999942 0.000470 -2.490816 -0.972594 -0.010543 0.232271 89.867310
0.456440 0.007344 0.889724 53.811897 -0.010722 0.999939 -0.002753 -2.537151 -0.889690 -0.008283 0.456491 90.624023
0.570582 0.015258 0.821099 54.564064 -0.011362 0.999878 -0.010685 -2.573324 -0.821162 -0.003233 0.570686 91.211571
0.626551 0.019310 0.779141 54.932938 -0.014140 0.999810 -0.013408 -2.579109 -0.779252 -0.002617 0.626705 91.523643
0.679164 0.021299 0.733678 55.279247 -0.014864 0.999773 -0.015264 -2.589163 -0.733836 -0.000539 0.679326 91.844147
0.728355 0.021190 0.684872 55.606152 -0.014976 0.999775 -0.015006 -2.598523 -0.685036 0.000673 0.728509 92.188805
0.728355 0.021190 0.684872 55.606152 -0.014976 0.999775 -0.015006 -2.598523 -0.685036 0.000673 0.728509 92.188805
0.814662 0.016368 0.579705 56.142548 -0.016092 0.999855 -0.005616 -2.618813 -0.579712 -0.004753 0.814807 92.956100
0.851259 0.014946 0.524532 56.390327 -0.017540 0.999846 -0.000025 -2.633517 -0.524452 -0.009179 0.851391 93.380508
0.882602 0.013480 0.469927 56.608299 -0.018165 0.999820 0.005436 -2.639984 -0.469769 -0.013334 0.882689 93.812271
0.908128 0.013895 0.418462 56.792431 -0.020192 0.999740 0.010623 -2.656547 -0.418205 -0.018096 0.908172 94.250153
0.908128 0.013895 0.418462 56.792431 -0.020192 0.999740 0.010623 -2.656547 -0.418205 -0.018096 0.908172 94.250153
0.943189 0.018361 0.331748 57.072491 -0.026407 0.999456 0.019762 -2.677686 -0.331205 -0.027400 0.943161 95.123306
0.955085 0.022331 0.295491 57.196377 -0.029178 0.999398 0.018783 -2.679803 -0.294893 -0.026561 0.955161 95.587090
0.964176 0.024651 0.264114 57.309814 -0.030333 0.999387 0.017460 -2.666088 -0.263522 -0.024846 0.964333 96.045105
0.970287 0.020868 0.241055 57.432060 -0.025751 0.999522 0.017123 -2.670051 -0.240582 -0.022822 0.970360 96.502274
0.970287 0.020868 0.241055 57.432060 -0.025751 0.999522 0.017123 -2.670051 -0.240582 -0.022822 0.970360 96.502274
0.976505 0.020637 0.214505 57.631462 -0.025314 0.999497 0.019080 -2.664112 -0.214003 -0.024061 0.976537 97.445747
0.978540 0.025525 0.204471 57.719437 -0.030021 0.999370 0.018916 -2.665705 -0.203860 -0.024649 0.978690 97.950180
0.979692 0.030649 0.198153 57.796688 -0.034784 0.999243 0.017421 -2.671898 -0.197469 -0.023960 0.980016 98.466270
0.980097 0.035137 0.195385 57.872971 -0.038532 0.999165 0.013604 -2.678428 -0.194743 -0.020862 0.980632 98.988106
0.979770 0.042923 0.195470 57.946743 -0.046101 0.998868 0.011737 -2.637731 -0.194745 -0.020511 0.980639 99.513367
0.979770 0.042923 0.195470 57.946743 -0.046101 0.998868 0.011737 -2.637731 -0.194745 -0.020511 0.980639 99.513367
0.979770 0.042923 0.195470 57.946743 -0.046101 0.998868 0.011737 -2.637731 -0.194745 -0.020511 0.980639 99.513367
0.979770 0.042923 0.195470 57.946743 -0.046101 0.998868 0.011737 -2.637731 -0.194745 -0.020511 0.980639 99.513367
0.979770 0.042923 0.195470 57.946743 -0.046101 0.998868 0.011737 -2.637731 -0.194745 -0.020511 0.980639 99.513367
0.977520 0.041028 0.206813 58.394852 -0.041632 0.999132 -0.001433 -2.682318 -0.206692 -0.007209 0.978379 101.734390
0.974205 0.046758 0.220768 58.654720 -0.048980 0.998789 0.004600 -2.664056 -0.220286 -0.015294 0.975316 102.969246
0.973500 0.044100 0.224396 58.794327 -0.047333 0.998838 0.009048 -2.670724 -0.223736 -0.019430 0.974456 103.591110
0.972941 0.044032 0.226820 58.934162 -0.048036 0.998772 0.012161 -2.675367 -0.226005 -0.022728 0.973861 104.225540
0.972538 0.041595 0.228997 59.085083 -0.045618 0.998883 0.012301 -2.674588 -0.228230 -0.022409 0.973349 104.858231
0.972538 0.041595 0.228997 59.085083 -0.045618 0.998883 0.012301 -2.674588 -0.228230 -0.022409 0.973349 104.858231
0.972674 0.033766 0.229709 59.458923 -0.036530 0.999302 0.007791 -2.660977 -0.229285 -0.015969 0.973228 106.151505
0.972922 0.036949 0.228161 59.608429 -0.038200 0.999270 0.001067 -2.655668 -0.227955 -0.009754 0.973623 106.811989
0.973453 0.041243 0.225142 59.750401 -0.041805 0.999123 -0.002273 -2.658122 -0.225038 -0.007200 0.974323 107.486404
0.974069 0.042108 0.222297 59.908825 -0.043199 0.999067 0.000044 -2.656878 -0.222088 -0.009646 0.974979 108.191345
0.974069 0.042108 0.222297 59.908825 -0.043199 0.999067 0.000044 -2.656878 -0.222088 -0.009646 0.974979 108.191345
0.974589 0.036926 0.220936 60.246960 -0.041080 0.999054 0.014233 -2.698096 -0.220201 -0.022947 0.975185 109.645515
0.974783 0.040784 0.219396 60.397682 -0.044807 0.998906 0.013393 -2.709541 -0.218610 -0.022886 0.975544 110.366341
0.975082 0.045745 0.217077 60.541195 -0.048816 0.998769 0.008800 -2.712400 -0.216407 -0.019178 0.976115 111.094879
0.975595 0.050033 0.213800 60.689503 -0.051954 0.998644 0.003371 -2.715530 -0.213342 -0.014396 0.976872 111.830719
0.975595 0.050033 0.213800 60.689503 -0.051954 0.998644 0.003371 -2.715530 -0.213342 -0.014396 0.976872 111.830719
0.977658 0.042472 0.205868 61.032619 -0.043757 0.999041 0.001693 -2.722006 -0.205598 -0.010663 0.978578 113.411163
0.978562 0.039313 0.202164 61.205921 -0.040851 0.999159 0.003439 -2.740270 -0.201859 -0.011624 0.979346 114.208206
0.979024 0.036895 0.200377 61.373219 -0.038830 0.999229 0.005734 -2.760202 -0.200011 -0.013394 0.979702 115.016403
0.979437 0.033809 0.198897 61.548161 -0.035958 0.999327 0.007205 -2.771389 -0.198520 -0.014208 0.979994 115.828789
0.979496 0.033433 0.198669 61.706188 -0.036406 0.999273 0.011328 -2.745589 -0.198146 -0.018328 0.980001 116.613159
0.979496 0.033433 0.198669 61.706188 -0.036406 0.999273 0.011328 -2.745589 -0.198146 -0.018328 0.980001 116.613159
0.979496 0.033433 0.198669 61.706188 -0.036406 0.999273 0.011328 -2.745589 -0.198146 -0.018328 0.980001 116.613159
0.979496 0.033433 0.198669 61.706188 -0.036406 0.999273 0.011328 -2.745589 -0.198146 -0.018328 0.980001 116.613159
0.979496 0.033433 0.198669 61.706188 -0.036406 0.999273 0.011328 -2.745589 -0.198146 -0.018328 0.980001 116.613159
0.978928 0.045465 0.199082 62.316372 -0.047594 0.998849 0.005924 -2.800312 -0.198583 -0.015274 0.979965 119.941986
0.976568 0.061469 0.206243 62.602398 -0.064586 0.997877 0.008412 -2.773098 -0.205288 -0.021535 0.978465 121.612434
0.975977 0.063972 0.208270 62.773018 -0.066921 0.997733 0.007139 -2.780541 -0.207341 -0.020905 0.978045 122.469872
0.975761 0.064890 0.208996 62.952950 -0.067408 0.997713 0.004939 -2.785456 -0.208197 -0.018907 0.977904 123.324654
0.975883 0.061451 0.209464 63.154480 -0.063821 0.997951 0.004568 -2.795606 -0.208754 -0.017826 0.977806 124.178947
0.975883 0.061451 0.209464 63.154480 -0.063821 0.997951 0.004568 -2.795606 -0.208754 -0.017826 0.977806 124.178947
0.975903 0.050297 0.212328 63.539852 -0.052696 0.998595 0.005651 -2.824723 -0.211745 -0.016704 0.977182 125.830894
0.975439 0.054438 0.213439 63.718586 -0.057198 0.998340 0.006771 -2.832115 -0.212716 -0.018813 0.976933 126.706627
0.975296 0.057852 0.213190 63.892746 -0.061420 0.998060 0.010146 -2.837846 -0.212190 -0.022989 0.976958 127.571251
0.974974 0.061874 0.213537 64.062302 -0.065972 0.997748 0.012112 -2.844579 -0.212307 -0.025896 0.976860 128.424850
0.974974 0.061874 0.213537 64.062302 -0.065972 0.997748 0.012112 -2.844579 -0.212307 -0.025896 0.976860 128.424850
0.974884 0.050928 0.216810 64.434357 -0.051230 0.998678 -0.004234 -2.834433 -0.216739 -0.006979 0.976205 129.969131
0.975259 0.049430 0.215467 64.624153 -0.047833 0.998776 -0.012627 -2.864158 -0.215828 0.002008 0.976429 130.773514
0.975532 0.049017 0.214323 64.809395 -0.048694 0.998791 -0.006793 -2.891976 -0.214397 -0.003809 0.976739 131.616501
0.976063 0.045164 0.212749 65.003960 -0.048468 0.998771 0.010336 -2.916972 -0.212021 -0.020400 0.977052 132.497726
0.976063 0.045164 0.212749 65.003960 -0.048468 0.998771 0.010336 -2.916972 -0.212021 -0.020400 0.977052 132.497726
0.976555 0.036131 0.212215 65.367661 -0.043041 0.998680 0.028033 -2.914633 -0.210922 -0.036510 0.976821 134.156418
0.976744 0.042253 0.210204 65.520805 -0.045927 0.998865 0.012625 -2.922714 -0.209432 -0.021985 0.977576 134.942856
0.977080 0.045243 0.208011 65.681831 -0.046750 0.998904 0.002329 -2.909253 -0.207678 -0.012000 0.978124 135.737350
0.977566 0.044114 0.205958 65.855644 -0.045183 0.998979 0.000488 -2.934183 -0.205726 -0.009783 0.978561 136.549438
0.977615 0.042211 0.206123 66.035149 -0.044191 0.999011 0.005010 -2.944466 -0.205708 -0.014007 0.978513 137.367905
0.977615 0.042211 0.206123 66.035149 -0.044191 0.999011 0.005010 -2.944466 -0.205708 -0.014007 0.978513 137.367905
0.977615 0.042211 0.206123 66.035149 -0.044191 0.999011 0.005010 -2.944466 -0.205708 -0.014007 0.978513 137.367905
0.977615 0.042211 0.206123 66.035149 -0.044191 0.999011 0.005010 -2.944466 -0.205708 -0.014007 0.978513 137.367905
0.977615 0.042211 0.206123 66.035149 -0.044191 0.999011 0.005010 -2.944466 -0.205708 -0.014007 0.978513 137.367905
0.980600 0.050165 0.189494 66.640793 -0.051254 0.998685 0.000847 -3.043317 -0.189202 -0.010543 0.981882 140.596786
0.980339 0.055388 0.189387 66.931747 -0.057752 0.998307 0.006980 -3.019089 -0.188680 -0.017781 0.981878 142.216827
0.980770 0.053839 0.187594 67.090454 -0.055999 0.998411 0.006228 -3.034323 -0.186961 -0.016614 0.982227 143.011002
0.981314 0.051902 0.185280 67.248123 -0.053542 0.998558 0.003858 -3.047683 -0.184813 -0.013706 0.982678 143.799820
0.982324 0.048462 0.180806 67.404701 -0.049395 0.998779 0.000657 -3.061979 -0.180553 -0.009576 0.983519 144.588181
0.982324 0.048462 0.180806 67.404701 -0.049395 0.998779 0.000657 -3.061979 -0.180553 -0.009576 0.983519 144.588181
0.984726 0.044068 0.168441 67.688744 -0.045777 0.998932 0.006276 -3.066600 -0.167984 -0.013891 0.985692 146.211639
0.985700 0.043019 0.162925 67.824738 -0.045762 0.998866 0.013119 -3.069565 -0.162176 -0.020387 0.986551 147.041794
0.986301 0.042314 0.159438 67.953789 -0.046279 0.998703 0.021238 -3.079520 -0.158332 -0.028326 0.986980 147.873657
0.986790 0.044954 0.155643 68.063087 -0.049236 0.998504 0.023767 -3.083597 -0.154342 -0.031117 0.987527 148.685333
0.986790 0.044954 0.155643 68.063087 -0.049236 0.998504 0.023767 -3.083597 -0.154342 -0.031117 0.987527 148.685333
0.988601 0.045012 0.143671 68.288460 -0.047511 0.998773 0.014008 -3.069202 -0.142864 -0.020674 0.989526 150.254654
0.989563 0.044640 0.137010 68.407372 -0.046118 0.998907 0.007632 -3.064991 -0.136519 -0.013871 0.990540 151.048264
0.990280 0.047823 0.130606 68.511314 -0.049206 0.998761 0.007385 -3.072234 -0.130091 -0.013740 0.991407 151.871750
0.990876 0.054769 0.123145 68.594490 -0.056404 0.998360 0.009828 -3.077609 -0.122405 -0.016684 0.992340 152.709885
0.990876 0.054769 0.123145 68.594490 -0.056404 0.998360 0.009828 -3.077609 -0.122405 -0.016684 0.992340 152.709885
0.992832 0.057741 0.104647 68.736374 -0.058763 0.998249 0.006705 -3.099361 -0.104076 -0.012806 0.994487 154.293274
0.993798 0.057570 0.095142 68.825294 -0.058225 0.998295 0.004122 -3.106685 -0.094743 -0.009637 0.995455 155.114807
0.994490 0.057914 0.087383 68.895477 -0.058649 0.998262 0.005857 -3.118035 -0.086892 -0.010950 0.996158 155.950500
0.995010 0.059855 0.079824 68.949753 -0.060981 0.998070 0.011748 -3.123553 -0.078966 -0.016557 0.996740 156.803360
0.995513 0.061794 0.071663 68.979942 -0.063307 0.997812 0.019044 -3.121476 -0.070329 -0.023495 0.997247 157.611557
0.995513 0.061794 0.071663 68.979942 -0.063307 0.997812 0.019044 -3.121476 -0.070329 -0.023495 0.997247 157.611557
0.995513 0.061794 0.071663 68.979942 -0.063307 0.997812 0.019044 -3.121476 -0.070329 -0.023495 0.997247 157.611557
0.995513 0.061794 0.071663 68.979942 -0.063307 0.997812 0.019044 -3.121476 -0.070329 -0.023495 0.997247 157.611557
0.995513 0.061794 0.071663 68.979942 -0.063307 0.997812 0.019044 -3.121476 -0.070329 -0.023495 0.997247 157.611557
0.996670 0.066099 0.047746 69.137955 -0.066939 0.997625 0.016211 -3.130290 -0.046561 -0.019353 0.998728 160.907349
0.996584 0.071503 0.041325 69.171631 -0.071966 0.997359 0.009816 -3.114003 -0.040514 -0.012756 0.999098 162.533768
0.996642 0.072397 0.038241 69.192101 -0.072986 0.997231 0.014233 -3.122074 -0.037105 -0.016976 0.999167 163.375580
0.996607 0.074216 0.035597 69.206985 -0.075016 0.996946 0.021708 -3.117335 -0.033877 -0.024304 0.999130 164.222733
0.996641 0.075685 0.031280 69.222565 -0.076591 0.996646 0.028837 -3.120594 -0.028993 -0.031136 0.999095 165.070236
0.996641 0.075685 0.031280 69.222565 -0.076591 0.996646 0.028837 -3.120594 -0.028993 -0.031136 0.999095 165.070236
0.997892 0.060666 0.023056 69.310165 -0.061178 0.997880 0.022187 -3.107275 -0.021661 -0.023551 0.999488 166.671204
0.998236 0.057250 0.015720 69.333199 -0.057519 0.998196 0.017193 -3.116611 -0.014708 -0.018067 0.999729 167.483078
0.998166 0.059960 0.008291 69.328339 -0.060096 0.998044 0.017196 -3.126319 -0.007244 -0.017662 0.999818 168.310089
0.998252 0.059106 0.000297 69.333511 -0.059099 0.998018 0.021632 -3.123401 0.000983 -0.021612 0.999766 169.155746
0.998252 0.059106 0.000297 69.333511 -0.059099 0.998018 0.021632 -3.123401 0.000983 -0.021612 0.999766 169.155746
0.998330 0.056528 -0.011918 69.341141 -0.056135 0.997941 0.031011 -3.078373 0.013647 -0.030290 0.999448 170.851517
0.998339 0.054877 -0.017521 69.340416 -0.054311 0.998033 0.031322 -3.077196 0.019206 -0.030318 0.999356 171.704849
0.998219 0.054659 -0.023899 69.329590 -0.054020 0.998186 0.026583 -3.078492 0.025309 -0.025245 0.999361 172.531067
0.998281 0.049621 -0.031177 69.325569 -0.049104 0.998647 0.017131 -3.065577 0.031985 -0.015571 0.999367 173.346100
0.998281 0.049621 -0.031177 69.325569 -0.049104 0.998647 0.017131 -3.065577 0.031985 -0.015571 0.999367 173.346100
0.998411 0.032742 -0.045865 69.293877 -0.031949 0.999329 0.017907 -3.055714 0.046420 -0.016413 0.998787 175.020233
0.997849 0.041619 -0.050657 69.224106 -0.040155 0.998756 0.029574 -3.045398 0.051825 -0.027476 0.998278 175.897232
0.997359 0.047315 -0.055100 69.159637 -0.045323 0.998292 0.036851 -3.034791 0.056750 -0.034256 0.997801 176.759644
0.997254 0.045371 -0.058526 69.110832 -0.043393 0.998458 0.034628 -3.022521 0.060007 -0.031993 0.997685 177.602921
0.997365 0.039674 -0.060740 69.047012 -0.038025 0.998882 0.028071 -3.050792 0.061786 -0.025687 0.997759 178.403870
0.997365 0.039674 -0.060740 69.047012 -0.038025 0.998882 0.028071 -3.050792 0.061786 -0.025687 0.997759 178.403870
0.997365 0.039674 -0.060740 69.047012 -0.038025 0.998882 0.028071 -3.050792 0.061786 -0.025687 0.997759 178.403870
0.997365 0.039674 -0.060740 69.047012 -0.038025 0.998882 0.028071 -3.050792 0.061786 -0.025687 0.997759 178.403870
0.997365 0.039674 -0.060740 69.047012 -0.038025 0.998882 0.028071 -3.050792 0.061786 -0.025687 0.997759 178.403870
0.996625 0.042087 -0.070473 68.799408 -0.040321 0.998841 0.026297 -3.035228 0.071498 -0.023367 0.997167 181.823074
0.996410 0.047120 -0.070337 68.660019 -0.044975 0.998483 0.031778 -2.991604 0.071728 -0.028501 0.997017 183.528717
0.996532 0.039864 -0.073045 68.609756 -0.038310 0.999011 0.022550 -2.984528 0.073871 -0.019674 0.997074 184.377655
0.996650 0.029641 -0.076227 68.579498 -0.028812 0.999513 0.011961 -2.985628 0.076545 -0.009725 0.997019 185.220413
0.996680 0.020031 -0.078920 68.541580 -0.019531 0.999784 0.007109 -2.995454 0.079045 -0.005544 0.996856 186.082977
0.996680 0.020031 -0.078920 68.541580 -0.019531 0.999784 0.007109 -2.995454 0.079045 -0.005544 0.996856 186.082977
0.996250 0.036476 -0.078456 68.365883 -0.034908 0.999164 0.021267 -2.984335 0.079166 -0.018449 0.996691 187.741608
0.996213 0.033673 -0.080162 68.295006 -0.031839 0.999204 0.024054 -2.988706 0.080909 -0.021411 0.996492 188.585190
0.996239 0.029957 -0.081301 68.234467 -0.028314 0.999372 0.021283 -2.994335 0.081888 -0.018901 0.996462 189.409454
0.996253 0.028670 -0.081591 68.161942 -0.027463 0.999497 0.015879 -3.004479 0.082005 -0.013578 0.996539 190.222748
0.996253 0.028670 -0.081591 68.161942 -0.027463 0.999497 0.015879 -3.004479 0.082005 -0.013578 0.996539 190.222748
0.995610 0.046902 -0.080998 67.976357 -0.045465 0.998776 0.019491 -2.970589 0.081813 -0.015723 0.996524 191.946655
0.995402 0.050714 -0.081260 67.893265 -0.049126 0.998563 0.021435 -2.966587 0.082231 -0.017344 0.996462 192.787613
0.995133 0.055123 -0.081677 67.812645 -0.053410 0.998308 0.023011 -2.958646 0.082807 -0.018536 0.996393 193.622482
0.994881 0.058920 -0.082095 67.729568 -0.057217 0.998098 0.022948 -2.947641 0.083291 -0.018133 0.996360 194.449493
0.994881 0.058920 -0.082095 67.729568 -0.057217 0.998098 0.022948 -2.947641 0.083291 -0.018133 0.996360 194.449493
0.994690 0.059230 -0.084168 67.574203 -0.057884 0.998155 0.018345 -2.955118 0.085099 -0.013376 0.996283 196.080093
0.994278 0.063802 -0.085679 67.484985 -0.062415 0.997874 0.018767 -2.946607 0.086694 -0.013312 0.996146 196.899246
0.993913 0.067099 -0.087376 67.404800 -0.065046 0.997540 0.026132 -2.930107 0.088914 -0.020290 0.995833 197.736847
0.993925 0.065723 -0.088279 67.341049 -0.062899 0.997427 0.034408 -2.932185 0.090313 -0.028646 0.995501 198.557617
0.994843 0.048947 -0.088836 67.315178 -0.045741 0.998239 0.037773 -2.947043 0.090529 -0.033515 0.995330 199.302277
