1.000000 0.000000 0.000000 0.000000 0.000000 1.000000 0.000000 0.000000 0.000000 0.000000 1.000000 0.000000
1.000000 0.000000 0.000000 0.000000 0.000000 1.000000 0.000000 0.000000 0.000000 0.000000 1.000000 0.000000
1.000000 0.000000 0.000000 0.000000 0.000000 1.000000 0.000000 0.000000 0.000000 0.000000 1.000000 0.000000
1.000000 0.000000 0.000000 0.000000 0.000000 1.000000 0.000000 0.000000 0.000000 0.000000 1.000000 0.000000
0.995202 -0.002760 0.097806 -0.086950 0.003393 0.999974 -0.006309 -0.020148 -0.097786 0.006611 0.995185 1.651002
0.982093 -0.003241 0.188370 0.121008 0.004822 0.999957 -0.007933 -0.060805 -0.188336 0.008699 0.982066 3.555578
0.972151 -0.004727 0.234306 0.295541 0.006826 0.999943 -0.008146 -0.089534 -0.234254 0.009519 0.972129 4.499622
0.960357 -0.008013 0.278657 0.521069 0.011269 0.999886 -0.010085 -0.108208 -0.278544 0.012826 0.960338 5.471632
0.946922 -0.009907 0.321310 0.783170 0.014022 0.999847 -0.010496 -0.158895 -0.321157 0.014445 0.946916 6.400439
0.946922 -0.009907 0.321310 0.783170 0.014022 0.999847 -0.010496 -0.158895 -0.321157 0.014445 0.946916 6.400439
0.913485 -0.012440 0.406683 1.532622 0.017604 0.999805 -0.008957 -0.212483 -0.406492 0.015341 0.913525 8.222238
0.893759 -0.012797 0.448365 1.903808 0.017896 0.999814 -0.007138 -0.250486 -0.448190 0.014404 0.893822 9.111395
0.871742 -0.013417 0.489781 2.321781 0.018821 0.999804 -0.006112 -0.273237 -0.489603 0.014546 0.871824 9.971517
0.848269 -0.014123 0.529378 2.773470 0.019933 0.999787 -0.005268 -0.296249 -0.529191 0.015021 0.848370 10.812406
0.848269 -0.014123 0.529378 2.773470 0.019933 0.999787 -0.005268 -0.296249 -0.529191 0.015021 0.848370 10.812406
0.794489 -0.017620 0.607022 3.911863 0.024581 0.999693 -0.003155 -0.350534 -0.606780 0.017427 0.794679 12.381866
0.766049 -0.020912 0.642442 4.479783 0.028618 0.999589 -0.001587 -0.372559 -0.642145 0.019601 0.766333 13.135506
0.735732 -0.020977 0.676948 5.081470 0.028578 0.999592 -0.000085 -0.402171 -0.676669 0.019408 0.736031 13.854538
0.703549 -0.021238 0.710329 5.685378 0.030220 0.999543 -0.000047 -0.411382 -0.710004 0.021499 0.703870 14.534898
0.703549 -0.021238 0.710329 5.685378 0.030220 0.999543 -0.000047 -0.411382 -0.710004 0.021499 0.703870 14.534898
0.632635 -0.022567 0.774121 7.192715 0.034846 0.999392 0.000656 -0.455923 -0.773666 0.026560 0.633037 15.816496
0.596473 -0.022684 0.802313 7.900609 0.037407 0.999300 0.000443 -0.474929 -0.801761 0.029748 0.596904 16.408823
0.559138 -0.022376 0.828773 8.633291 0.041419 0.999141 -0.000968 -0.487271 -0.828039 0.034868 0.559585 16.945667
0.521667 -0.022516 0.852852 9.391017 0.042984 0.999076 0.000084 -0.504255 -0.852065 0.036615 0.522153 17.471380
0.483168 -0.023411 0.875215 10.367723 0.047482 0.998872 0.000506 -0.513306 -0.874239 0.041313 0.483735 17.922241
0.483168 -0.023411 0.875215 10.367723 0.047482 0.998872 0.000506 -0.513306 -0.874239 0.041313 0.483735 17.922241
0.483168 -0.023411 0.875215 10.367723 0.047482 0.998872 0.000506 -0.513306 -0.874239 0.041313 0.483735 17.922241
0.483168 -0.023411 0.875215 10.367723 0.047482 0.998872 0.000506 -0.513306 -0.874239 0.041313 0.483735 17.922241
0.483168 -0.023411 0.875215 10.367723 0.047482 0.998872 0.000506 -0.513306 -0.874239 0.041313 0.483735 17.922241
0.347270 -0.027225 0.937370 13.788476 0.053745 0.998513 0.009090 -0.569121 -0.936224 0.047222 0.348217 19.559866
0.282530 -0.025647 0.958915 15.775804 0.051910 0.998587 0.011413 -0.614701 -0.957853 0.046553 0.283462 20.208460
0.252252 -0.024498 0.967351 16.697935 0.051747 0.998591 0.011795 -0.602870 -0.966277 0.047082 0.253164 20.496054
0.221595 -0.024961 0.974819 17.654510 0.053030 0.998501 0.013513 -0.603177 -0.973696 0.048700 0.222586 20.746815
0.190944 -0.026273 0.981249 18.622658 0.054284 0.998395 0.016169 -0.607132 -0.980099 0.050179 0.192064 20.969143
0.190944 -0.026273 0.981249 18.622658 0.054284 0.998395 0.016169 -0.607132 -0.980099 0.050179 0.192064 20.969143
0.131193 -0.027114 0.990986 20.763315 0.052990 0.998389 0.020302 -0.602172 -0.989940 0.049849 0.132418 21.312641
0.104117 -0.027476 0.994185 21.810364 0.055238 0.998235 0.021803 -0.584414 -0.993030 0.052647 0.105451 21.443874
0.079219 -0.027670 0.996473 22.876291 0.059036 0.997990 0.023019 -0.572509 -0.995108 0.057004 0.080693 21.548746
0.056898 -0.027893 0.997990 23.945971 0.063086 0.997712 0.024289 -0.555054 -0.996385 0.061577 0.058527 21.616318
0.056898 -0.027893 0.997990 23.945971 0.063086 0.997712 0.024289 -0.555054 -0.996385 0.061577 0.058527 21.616318
0.017336 -0.029021 0.999428 26.276291 0.072419 0.996990 0.027694 -0.529429 -0.997224 0.071897 0.019385 21.637480
0.001793 -0.029517 0.999563 27.386974 0.075041 0.996750 0.029300 -0.514844 -0.997179 0.074955 0.004003 21.655375
-0.012190 -0.030455 0.999462 28.520269 0.076917 0.996546 0.031305 -0.501129 -0.996963 0.077258 -0.009806 21.655233
-0.025590 -0.031596 0.999173 29.667225 0.076940 0.996473 0.033481 -0.484879 -0.996707 0.077733 -0.023069 21.651144
-0.025590 -0.031596 0.999173 29.667225 0.076940 0.996473 0.033481 -0.484879 -0.996707 0.077733 -0.023069 21.651144
-0.049371 -0.029260 0.998352 32.004791 0.077559 0.996440 0.033039 -0.448945 -0.995765 0.079062 -0.046926 21.549488
-0.059245 -0.026124 0.997902 33.171471 0.078129 0.996470 0.030725 -0.425788 -0.995181 0.079786 -0.056994 21.499390
-0.068129 -0.024178 0.997383 34.360619 0.078597 0.996469 0.029525 -0.401157 -0.994576 0.080402 -0.065988 21.440580
-0.075625 -0.023432 0.996861 35.578377 0.078131 0.996511 0.029351 -0.376431 -0.994071 0.080105 -0.073530 21.364130
-0.082337 -0.022172 0.996358 36.889038 0.077904 0.996550 0.028614 -0.348690 -0.993555 0.079976 -0.080325 21.221918
-0.082337 -0.022172 0.996358 36.889038 0.077904 0.996550 0.028614 -0.348690 -0.993555 0.079976 -0.080325 21.221918
-0.082337 -0.022172 0.996358 36.889038 0.077904 0.996550 0.028614 -0.348690 -0.993555 0.079976 -0.080325 21.221918
-0.082337 -0.022172 0.996358 36.889038 0.077904 0.996550 0.028614 -0.348690 -0.993555 0.079976 -0.080325 21.221918
-0.082337 -0.022172 0.996358 36.889038 0.077904 0.996550 0.028614 -0.348690 -0.993555 0.079976 -0.080325 21.221918
-0.098296 -0.020218 0.994952 42.080677 0.077279 0.996619 0.027887 -0.245987 -0.992152 0.079630 -0.096401 20.803616
-0.103827 -0.022813 0.994334 44.857807 0.077844 0.996484 0.030991 -0.192682 -0.991544 0.080620 -0.101686 20.482246
-0.105692 -0.022543 0.994143 46.235031 0.079341 0.996365 0.031028 -0.159899 -0.991229 0.082156 -0.103519 20.333174
-0.106821 -0.022212 0.994030 47.637699 0.079838 0.996331 0.030843 -0.122405 -0.991068 0.082656 -0.104655 20.190853
-0.107626 -0.021658 0.993955 49.085735 0.080792 0.996266 0.030457 -0.091112 -0.990903 0.083582 -0.105474 20.040710
-0.107626 -0.021658 0.993955 49.085735 0.080792 0.996266 0.030457 -0.091112 -0.990903 0.083582 -0.105474 20.040710
-0.106192 -0.020130 0.994142 52.079819 0.081471 0.996257 0.028875 -0.040169 -0.991002 0.084060 -0.104154 19.718887
-0.104763 -0.020131 0.994293 53.573765 0.081181 0.996285 0.028725 -0.008731 -0.991178 0.083727 -0.102740 19.574619
-0.103074 -0.020558 0.994461 55.102020 0.080518 0.996333 0.028942 0.022599 -0.991409 0.083055 -0.101041 19.430258
-0.101696 -0.019938 0.994616 56.661995 0.081019 0.996312 0.028255 0.053580 -0.991511 0.083456 -0.099706 19.283554
-0.101696 -0.019938 0.994616 56.661995 0.081019 0.996312 0.028255 0.053580 -0.991511 0.083456 -0.099706 19.283554
-0.098747 -0.019312 0.994925 59.848118 0.082654 0.996198 0.027540 0.108926 -0.991674 0.084954 -0.096775 18.934216
-0.097087 -0.019538 0.995084 61.477703 0.082137 0.996240 0.027575 0.140864 -0.991881 0.084410 -0.095117 18.779726
-0.095290 -0.021060 0.995227 63.134960 0.082463 0.996173 0.028976 0.174162 -0.992028 0.084830 -0.093189 18.619293
-0.093422 -0.022639 0.995369 64.808250 0.083991 0.995998 0.030537 0.213654 -0.992077 0.086455 -0.091147 18.464067
-0.093422 -0.022639 0.995369 64.808250 0.083991 0.995998 0.030537 0.213654 -0.992077 0.086455 -0.091147 18.464067
-0.092656 -0.021250 0.995471 68.130028 0.089456 0.995551 0.029578 0.262003 -0.991672 0.091792 -0.090343 18.127758
-0.090844 -0.021354 0.995636 69.844521 0.088273 0.995662 0.029409 0.291700 -0.991945 0.090559 -0.088565 17.984238
-0.089233 -0.022033 0.995767 71.576859 0.087510 0.995716 0.029874 0.320416 -0.992159 0.089806 -0.086923 17.827469
-0.087887 -0.022544 0.995875 73.329048 0.086847 0.995764 0.030206 0.362537 -0.992337 0.089144 -0.085557 17.678898
-0.092360 -0.022722 0.995466 75.020653 0.089723 0.995483 0.031047 0.382953 -0.991675 0.092184 -0.089904 17.479740
-0.092360 -0.022722 0.995466 75.020653 0.089723 0.995483 0.031047 0.382953 -0.991675 0.092184 -0.089904 17.479740
-0.092360 -0.022722 0.995466 75.020653 0.089723 0.995483 0.031047 0.382953 -0.991675 0.092184 -0.089904 17.479740
-0.092360 -0.022722 0.995466 75.020653 0.089723 0.995483 0.031047 0.382953 -0.991675 0.092184 -0.089904 17.479740
-0.092360 -0.022722 0.995466 75.020653 0.089723 0.995483 0.031047 0.382953 -0.991675 0.092184 -0.089904 17.479740
-0.092274 -0.020577 0.995521 82.148521 0.090676 0.995459 0.028980 0.522475 -0.991596 0.092944 -0.089989 16.828693
-0.095463 -0.021524 0.995200 85.730995 0.088842 0.995592 0.030055 0.581770 -0.991460 0.091285 -0.093130 16.522028
-0.095965 -0.021983 0.995142 87.582748 0.088739 0.995586 0.030550 0.614239 -0.991421 0.091239 -0.093591 16.363745
-0.096421 -0.022674 0.995082 89.440369 0.086743 0.995745 0.031095 0.654149 -0.991554 0.089315 -0.094044 16.207983
-0.097661 -0.021993 0.994977 91.310371 0.086051 0.995825 0.030458 0.691734 -0.991493 0.088593 -0.095361 16.034327
-0.097661 -0.021993 0.994977 91.310371 0.086051 0.995825 0.030458 0.691734 -0.991493 0.088593 -0.095361 16.034327
-0.103370 -0.020647 0.994429 95.054298 0.086537 0.995807 0.029671 0.754035 -0.990871 0.089122 -0.101150 15.651386
-0.107344 -0.021124 0.993998 96.966537 0.084662 0.995949 0.030308 0.784841 -0.990611 0.087407 -0.105121 15.464721
-0.111417 -0.021971 0.993531 98.886864 0.082450 0.996104 0.031274 0.823832 -0.990348 0.085401 -0.109171 15.267729
-0.115990 -0.021332 0.993021 100.811363 0.081607 0.996184 0.030932 0.856230 -0.989892 0.084626 -0.113807 15.069438
-0.115990 -0.021332 0.993021 100.811363 0.081607 0.996184 0.030932 0.856230 -0.989892 0.084626 -0.113807 15.069438
-0.127157 -0.018575 0.991709 104.673355 0.081750 0.996227 0.029141 0.910598 -0.988508 0.084777 -0.125159 14.568960
-0.131315 -0.018129 0.991175 106.635330 0.081037 0.996290 0.028959 0.940706 -0.988023 0.084125 -0.129359 14.343359
-0.135685 -0.018869 0.990572 108.635719 0.079194 0.996413 0.029828 0.965447 -0.987582 0.082495 -0.133704 14.110443
-0.140264 -0.019298 0.989926 110.637230 0.077134 0.996558 0.030357 1.002827 -0.987105 0.080615 -0.138293 13.876699
-0.140264 -0.019298 0.989926 110.637230 0.077134 0.996558 0.030357 1.002827 -0.987105 0.080615 -0.138293 13.876699
-0.153453 -0.020017 0.987953 114.600136 0.075871 0.996605 0.031977 1.062824 -0.985239 0.079864 -0.151414 13.263632
-0.159352 -0.018820 0.987042 116.595604 0.076957 0.996539 0.031425 1.093687 -0.984218 0.080968 -0.157352 12.960351
-0.164706 -0.018132 0.986176 118.589958 0.076452 0.996588 0.031092 1.129650 -0.983375 0.080516 -0.162758 12.653205
-0.170838 -0.018329 0.985129 120.611580 0.077787 0.996455 0.032029 1.158963 -0.982224 0.082102 -0.168806 12.339812
-0.176380 -0.018679 0.984145 122.614784 0.075281 0.996636 0.032408 1.202436 -0.981439 0.079803 -0.174381 11.972996
-0.176380 -0.018679 0.984145 122.614784 0.075281 0.996636 0.032408 1.202436 -0.981439 0.079803 -0.174381 11.972996
-0.176380 -0.018679 0.984145 122.614784 0.075281 0.996636 0.032408 1.202436 -0.981439 0.079803 -0.174381 11.972996
-0.176380 -0.018679 0.984145 122.614784 0.075281 0.996636 0.032408 1.202436 -0.981439 0.079803 -0.174381 11.972996
-0.176380 -0.018679 0.984145 122.614784 0.075281 0.996636 0.032408 1.202436 -0.981439 0.079803 -0.174381 11.972996
-0.193991 -0.018988 0.980819 130.789734 0.077527 0.996389 0.034623 1.365390 -0.977935 0.082756 -0.191819 10.483083
-0.202027 -0.018573 0.979204 134.887878 0.077343 0.996395 0.034856 1.448305 -0.976321 0.082776 -0.199862 9.663813
-0.204800 -0.018946 0.978620 136.953827 0.076488 0.996445 0.035298 1.492152 -0.975811 0.082082 -0.202623 9.251829
-0.208270 -0.018735 0.977892 139.040939 0.075453 0.996529 0.035162 1.531957 -0.975157 0.081108 -0.206134 8.832747
-0.211274 -0.018756 0.977247 141.115585 0.073750 0.996660 0.035073 1.575505 -0.974641 0.079482 -0.209185 8.400752
-0.211274 -0.018756 0.977247 141.115585 0.073750 0.996660 0.035073 1.575505 -0.974641 0.079482 -0.209185 8.400752
-0.221584 -0.018191 0.974971 145.260513 0.073724 0.996652 0.035351 1.667128 -0.972350 0.079712 -0.219501 7.535368
-0.226131 -0.017643 0.973937 147.348419 0.073662 0.996663 0.035158 1.710280 -0.971308 0.079692 -0.224077 7.082022
-0.230139 -0.017495 0.973000 149.444443 0.073533 0.996667 0.035313 1.750654 -0.970376 0.079675 -0.228086 6.612112
-0.234714 -0.017789 0.971902 151.526978 0.073246 0.996666 0.035931 1.798388 -0.969301 0.079621 -0.232629 6.157833
-0.234714 -0.017789 0.971902 151.526978 0.073246 0.996666 0.035931 1.798388 -0.969301 0.079621 -0.232629 6.157833
-0.242714 -0.018585 0.969920 155.770248 0.073898 0.996557 0.037588 1.893121 -0.967279 0.080799 -0.240505 5.063370
-0.246997 -0.018075 0.968848 157.885040 0.074287 0.996530 0.037530 1.945325 -0.966165 0.081242 -0.244797 4.544737
-0.250591 -0.016597 0.967951 160.016098 0.074757 0.996536 0.036440 1.992301 -0.965202 0.081493 -0.248482 4.021602
-0.253662 -0.016085 0.967159 162.166122 0.074629 0.996556 0.036147 2.040899 -0.964410 0.081347 -0.251588 3.491123
-0.253662 -0.016085 0.967159 162.166122 0.074629 0.996556 0.036147 2.040899 -0.964410 0.081347 -0.251588 3.491123
-0.259905 -0.014721 0.965522 166.465134 0.074419 0.996605 0.035227 2.114903 -0.962762 0.081009 -0.257927 2.359028
-0.263686 -0.014594 0.964498 168.638596 0.074241 0.996613 0.035377 2.159005 -0.961747 0.080934 -0.261710 1.800358
-0.267583 -0.014446 0.963426 170.814316 0.075594 0.996491 0.035937 2.207679 -0.960565 0.082445 -0.265552 1.232306
-0.270983 -0.014170 0.962480 172.991928 0.077789 0.996299 0.036569 2.255081 -0.959436 0.084780 -0.268878 0.657728
-0.274103 -0.015346 0.961578 175.184738 0.077809 0.996241 0.038079 2.314055 -0.958547 0.085257 -0.271879 -0.019810
-0.274103 -0.015346 0.961578 175.184738 0.077809 0.996241 0.038079 2.314055 -0.958547 0.085257 -0.271879 -0.019810
-0.274103 -0.015346 0.961578 175.184738 0.077809 0.996241 0.038079 2.314055 -0.958547 0.085257 -0.271879 -0.019810
-0.274103 -0.015346 0.961578 175.184738 0.077809 0.996241 0.038079 2.314055 -0.958547 0.085257 -0.271879 -0.019810
-0.274103 -0.015346 0.961578 175.184738 0.077809 0.996241 0.038079 2.314055 -0.958547 0.085257 -0.271879 -0.019810
-0.284280 -0.013298 0.958649 183.970474 0.075310 0.996505 0.036155 2.504966 -0.955779 0.082474 -0.282285 -2.425081
-0.290894 -0.010517 0.956697 188.399353 0.073488 0.996740 0.033301 2.611268 -0.953929 0.079993 -0.289173 -3.768608
-0.294114 -0.010202 0.955716 190.636185 0.074097 0.996690 0.033443 2.654454 -0.952894 0.080651 -0.292385 -4.416214
-0.297436 -0.010741 0.954681 192.875793 0.074187 0.996653 0.034327 2.698185 -0.951855 0.081035 -0.295643 -5.070287
-0.300907 -0.011493 0.953584 195.115585 0.073952 0.996635 0.035347 2.744277 -0.950782 0.081156 -0.299045 -5.740822
-0.300907 -0.011493 0.953584 195.115585 0.073952 0.996635 0.035347 2.744277 -0.950782 0.081156 -0.299045 -5.740822
-0.309437 -0.012848 0.950833 199.597137 0.071797 0.996739 0.036834 2.852993 -0.948206 0.079665 -0.307505 -7.248266
-0.312816 -0.012177 0.949736 201.830429 0.071355 0.996791 0.036282 2.903231 -0.947129 0.079118 -0.310944 -7.942485
-0.315680 -0.011939 0.948790 204.080292 0.071295 0.996796 0.036265 2.950118 -0.946183 0.079092 -0.313818 -8.653878
-0.317936 -0.011290 0.948045 206.314743 0.072691 0.996696 0.036247 2.992905 -0.945321 0.080439 -0.316065 -9.381705
-0.317936 -0.011290 0.948045 206.314743 0.072691 0.996696 0.036247 2.992905 -0.945321 0.080439 -0.316065 -9.381705
-0.324393 -0.012820 0.945835 210.761139 0.073558 0.996538 0.038736 3.099838 -0.943058 0.082140 -0.322327 -10.927718
-0.326458 -0.012359 0.945131 213.001648 0.074740 0.996446 0.038846 3.151841 -0.942252 0.083321 -0.324374 -11.676952
-0.329177 -0.012022 0.944192 215.242615 0.074643 0.996459 0.038710 3.194244 -0.941313 0.083220 -0.327114 -12.431242
-0.331467 -0.011651 0.943395 217.487030 0.074823 0.996450 0.038596 3.245709 -0.940495 0.083381 -0.329418 -13.211663
-0.331467 -0.011651 0.943395 217.487030 0.074823 0.996450 0.038596 3.245709 -0.940495 0.083381 -0.329418 -13.211663
-0.337422 -0.010039 0.941300 221.996857 0.073252 0.996631 0.036888 3.357128 -0.938499 0.081399 -0.335550 -14.825754
-0.339860 -0.009858 0.940424 224.249435 0.071960 0.996741 0.036454 3.399559 -0.937719 0.080062 -0.338043 -15.593089
-0.341811 -0.009400 0.939722 226.491058 0.072357 0.996718 0.036289 3.445179 -0.936979 0.080400 -0.340009 -16.389982
-0.344681 -0.009904 0.938668 228.755814 0.073895 0.996555 0.037650 3.487291 -0.935807 0.082340 -0.342762 -17.198416
-0.347818 -0.011212 0.937495 231.019974 0.072023 0.996654 0.038641 3.537016 -0.934792 0.080961 -0.345847 -18.065550
-0.347818 -0.011212 0.937495 231.019974 0.072023 0.996654 0.038641 3.537016 -0.934792 0.080961 -0.345847 -18.065550
-0.347818 -0.011212 0.937495 231.019974 0.072023 0.996654 0.038641 3.537016 -0.934792 0.080961 -0.345847 -18.065550
-0.347818 -0.011212 0.937495 231.019974 0.072023 0.996654 0.038641 3.537016 -0.934792 0.080961 -0.345847 -18.065550
-0.347818 -0.011212 0.937495 231.019974 0.072023 0.996654 0.038641 3.537016 -0.934792 0.080961 -0.345847 -18.065550
-0.357584 -0.013307 0.933786 240.071884 0.067617 0.996905 0.040099 3.741972 -0.931430 0.077479 -0.355578 -21.349337
-0.366400 -0.014193 0.930349 244.533051 0.065876 0.996979 0.041153 3.863124 -0.928123 0.076366 -0.364358 -23.101370
-0.370155 -0.014663 0.928854 246.799179 0.065193 0.997000 0.041719 3.916178 -0.926680 0.075997 -0.368089 -23.945925
-0.373595 -0.014921 0.927472 249.033173 0.064264 0.997052 0.041926 3.976789 -0.925363 0.075267 -0.371535 -24.801212
-0.377134 -0.014681 0.926042 251.272034 0.064064 0.997066 0.041897 4.034245 -0.923940 0.075127 -0.375086 -25.671162
-0.377134 -0.014681 0.926042 251.272034 0.064064 0.997066 0.041897 4.034245 -0.923940 0.075127 -0.375086 -25.671162
-0.385588 -0.014348 0.922560 255.691116 0.064560 0.997009 0.042489 4.142994 -0.920410 0.075943 -0.383508 -27.528860
-0.389000 -0.014242 0.921128 257.930756 0.063715 0.997070 0.042323 4.200830 -0.919032 0.075153 -0.386953 -28.436361
-0.392584 -0.014209 0.919606 260.155853 0.063926 0.997041 0.042696 4.269919 -0.917492 0.075548 -0.390514 -29.343206
-0.396086 -0.013862 0.918109 262.388428 0.064531 0.996993 0.042892 4.337088 -0.915943 0.076235 -0.394000 -30.258320
-0.396086 -0.013862 0.918109 262.388428 0.064531 0.996993 0.042892 4.337088 -0.915943 0.076235 -0.394000 -30.258320
-0.404133 -0.011325 0.914630 266.767426 0.067419 0.996835 0.042132 4.465114 -0.912212 0.078691 -0.402091 -32.211903
-0.407689 -0.010880 0.913056 268.974152 0.068396 0.996756 0.042417 4.529366 -0.910556 0.079742 -0.405622 -33.170502
-0.411228 -0.009604 0.911482 271.181580 0.069809 0.996676 0.041997 4.597502 -0.908855 0.080900 -0.409190 -34.148609
-0.414874 -0.007938 0.909844 273.374542 0.071662 0.996571 0.041371 4.657726 -0.907053 0.082365 -0.412882 -35.130329
-0.414874 -0.007938 0.909844 273.374542 0.071662 0.996571 0.041371 4.657726 -0.907053 0.082365 -0.412882 -35.130329
-0.419685 -0.005934 0.907650 277.859558 0.072975 0.996521 0.040258 4.794481 -0.904732 0.083131 -0.417792 -37.172310
-0.423550 -0.006193 0.905852 280.095947 0.071980 0.996585 0.040469 4.867011 -0.903009 0.082344 -0.421657 -38.171276
-0.427794 -0.005231 0.903861 282.337219 0.072445 0.996568 0.040056 4.940953 -0.900968 0.082616 -0.425947 -39.198032
-0.431213 -0.005382 0.902234 284.591278 0.071453 0.996638 0.040096 5.008122 -0.899416 0.081757 -0.429379 -40.251091
-0.431439 -0.004571 0.902130 286.900360 0.070893 0.996723 0.038955 5.065027 -0.899352 0.080762 -0.429701 -41.355465
-0.431439 -0.004571 0.902130 286.900360 0.070893 0.996723 0.038955 5.065027 -0.899352 0.080762 -0.429701 -41.355465
-0.431439 -0.004571 0.902130 286.900360 0.070893 0.996723 0.038955 5.065027 -0.899352 0.080762 -0.429701 -41.355465
-0.431439 -0.004571 0.902130 286.900360 0.070893 0.996723 0.038955 5.065027 -0.899352 0.080762 -0.429701 -41.355465
-0.431439 -0.004571 0.902130 286.900360 0.070893 0.996723 0.038955 5.065027 -0.899352 0.080762 -0.429701 -41.355465
-0.441424 -0.005158 0.897284 295.935730 0.073482 0.996417 0.041878 5.346549 -0.894285 0.084420 -0.439463 -45.678841
-0.445876 -0.006393 0.895072 300.524231 0.074178 0.996271 0.044067 5.507244 -0.892016 0.086043 -0.443739 -47.922089
-0.447951 -0.007155 0.894029 302.811188 0.074364 0.996205 0.045232 5.584271 -0.890960 0.086745 -0.445719 -49.044586
-0.450509 -0.006746 0.892747 305.085541 0.074185 0.996230 0.044964 5.663681 -0.889684 0.086485 -0.448310 -50.166683
-0.452938 -0.005332 0.891526 307.371613 0.073055 0.996397 0.043075 5.740020 -0.888544 0.084641 -0.450916 -51.311504
-0.452938 -0.005332 0.891526 307.371613 0.073055 0.996397 0.043075 5.740020 -0.888544 0.084641 -0.450916 -51.311504
-0.459108 -0.007850 0.888346 312.107819 0.068680 0.996655 0.044302 5.893896 -0.885721 0.081351 -0.457033 -53.653282
-0.463962 -0.010169 0.885797 314.440552 0.066004 0.996758 0.046015 5.977485 -0.883393 0.079815 -0.461786 -54.814255
-0.468511 -0.011328 0.883385 316.770538 0.064706 0.996792 0.047100 6.072856 -0.881085 0.079227 -0.466275 -55.999603
-0.472425 -0.011662 0.881294 319.096252 0.064569 0.996768 0.047802 6.164390 -0.879002 0.079487 -0.470145 -57.189255
-0.472425 -0.011662 0.881294 319.096252 0.064569 0.996768 0.047802 6.164390 -0.879002 0.079487 -0.470145 -57.189255
-0.481217 -0.009316 0.876552 323.803497 0.068874 0.996451 0.048402 6.355617 -0.873891 0.083663 -0.478868 -59.809681
-0.484918 -0.010121 0.874501 326.113342 0.068959 0.996377 0.049770 6.444294 -0.871837 0.084439 -0.482463 -61.072529
-0.489174 -0.011547 0.872110 328.404663 0.068388 0.996326 0.051551 6.537072 -0.869501 0.084859 -0.486587 -62.332596
-0.492642 -0.013514 0.870127 330.714264 0.067049 0.996318 0.053435 6.625357 -0.867646 0.084665 -0.489921 -63.607182
-0.492642 -0.013514 0.870127 330.714264 0.067049 0.996318 0.053435 6.625357 -0.867646 0.084665 -0.489921 -63.607182
-0.500972 -0.014178 0.865347 335.426666 0.066308 0.996298 0.054711 6.827317 -0.862919 0.084788 -0.498178 -66.272316
-0.504923 -0.014412 0.863044 337.731720 0.067091 0.996180 0.055887 6.929737 -0.860553 0.086121 -0.502027 -67.579376
-0.508353 -0.015290 0.861013 340.011841 0.067436 0.996065 0.057503 7.029624 -0.858504 0.087296 -0.505321 -68.901764
-0.512318 -0.016620 0.858635 342.296539 0.066339 0.996059 0.058862 7.134047 -0.856230 0.087117 -0.509196 -70.198875
-0.517339 -0.017545 0.855601 344.627838 0.064942 0.996102 0.059693 7.252121 -0.853313 0.086446 -0.514183 -71.613876
-0.517339 -0.017545 0.855601 344.627838 0.064942 0.996102 0.059693 7.252121 -0.853313 0.086446 -0.514183 -71.613876
-0.517339 -0.017545 0.855601 344.627838 0.064942 0.996102 0.059693 7.252121 -0.853313 0.086446 -0.514183 -71.613876
-0.517339 -0.017545 0.855601 344.627838 0.064942 0.996102 0.059693 7.252121 -0.853313 0.086446 -0.514183 -71.613876
-0.517339 -0.017545 0.855601 344.627838 0.064942 0.996102 0.059693 7.252121 -0.853313 0.086446 -0.514183 -71.613876
-0.530470 -0.020924 0.847445 353.620331 0.056154 0.996632 0.059758 7.720723 -0.845842 0.079287 -0.527509 -77.008270
-0.536446 -0.026244 0.843526 358.234009 0.049980 0.996774 0.062798 7.934112 -0.842453 0.075847 -0.533404 -79.839790
-0.539307 -0.026727 0.841685 360.474976 0.048983 0.996808 0.063038 8.052152 -0.840684 0.075225 -0.536276 -81.249535
-0.542472 -0.028476 0.839591 362.712250 0.046521 0.996873 0.063868 8.171526 -0.838785 0.073705 -0.539451 -82.655243
-0.545324 -0.032596 0.837592 364.956299 0.043103 0.996831 0.066856 8.294721 -0.837117 0.072560 -0.542191 -84.067001
-0.545324 -0.032596 0.837592 364.956299 0.043103 0.996831 0.066856 8.294721 -0.837117 0.072560 -0.542191 -84.067001
-0.551235 -0.032888 0.833702 369.512939 0.043818 0.996703 0.068290 8.587959 -0.833199 0.074175 -0.547976 -86.992714
-0.554257 -0.033198 0.831683 371.754181 0.042801 0.996746 0.068311 8.720464 -0.831244 0.073459 -0.551032 -88.448700
-0.557726 -0.034163 0.829322 373.980927 0.042061 0.996706 0.069345 8.849740 -0.828959 0.073558 -0.554452 -89.895752
-0.561320 -0.035377 0.826842 376.194122 0.040944 0.996675 0.070440 8.987170 -0.826585 0.073394 -0.558006 -91.358353
-0.561320 -0.035377 0.826842 376.194122 0.040944 0.996675 0.070440 8.987170 -0.826585 0.073394 -0.558006 -91.358353
-0.565427 -0.038160 0.823915 380.645477 0.032696 0.997107 0.068620 9.259471 -0.824150 0.065738 -0.562544 -94.352394
-0.567910 -0.036143 0.822297 382.784271 0.023589 0.997910 0.060154 9.398798 -0.822752 0.053559 -0.565871 -95.761444
-0.571321 -0.026788 0.820290 384.893860 0.031280 0.998030 0.054378 9.515589 -0.820131 0.056726 -0.569358 -97.219414
-0.572448 -0.025749 0.819537 387.038910 0.038712 0.997543 0.058383 9.613507 -0.819027 0.065147 -0.570045 -98.736008
-0.572448 -0.025749 0.819537 387.038910 0.038712 0.997543 0.058383 9.613507 -0.819027 0.065147 -0.570045 -98.736008
-0.577551 -0.042036 0.815272 391.537903 0.033349 0.996625 0.075012 9.855953 -0.815673 0.070512 -0.574200 -101.838646
-0.580299 -0.048184 0.812977 393.737915 0.027224 0.996543 0.078496 10.014889 -0.813948 0.067684 -0.576981 -103.354630
-0.583083 -0.049032 0.810932 395.920990 0.025424 0.996587 0.078538 10.183025 -0.812015 0.066412 -0.579846 -104.886292
-0.586259 -0.044459 0.808903 398.083893 0.030362 0.996586 0.076780 10.344487 -0.809555 0.069573 -0.582907 -106.435425
-0.587952 -0.040960 0.807858 400.325562 0.036252 0.996379 0.076902 10.515802 -0.808083 0.074502 -0.584338 -108.035446
-0.587952 -0.040960 0.807858 400.325562 0.036252 0.996379 0.076902 10.515802 -0.808083 0.074502 -0.584338 -108.035446
-0.587952 -0.040960 0.807858 400.325562 0.036252 0.996379 0.076902 10.515802 -0.808083 0.074502 -0.584338 -108.035446
-0.587952 -0.040960 0.807858 400.325562 0.036252 0.996379 0.076902 10.515802 -0.808083 0.074502 -0.584338 -108.035446
-0.587952 -0.040960 0.807858 400.325562 0.036252 0.996379 0.076902 10.515802 -0.808083 0.074502 -0.584338 -108.035446
-0.598772 -0.039929 0.799923 408.937256 0.038672 0.996150 0.078671 11.128032 -0.799985 0.078041 -0.594923 -114.268608
-0.601975 -0.040063 0.797509 413.317413 0.037412 0.996229 0.078285 11.430933 -0.797638 0.076962 -0.598206 -117.536766
-0.603195 -0.040336 0.796573 415.455566 0.037804 0.996152 0.079069 11.592896 -0.796697 0.077808 -0.599349 -119.135368
-0.604733 -0.041092 0.795368 417.614410 0.038609 0.995981 0.080811 11.762923 -0.795492 0.079578 -0.600716 -120.743645
-0.605952 -0.042200 0.794381 419.762878 0.040444 0.995666 0.083744 11.928542 -0.794472 0.082872 -0.601619 -122.358223
-0.605952 -0.042200 0.794381 419.762878 0.040444 0.995666 0.083744 11.928542 -0.794472 0.082872 -0.601619 -122.358223
-0.608051 -0.041613 0.792807 424.096283 0.041986 0.995542 0.084455 12.259583 -0.792787 0.084640 -0.603593 -125.632095
-0.609488 -0.041745 0.791695 426.235260 0.038905 0.995835 0.082460 12.428825 -0.791840 0.081060 -0.605325 -127.241135
-0.610929 -0.042089 0.790566 428.375214 0.036223 0.996054 0.081022 12.599539 -0.790857 0.078135 -0.606993 -128.843277
-0.612229 -0.042814 0.789521 430.514557 0.035576 0.996030 0.081599 12.772936 -0.789880 0.078046 -0.608275 -130.467606
-0.612229 -0.042814 0.789521 430.514557 0.035576 0.996030 0.081599 12.772936 -0.789880 0.078046 -0.608275 -130.467606
-0.612629 -0.044704 0.789106 434.811310 0.030371 0.996330 0.080022 13.093493 -0.789787 0.072989 -0.609023 -133.700317
-0.613252 -0.045491 0.788577 436.942719 0.029560 0.996319 0.080463 13.259184 -0.789334 0.072654 -0.609650 -135.322998
-0.613670 -0.046704 0.788180 439.039551 0.029930 0.996156 0.082331 13.427601 -0.788995 0.074114 -0.609913 -136.940781
-0.613804 -0.048142 0.787990 441.137512 0.031712 0.995830 0.085543 13.601147 -0.788822 0.077496 -0.609717 -138.560745
-0.613804 -0.048142 0.787990 441.137512 0.031712 0.995830 0.085543 13.601147 -0.788822 0.077496 -0.609717 -138.560745
-0.610915 -0.051040 0.790050 445.430542 0.039400 0.994723 0.094729 13.988750 -0.790716 0.088999 -0.605680 -141.887726
-0.609370 -0.052586 0.791140 447.537231 0.036711 0.994857 0.094403 14.178532 -0.792035 0.086570 -0.604306 -143.483154
-0.607787 -0.052955 0.792333 449.644135 0.030625 0.995469 0.090023 14.371054 -0.793510 0.078980 -0.603411 -145.067078
-0.606098 -0.054062 0.793551 451.768799 0.025888 0.995818 0.087614 14.571776 -0.794969 0.073646 -0.602163 -146.649414
-0.602149 -0.055356 0.796462 453.998810 0.022090 0.996056 0.085929 14.737872 -0.798078 0.069336 -0.598552 -148.276520
-0.602149 -0.055356 0.796462 453.998810 0.022090 0.996056 0.085929 14.737872 -0.798078 0.069336 -0.598552 -148.276520
-0.602149 -0.055356 0.796462 453.998810 0.022090 0.996056 0.085929 14.737872 -0.798078 0.069336 -0.598552 -148.276520
-0.602149 -0.055356 0.796462 453.998810 0.022090 0.996056 0.085929 14.737872 -0.798078 0.069336 -0.598552 -148.276520
-0.602149 -0.055356 0.796462 453.998810 0.022090 0.996056 0.085929 14.737872 -0.798078 0.069336 -0.598552 -148.276520
-0.591827 -0.059754 0.803848 462.544067 0.015657 0.996208 0.085580 15.453670 -0.805913 0.063235 -0.588647 -154.571320
-0.588145 -0.068891 0.805816 466.943726 -0.000117 0.996373 0.085097 15.792722 -0.808756 0.049955 -0.586020 -157.624847
-0.587265 -0.069238 0.806427 469.104431 -0.001429 0.996422 0.084511 15.977880 -0.809393 0.048478 -0.585263 -159.165421
-0.586044 -0.069757 0.807271 471.254059 -0.000278 0.996305 0.085889 16.157246 -0.810279 0.050110 -0.583898 -160.715790
-0.584587 -0.071587 0.808167 473.410767 0.001030 0.996034 0.088972 16.329863 -0.811330 0.052844 -0.582194 -162.275787
-0.584587 -0.071587 0.808167 473.410767 0.001030 0.996034 0.088972 16.329863 -0.811330 0.052844 -0.582194 -162.275787
-0.582711 -0.072814 0.809411 477.705963 -0.000549 0.996013 0.089206 16.696915 -0.812679 0.051537 -0.580428 -165.337524
-0.580825 -0.072721 0.810773 479.869202 -0.001995 0.996126 0.087917 16.883549 -0.814026 0.049447 -0.578720 -166.866089
-0.579202 -0.072284 0.811973 482.041443 -0.001678 0.996165 0.087484 17.062246 -0.815183 0.049308 -0.577101 -168.396255
-0.577943 -0.072201 0.812877 484.196381 0.000154 0.996069 0.088582 17.241917 -0.816077 0.051321 -0.575659 -169.916962
-0.577943 -0.072201 0.812877 484.196381 0.000154 0.996069 0.088582 17.241917 -0.816077 0.051321 -0.575659 -169.916962
-0.576317 -0.070798 0.814153 488.522491 0.002997 0.996051 0.088737 17.608757 -0.817220 0.053581 -0.573829 -172.997604
-0.575279 -0.071967 0.814785 490.698944 0.002394 0.995969 0.089661 17.792816 -0.817953 0.053530 -0.572788 -174.504761
-0.573931 -0.073236 0.815623 492.869080 0.002242 0.995849 0.090996 17.982450 -0.818901 0.054054 -0.571384 -176.020859
-0.572838 -0.075023 0.816228 495.044891 0.001779 0.995686 0.092767 18.173655 -0.819667 0.054593 -0.570234 -177.522217
-0.572838 -0.075023 0.816228 495.044891 0.001779 0.995686 0.092767 18.173655 -0.819667 0.054593 -0.570234 -177.522217
-0.571326 -0.072368 0.817526 499.386261 0.002402 0.995953 0.089842 18.554634 -0.820720 0.053293 -0.568840 -180.533417
-0.570736 -0.073205 0.817864 501.562927 0.002752 0.995842 0.091055 18.745640 -0.821129 0.054219 -0.568161 -182.025665
-0.569807 -0.074679 0.818378 503.738678 0.002174 0.995722 0.092375 18.938740 -0.821776 0.054415 -0.567207 -183.515839
-0.569583 -0.076034 0.818409 505.908142 0.001317 0.995626 0.093415 19.136717 -0.821933 0.054286 -0.566992 -184.995224
-0.569530 -0.075669 0.818480 508.120239 0.000638 0.995713 0.092498 19.312286 -0.821970 0.053203 -0.567040 -186.545135
-0.569530 -0.075669 0.818480 508.120239 0.000638 0.995713 0.092498 19.312286 -0.821970 0.053203 -0.567040 -186.545135
-0.569530 -0.075669 0.818480 508.120239 0.000638 0.995713 0.092498 19.312286 -0.821970 0.053203 -0.567040 -186.545135
-0.569530 -0.075669 0.818480 508.120239 0.000638 0.995713 0.092498 19.312286 -0.821970 0.053203 -0.567040 -186.545135
-0.569530 -0.075669 0.818480 508.120239 0.000638 0.995713 0.092498 19.312286 -0.821970 0.053203 -0.567040 -186.545135
-0.570612 -0.080144 0.817300 516.796631 -0.000340 0.995250 0.097356 20.107393 -0.821220 0.055275 -0.567928 -192.487854
-0.569729 -0.079600 0.817968 521.227356 -0.000741 0.995348 0.096346 20.506670 -0.821832 0.054284 -0.567138 -195.529831
-0.570020 -0.079712 0.817755 523.392212 -0.001169 0.995360 0.096209 20.712349 -0.821630 0.053885 -0.567469 -197.018066
-0.569889 -0.079978 0.817820 525.552185 -0.000715 0.995300 0.096836 20.919064 -0.821721 0.054601 -0.567268 -198.505051
-0.569670 -0.080918 0.817880 527.730286 -0.000853 0.995199 0.097867 21.125050 -0.821873 0.055054 -0.567004 -200.000381
-0.569670 -0.080918 0.817880 527.730286 -0.000853 0.995199 0.097867 21.125050 -0.821873 0.055054 -0.567004 -200.000381
-0.569273 -0.079069 0.818337 532.147949 0.000024 0.995363 0.096190 21.523888 -0.822148 0.054778 -0.566632 -203.020599
-0.569457 -0.080016 0.818118 534.320618 -0.000278 0.995270 0.097149 21.734428 -0.822021 0.055095 -0.566785 -204.504547
-0.569588 -0.081899 0.817840 536.475830 -0.000792 0.995078 0.099096 21.937683 -0.821930 0.055796 -0.566849 -205.973114
-0.569598 -0.083634 0.817657 538.642029 -0.001306 0.994900 0.100853 22.151449 -0.821923 0.056378 -0.566802 -207.457047
-0.569598 -0.083634 0.817657 538.642029 -0.001306 0.994900 0.100853 22.151449 -0.821923 0.056378 -0.566802 -207.457047
-0.567959 -0.081558 0.819006 543.088013 -0.000178 0.995090 0.098969 22.568855 -0.823057 0.056065 -0.565185 -210.497833
-0.567875 -0.082359 0.818984 545.253723 -0.000309 0.995003 0.099846 22.781651 -0.823115 0.056447 -0.565063 -211.975281
-0.567835 -0.083629 0.818883 547.420227 -0.000874 0.994886 0.100997 22.993132 -0.823142 0.056634 -0.565004 -213.458267
-0.567571 -0.084279 0.819000 549.584595 -0.001565 0.994856 0.101291 23.212278 -0.823323 0.056209 -0.564783 -214.934830
-0.567571 -0.084279 0.819000 549.584595 -0.001565 0.994856 0.101291 23.212278 -0.823323 0.056209 -0.564783 -214.934830
-0.567893 -0.084353 0.818768 554.027222 -0.001187 0.994818 0.101668 23.642460 -0.823101 0.056765 -0.565050 -217.971878
-0.567880 -0.086210 0.818584 556.194031 -0.001570 0.994612 0.103660 23.862963 -0.823110 0.057582 -0.564955 -219.447586
-0.568303 -0.087566 0.818146 558.356262 -0.002172 0.994477 0.104930 24.087297 -0.822816 0.057855 -0.565355 -220.924805
-0.568816 -0.087044 0.817846 560.516418 -0.002689 0.994575 0.103984 24.311304 -0.822461 0.056948 -0.565964 -222.397568
-0.567676 -0.083717 0.818985 562.797974 -0.002473 0.994985 0.099994 24.535851 -0.823248 0.054739 -0.565036 -223.936493
-0.567676 -0.083717 0.818985 562.797974 -0.002473 0.994985 0.099994 24.535851 -0.823248 0.054739 -0.565036 -223.936493
-0.567676 -0.083717 0.818985 562.797974 -0.002473 0.994985 0.099994 24.535851 -0.823248 0.054739 -0.565036 -223.936493
-0.567676 -0.083717 0.818985 562.797974 -0.002473 0.994985 0.099994 24.535851 -0.823248 0.054739 -0.565036 -223.936493
-0.567676 -0.083717 0.818985 562.797974 -0.002473 0.994985 0.099994 24.535851 -0.823248 0.054739 -0.565036 -223.936493
-0.568174 -0.087271 0.818268 571.507385 -0.001264 0.994452 0.105184 25.419746 -0.822908 0.058728 -0.565132 -229.869873
-0.566947 -0.085365 0.819319 575.944763 0.000298 0.994595 0.103834 25.875834 -0.823754 0.059113 -0.563857 -232.903854
-0.567039 -0.085782 0.819212 578.120728 0.000808 0.994504 0.104697 26.105015 -0.823691 0.060029 -0.563853 -234.390778
-0.566852 -0.086798 0.819234 580.289124 0.001282 0.994340 0.106238 26.332504 -0.823819 0.061271 -0.563533 -235.878189
-0.566640 -0.088136 0.819238 582.476440 0.001167 0.994176 0.107763 26.560934 -0.823964 0.062019 -0.563237 -237.363693
-0.566640 -0.088136 0.819238 582.476440 0.001167 0.994176 0.107763 26.560934 -0.823964 0.062019 -0.563237 -237.363693
-0.565746 -0.087047 0.819972 586.929749 0.003094 0.994181 0.107676 27.034632 -0.824574 0.063454 -0.562185 -240.389481
-0.565621 -0.088374 0.819917 589.100220 0.003014 0.994013 0.109218 27.267361 -0.824660 0.064248 -0.561968 -241.866211
-0.565316 -0.090173 0.819931 591.269897 0.001989 0.993855 0.110672 27.500864 -0.824872 0.064196 -0.561663 -243.331604
-0.565012 -0.092196 0.819916 593.460205 0.000370 0.993709 0.111993 27.743200 -0.825083 0.063581 -0.561423 -244.810699
-0.565012 -0.092196 0.819916 593.460205 0.000370 0.993709 0.111993 27.743200 -0.825083 0.063581 -0.561423 -244.810699
-0.562528 -0.088908 0.821984 597.953125 0.002784 0.993992 0.109418 28.235012 -0.826773 0.063839 -0.558901 -247.842422
-0.561695 -0.089000 0.822543 600.137573 0.003488 0.993934 0.109926 28.465960 -0.827337 0.064614 -0.557978 -249.317398
-0.561185 -0.090393 0.822739 602.311707 0.003338 0.993763 0.111460 28.701263 -0.827683 0.065296 -0.557384 -250.780075
-0.560736 -0.091880 0.822881 604.468445 0.003346 0.993565 0.113218 28.944016 -0.827988 0.066239 -0.556820 -252.225235
-0.560736 -0.091880 0.822881 604.468445 0.003346 0.993565 0.113218 28.944016 -0.827988 0.066239 -0.556820 -252.225235
-0.558498 -0.089774 0.824634 608.913818 0.004165 0.993810 0.111012 29.428963 -0.829495 0.065435 -0.554667 -255.212738
-0.557851 -0.090590 0.824982 611.093933 0.003657 0.993747 0.111595 29.672337 -0.829933 0.065270 -0.554031 -256.666077
-0.557082 -0.091842 0.825364 613.283447 0.003084 0.993630 0.112647 29.916191 -0.830452 0.065299 -0.553250 -258.117432
-0.556423 -0.092628 0.825720 615.465820 0.002323 0.993589 0.113025 30.162472 -0.830896 0.064808 -0.552641 -259.570282
-0.555225 -0.092328 0.826559 617.759705 0.001924 0.993674 0.112287 30.404655 -0.831698 0.063935 -0.551535 -261.077362
-0.555225 -0.092328 0.826559 617.759705 0.001924 0.993674 0.112287 30.404655 -0.831698 0.063935 -0.551535 -261.077362
-0.555225 -0.092328 0.826559 617.759705 0.001924 0.993674 0.112287 30.404655 -0.831698 0.063935 -0.551535 -261.077362
-0.555225 -0.092328 0.826559 617.759705 0.001924 0.993674 0.112287 30.404655 -0.831698 0.063935 -0.551535 -261.077362
-0.555225 -0.092328 0.826559 617.759705 0.001924 0.993674 0.112287 30.404655 -0.831698 0.063935 -0.551535 -261.077362
-0.555528 -0.095681 0.825974 626.516541 -0.000732 0.993413 0.114584 31.395439 -0.831497 0.063050 -0.551939 -266.849243
-0.554780 -0.095057 0.826549 630.965393 -0.000631 0.993500 0.113834 31.894630 -0.831997 0.062631 -0.551234 -269.804626
-0.555066 -0.093845 0.826495 633.151367 -0.000579 0.993659 0.112437 32.146263 -0.831806 0.061932 -0.551600 -271.250671
-0.554843 -0.093370 0.826699 635.340027 -0.000676 0.993733 0.111781 32.391418 -0.831955 0.061462 -0.551428 -272.697113
-0.554686 -0.094119 0.826720 637.531006 -0.001514 0.993694 0.112113 32.631660 -0.832059 0.060936 -0.551330 -274.134338
-0.554686 -0.094119 0.826720 637.531006 -0.001514 0.993694 0.112113 32.631660 -0.832059 0.060936 -0.551330 -274.134338
-0.553624 -0.093676 0.827481 642.021118 0.000753 0.993596 0.112985 33.137688 -0.832766 0.063175 -0.550008 -277.088562
-0.553313 -0.094749 0.827567 644.211365 0.000243 0.993491 0.113909 33.382896 -0.832973 0.063229 -0.549689 -278.528473
-0.552902 -0.095160 0.827795 646.421204 -0.000180 0.993471 0.114086 33.627872 -0.833246 0.062929 -0.549309 -279.972717
-0.552580 -0.095432 0.827978 648.621155 -0.000501 0.993461 0.114171 33.878742 -0.833460 0.062674 -0.549015 -281.407928
-0.552580 -0.095432 0.827978 648.621155 -0.000501 0.993461 0.114171 33.878742 -0.833460 0.062674 -0.549015 -281.407928
-0.551570 -0.095033 0.828697 653.122620 0.000876 0.993422 0.114506 34.393185 -0.834128 0.063884 -0.547858 -284.368774
-0.551047 -0.095641 0.828975 655.282837 0.000998 0.993334 0.115266 34.640404 -0.834473 0.064344 -0.547279 -285.777649
-0.550269 -0.096495 0.829393 657.451477 0.000208 0.993284 0.115701 34.887630 -0.834987 0.063839 -0.546554 -287.201691
-0.549529 -0.096371 0.829898 659.652222 0.000142 0.993314 0.115441 35.135471 -0.835474 0.063556 -0.545842 -288.634125
