1.000000 0.000000 0.000000 0.000000 0.000000 1.000000 0.000000 0.000000 0.000000 0.000000 1.000000 0.000000
1.000000 0.000000 0.000000 0.000000 0.000000 1.000000 0.000000 0.000000 0.000000 0.000000 1.000000 0.000000
1.000000 0.000000 0.000000 0.000000 0.000000 1.000000 0.000000 0.000000 0.000000 0.000000 1.000000 0.000000
1.000000 0.000000 0.000000 0.000000 0.000000 1.000000 0.000000 0.000000 0.000000 0.000000 1.000000 0.000000
0.999995 -0.002289 -0.002129 0.196744 0.002297 0.999990 0.003857 -0.019764 0.002121 -0.003862 0.999990 1.185184
0.999997 -0.001399 -0.001980 0.294498 0.001407 0.999989 0.004457 -0.048801 0.001973 -0.004460 0.999988 2.976231
0.999997 -0.001827 -0.001388 0.309653 0.001833 0.999987 0.004711 -0.068080 0.001380 -0.004714 0.999988 4.156544
0.999993 -0.002724 -0.002395 0.328670 0.002735 0.999986 0.004565 -0.096325 0.002382 -0.004572 0.999987 5.529402
0.999988 -0.003687 -0.003206 0.328915 0.003703 0.999981 0.004912 -0.119902 0.003188 -0.004924 0.999983 6.991367
0.999988 -0.003687 -0.003206 0.328915 0.003703 0.999981 0.004912 -0.119902 0.003188 -0.004924 0.999983 6.991367
0.999953 -0.004691 -0.008440 0.224139 0.004740 0.999972 0.005803 -0.163135 0.008413 -0.005843 0.999948 10.125896
0.999950 -0.003126 -0.009493 0.199185 0.003189 0.999973 0.006656 -0.190159 0.009472 -0.006686 0.999933 11.622137
0.999948 -0.002067 -0.010001 0.167695 0.002142 0.999970 0.007455 -0.207531 0.009985 -0.007476 0.999922 13.113069
0.999950 -0.001147 -0.009902 0.138458 0.001229 0.999965 0.008303 -0.225209 0.009892 -0.008315 0.999916 14.598182
0.999950 -0.001147 -0.009902 0.138458 0.001229 0.999965 0.008303 -0.225209 0.009892 -0.008315 0.999916 14.598182
0.999940 0.000220 -0.010999 0.086005 -0.000122 0.999960 0.008897 -0.273166 0.011001 -0.008895 0.999900 17.626537
0.999941 0.001144 -0.010827 0.057385 -0.001039 0.999952 0.009709 -0.294457 0.010838 -0.009697 0.999894 19.068083
0.999940 0.001478 -0.010881 0.027308 -0.001362 0.999942 0.010688 -0.311833 0.010896 -0.010672 0.999884 20.515987
0.999942 0.001753 -0.010620 0.006531 -0.001646 0.999948 0.010063 -0.332488 0.010637 -0.010045 0.999893 21.953667
0.999942 0.001753 -0.010620 0.006531 -0.001646 0.999948 0.010063 -0.332488 0.010637 -0.010045 0.999893 21.953667
0.999943 0.000256 -0.010655 -0.053651 -0.000172 0.999969 0.007899 -0.359494 0.010657 -0.007897 0.999912 24.817667
0.999945 -0.000628 -0.010462 -0.071623 0.000733 0.999949 0.010098 -0.378619 0.010455 -0.010106 0.999894 26.228086
0.999947 -0.002343 -0.009994 -0.080440 0.002460 0.999928 0.011746 -0.397302 0.009966 -0.011770 0.999881 27.630304
0.999945 -0.003204 -0.009996 -0.094862 0.003317 0.999930 0.011361 -0.419469 0.009959 -0.011394 0.999885 29.008806
0.999949 -0.003150 -0.009595 -0.122463 0.003248 0.999943 0.010190 -0.426709 0.009562 -0.010221 0.999902 30.439346
0.999949 -0.003150 -0.009595 -0.122463 0.003248 0.999943 0.010190 -0.426709 0.009562 -0.010221 0.999902 30.439346
0.999949 -0.003150 -0.009595 -0.122463 0.003248 0.999943 0.010190 -0.426709 0.009562 -0.010221 0.999902 30.439346
0.999949 -0.003150 -0.009595 -0.122463 0.003248 0.999943 0.010190 -0.426709 0.009562 -0.010221 0.999902 30.439346
0.999949 -0.003150 -0.009595 -0.122463 0.003248 0.999943 0.010190 -0.426709 0.009562 -0.010221 0.999902 30.439346
0.999987 -0.001161 -0.004935 -0.197080 0.001220 0.999928 0.011966 -0.504535 0.004920 -0.011972 0.999916 35.771790
0.999998 -0.001512 -0.001324 -0.231826 0.001530 0.999899 0.014105 -0.536629 0.001303 -0.014107 0.999900 38.400707
0.999996 -0.002041 0.002015 -0.240249 0.002013 0.999901 0.013955 -0.551485 -0.002043 -0.013951 0.999901 39.649494
0.999980 -0.002788 0.005759 -0.238856 0.002715 0.999917 0.012624 -0.565801 -0.005794 -0.012609 0.999904 40.886696
0.999951 -0.002847 0.009450 -0.239788 0.002739 0.999932 0.011380 -0.580015 -0.009481 -0.011354 0.999891 42.105598
0.999951 -0.002847 0.009450 -0.239788 0.002739 0.999932 0.011380 -0.580015 -0.009481 -0.011354 0.999891 42.105598
0.999825 -0.001977 0.018628 -0.221972 0.001761 0.999931 0.011594 -0.616071 -0.018650 -0.011559 0.999759 44.574593
0.999686 -0.000638 0.025066 -0.205463 0.000365 0.999941 0.010867 -0.630792 -0.025071 -0.010854 0.999627 45.754814
0.999483 0.000773 0.032148 -0.186219 -0.001141 0.999934 0.011416 -0.646331 -0.032137 -0.011447 0.999418 46.929008
0.999176 0.001750 0.040544 -0.159413 -0.002263 0.999918 0.012634 -0.658652 -0.040519 -0.012715 0.999098 48.078960
0.999176 0.001750 0.040544 -0.159413 -0.002263 0.999918 0.012634 -0.658652 -0.040519 -0.012715 0.999098 48.078960
0.997966 0.006603 0.063400 -0.063770 -0.007528 0.999869 0.014359 -0.689486 -0.063297 -0.014807 0.997885 50.432938
0.996959 0.008254 0.077487 -0.009220 -0.009475 0.999836 0.015407 -0.701492 -0.077347 -0.016094 0.996874 51.547943
0.995618 0.009895 0.092993 0.045943 -0.011522 0.999790 0.016974 -0.709732 -0.092806 -0.017971 0.995522 52.658031
0.993856 0.010062 0.110219 0.140667 -0.012157 0.999758 0.018350 -0.715685 -0.110007 -0.019577 0.993738 53.744591
0.993856 0.010062 0.110219 0.140667 -0.012157 0.999758 0.018350 -0.715685 -0.110007 -0.019577 0.993738 53.744591
0.988462 0.008635 0.151225 0.461172 -0.011346 0.999790 0.017075 -0.729610 -0.151046 -0.018594 0.988352 55.943214
0.985005 0.005914 0.172426 0.626570 -0.008986 0.999814 0.017041 -0.730020 -0.172293 -0.018335 0.984875 57.002903
0.980948 0.001550 0.194263 0.820839 -0.005393 0.999800 0.019256 -0.736054 -0.194194 -0.019937 0.980760 58.045837
0.976346 -0.004069 0.216177 1.038668 -0.000523 0.999776 0.021180 -0.736881 -0.216215 -0.020792 0.976124 59.057140
0.970329 -0.011119 0.241532 1.311243 0.006295 0.999765 0.020734 -0.732293 -0.241706 -0.018598 0.970171 60.073196
0.970329 -0.011119 0.241532 1.311243 0.006295 0.999765 0.020734 -0.732293 -0.241706 -0.018598 0.970171 60.073196
0.970329 -0.011119 0.241532 1.311243 0.006295 0.999765 0.020734 -0.732293 -0.241706 -0.018598 0.970171 60.073196
0.970329 -0.011119 0.241532 1.311243 0.006295 0.999765 0.020734 -0.732293 -0.241706 -0.018598 0.970171 60.073196
0.970329 -0.011119 0.241532 1.311243 0.006295 0.999765 0.020734 -0.732293 -0.241706 -0.018598 0.970171 60.073196
0.938766 -0.028619 0.343366 2.468648 0.020627 0.999425 0.026906 -0.739506 -0.343939 -0.018176 0.938816 63.893951
0.914520 -0.031932 0.403279 3.244333 0.024168 0.999412 0.024329 -0.739749 -0.403818 -0.012503 0.914754 65.717087
0.901738 -0.033170 0.431008 3.632607 0.027351 0.999432 0.019693 -0.728902 -0.431417 -0.005970 0.902133 66.583344
0.887575 -0.035331 0.459306 4.055878 0.030419 0.999373 0.018091 -0.725942 -0.459658 -0.002085 0.888094 67.425209
0.872004 -0.035996 0.488174 4.491536 0.029089 0.999341 0.021727 -0.734502 -0.488634 -0.004745 0.872476 68.287056
0.872004 -0.035996 0.488174 4.491536 0.029089 0.999341 0.021727 -0.734502 -0.488634 -0.004745 0.872476 68.287056
0.834135 -0.036793 0.550331 5.467185 0.022532 0.999213 0.032652 -0.746517 -0.551099 -0.014836 0.834308 69.917564
0.813578 -0.032634 0.580539 5.961380 0.019217 0.999387 0.029248 -0.741697 -0.581138 -0.012639 0.813707 70.707901
0.792008 -0.026591 0.609931 6.489837 0.015726 0.999608 0.023159 -0.732540 -0.610308 -0.008750 0.792116 71.465759
0.769890 -0.024647 0.637701 7.043911 0.014052 0.999666 0.021673 -0.716284 -0.638022 -0.007725 0.769979 72.199852
0.769890 -0.024647 0.637701 7.043911 0.014052 0.999666 0.021673 -0.716284 -0.638022 -0.007725 0.769979 72.199852
0.720372 -0.027430 0.693045 8.285502 0.014203 0.999592 0.024800 -0.700928 -0.693443 -0.008022 0.720467 73.498749
0.694893 -0.026992 0.718606 8.920605 0.015230 0.999624 0.022820 -0.703062 -0.718952 -0.004912 0.695043 74.143280
0.668464 -0.025419 0.743310 9.554424 0.014522 0.999671 0.021127 -0.696227 -0.743602 -0.003328 0.668614 74.765549
0.642207 -0.023708 0.766165 10.211618 0.012344 0.999712 0.020588 -0.688915 -0.766432 -0.003764 0.642314 75.366043
0.642207 -0.023708 0.766165 10.211618 0.012344 0.999712 0.020588 -0.688915 -0.766432 -0.003764 0.642314 75.366043
0.584533 -0.016979 0.811192 11.643107 0.010654 0.999855 0.013251 -0.692762 -0.811300 0.000896 0.584629 76.455437
0.555046 -0.008752 0.831774 12.351211 0.008963 0.999950 0.004541 -0.687933 -0.831772 0.004935 0.555096 76.967484
0.524398 -0.001805 0.851471 13.089216 0.007440 0.999969 -0.002462 -0.694293 -0.851441 0.007626 0.524395 77.467491
0.493284 0.001985 0.869866 13.856439 0.004475 0.999978 -0.004820 -0.704350 -0.869857 0.006270 0.493264 77.947243
0.459634 0.002750 0.888104 14.680938 -0.000441 0.999996 -0.002868 -0.735177 -0.888108 0.000927 0.459633 78.364479
0.459634 0.002750 0.888104 14.680938 -0.000441 0.999996 -0.002868 -0.735177 -0.888108 0.000927 0.459633 78.364479
0.459634 0.002750 0.888104 14.680938 -0.000441 0.999996 -0.002868 -0.735177 -0.888108 0.000927 0.459633 78.364479
0.459634 0.002750 0.888104 14.680938 -0.000441 0.999996 -0.002868 -0.735177 -0.888108 0.000927 0.459633 78.364479
0.459634 0.002750 0.888104 14.680938 -0.000441 0.999996 -0.002868 -0.735177 -0.888108 0.000927 0.459633 78.364479
0.324977 0.004051 0.945713 18.031466 -0.021367 0.999767 0.003060 -0.787822 -0.945480 -0.021201 0.324988 79.928810
0.250549 0.002159 0.968101 19.854254 -0.027800 0.999601 0.004966 -0.803029 -0.967705 -0.028157 0.250509 80.498985
0.215452 0.000966 0.976514 20.781876 -0.027632 0.999605 0.005108 -0.811619 -0.976123 -0.028083 0.215394 80.735794
0.180394 -0.000354 0.983594 21.730627 -0.026115 0.999646 0.005150 -0.811104 -0.983248 -0.026616 0.180321 80.935837
0.146161 -0.001700 0.989259 22.690372 -0.019770 0.999794 0.004639 -0.820493 -0.989063 -0.020236 0.146097 81.094917
0.146161 -0.001700 0.989259 22.690372 -0.019770 0.999794 0.004639 -0.820493 -0.989063 -0.020236 0.146097 81.094917
0.079741 0.004989 0.996803 24.606987 -0.015841 0.999868 -0.003738 -0.845912 -0.996690 -0.015492 0.079809 81.260338
0.050991 0.007286 0.998673 25.580851 -0.011848 0.999907 -0.006690 -0.869480 -0.998629 -0.011491 0.051072 81.319374
0.026415 0.005160 0.999638 26.571524 -0.010246 0.999936 -0.004891 -0.891884 -0.999599 -0.010113 0.026466 81.368446
0.005577 0.001710 0.999983 27.587856 -0.010036 0.999948 -0.001654 -0.908613 -0.999934 -0.010026 0.005594 81.409843
0.005577 0.001710 0.999983 27.587856 -0.010036 0.999948 -0.001654 -0.908613 -0.999934 -0.010026 0.005594 81.409843
-0.030761 0.001903 0.999525 29.571898 -0.006174 0.999979 -0.002094 -0.939725 -0.999508 -0.006235 -0.030749 81.330734
-0.044497 0.006638 0.998987 30.551086 -0.002965 0.999973 -0.006776 -0.946501 -0.999005 -0.003263 -0.044476 81.297836
-0.055754 0.010676 0.998387 31.544970 -0.000393 0.999943 -0.010715 -0.968312 -0.998444 -0.000990 -0.055747 81.253365
-0.064131 0.014802 0.997832 32.538322 0.005606 0.999880 -0.014472 -0.982432 -0.997926 0.004665 -0.064206 81.183617
-0.064131 0.014802 0.997832 32.538322 0.005606 0.999880 -0.014472 -0.982432 -0.997926 0.004665 -0.064206 81.183617
-0.076106 0.023917 0.996813 34.504333 0.011992 0.999662 -0.023069 -1.054458 -0.997028 0.010198 -0.076367 80.965950
-0.078313 0.027192 0.996558 35.487675 0.012844 0.999573 -0.026265 -1.091426 -0.996846 0.010743 -0.078629 80.877274
-0.081534 0.030110 0.996216 36.470604 0.014242 0.999477 -0.029043 -1.127918 -0.996569 0.011820 -0.081920 80.790199
-0.083333 0.033191 0.995969 37.454784 0.014933 0.999375 -0.032055 -1.167940 -0.996410 0.012202 -0.083777 80.706146
-0.087394 0.037402 0.995471 38.482071 0.016339 0.999214 -0.036108 -1.225058 -0.996040 0.013109 -0.087936 80.620186
-0.087394 0.037402 0.995471 38.482071 0.016339 0.999214 -0.036108 -1.225058 -0.996040 0.013109 -0.087936 80.620186
-0.087394 0.037402 0.995471 38.482071 0.016339 0.999214 -0.036108 -1.225058 -0.996040 0.013109 -0.087936 80.620186
-0.087394 0.037402 0.995471 38.482071 0.016339 0.999214 -0.036108 -1.225058 -0.996040 0.013109 -0.087936 80.620186
-0.087394 0.037402 0.995471 38.482071 0.016339 0.999214 -0.036108 -1.225058 -0.996040 0.013109 -0.087936 80.620186
-0.096016 0.037462 0.994675 42.537552 0.017925 0.999195 -0.035902 -1.420789 -0.995218 0.014382 -0.096610 80.205475
-0.101562 0.041867 0.993948 44.603966 0.014698 0.999068 -0.040581 -1.531244 -0.994721 0.010488 -0.102083 80.027702
-0.104527 0.044988 0.993504 45.612034 0.012437 0.998957 -0.043926 -1.584968 -0.994444 0.007764 -0.104978 79.918137
-0.107261 0.048768 0.993034 46.639755 0.009382 0.998801 -0.048037 -1.645235 -0.994187 0.004164 -0.107590 79.802338
-0.109842 0.050891 0.992645 47.678970 0.006831 0.998703 -0.050445 -1.705150 -0.993926 0.001240 -0.110047 79.699135
-0.109842 0.050891 0.992645 47.678970 0.006831 0.998703 -0.050445 -1.705150 -0.993926 0.001240 -0.110047 79.699135
-0.113939 0.045933 0.992425 49.833954 -0.000394 0.998928 -0.046279 -1.839222 -0.993488 -0.005665 -0.113799 79.528023
-0.117014 0.043842 0.992162 50.882893 -0.000358 0.999023 -0.044188 -1.903818 -0.993130 -0.005526 -0.116884 79.393166
-0.119240 0.043925 0.991893 51.932056 -0.000463 0.999018 -0.044296 -1.963381 -0.992865 -0.005741 -0.119103 79.276566
-0.121085 0.046495 0.991553 52.974953 0.001287 0.998909 -0.046683 -2.022581 -0.992641 -0.004377 -0.121013 79.135376
-0.121085 0.046495 0.991553 52.974953 0.001287 0.998909 -0.046683 -2.022581 -0.992641 -0.004377 -0.121013 79.135376
-0.119715 0.049986 0.991549 55.130253 0.001030 0.998737 -0.050224 -2.154613 -0.992808 -0.004991 -0.119615 78.885567
-0.119758 0.048941 0.991596 56.187122 -0.002223 0.998769 -0.049563 -2.221384 -0.992801 -0.008140 -0.119502 78.754204
-0.119863 0.048353 0.991612 57.234241 -0.005332 0.998767 -0.049347 -2.290324 -0.992776 -0.011202 -0.119457 78.638275
-0.120200 0.048891 0.991545 58.309341 -0.008893 0.998693 -0.050322 -2.358758 -0.992710 -0.014866 -0.119608 78.523651
-0.120200 0.048891 0.991545 58.309341 -0.008893 0.998693 -0.050322 -2.358758 -0.992710 -0.014866 -0.119608 78.523651
-0.119934 0.047908 0.991625 60.537476 -0.017390 0.998580 -0.050347 -2.497077 -0.992630 -0.023283 -0.118931 78.286583
-0.120357 0.043173 0.991791 61.632690 -0.018080 0.998793 -0.045672 -2.557142 -0.992566 -0.023429 -0.119431 78.147812
-0.120797 0.035211 0.992052 62.736523 -0.015406 0.999184 -0.037340 -2.616098 -0.992558 -0.019794 -0.120156 77.992592
-0.120691 0.029907 0.992240 63.842430 -0.009612 0.999464 -0.031294 -2.665880 -0.992644 -0.013315 -0.120338 77.824539
-0.119381 0.032184 0.992327 64.988190 0.002020 0.999480 -0.032173 -2.711127 -0.992846 -0.001836 -0.119384 77.719772
-0.119381 0.032184 0.992327 64.988190 0.002020 0.999480 -0.032173 -2.711127 -0.992846 -0.001836 -0.119384 77.719772
-0.119381 0.032184 0.992327 64.988190 0.002020 0.999480 -0.032173 -2.711127 -0.992846 -0.001836 -0.119384 77.719772
-0.119381 0.032184 0.992327 64.988190 0.002020 0.999480 -0.032173 -2.711127 -0.992846 -0.001836 -0.119384 77.719772
-0.119381 0.032184 0.992327 64.988190 0.002020 0.999480 -0.032173 -2.711127 -0.992846 -0.001836 -0.119384 77.719772
-0.118053 0.043798 0.992041 69.376373 0.008800 0.999034 -0.043060 -2.945428 -0.992968 0.003646 -0.118324 77.118088
-0.116785 0.036864 0.992473 71.672379 0.002665 0.999319 -0.036805 -3.075543 -0.993154 -0.001653 -0.116804 76.912460
-0.116204 0.037485 0.992518 72.811607 0.001070 0.999292 -0.037616 -3.127433 -0.993225 -0.003309 -0.116161 76.780869
-0.115577 0.041500 0.992431 73.949234 0.000503 0.999129 -0.041721 -3.185644 -0.993298 -0.004323 -0.115498 76.635300
-0.115906 0.044497 0.992263 75.070541 0.001143 0.999001 -0.044666 -3.250633 -0.993260 -0.004043 -0.115841 76.483376
-0.115906 0.044497 0.992263 75.070541 0.001143 0.999001 -0.044666 -3.250633 -0.993260 -0.004043 -0.115841 76.483376
-0.115266 0.036667 0.992658 77.396461 0.001283 0.999323 -0.036764 -3.386722 -0.993334 -0.002964 -0.115235 76.237381
-0.115586 0.034506 0.992698 78.541794 0.001262 0.999401 -0.034592 -3.449570 -0.993297 -0.002746 -0.115560 76.093849
-0.115587 0.037083 0.992605 79.677452 -0.000537 0.999300 -0.037396 -3.501156 -0.993297 -0.004856 -0.115486 75.971092
-0.115558 0.039886 0.992500 80.805717 -0.001738 0.999184 -0.040357 -3.553650 -0.993299 -0.006389 -0.115395 75.840805
-0.115558 0.039886 0.992500 80.805717 -0.001738 0.999184 -0.040357 -3.553650 -0.993299 -0.006389 -0.115395 75.840805
-0.114717 0.037128 0.992704 83.201569 -0.002280 0.999289 -0.037637 -3.667483 -0.993396 -0.006581 -0.114551 75.637810
-0.114283 0.035978 0.992797 84.359566 -0.001085 0.999339 -0.036340 -3.725052 -0.993448 -0.005230 -0.114169 75.508369
-0.113962 0.036343 0.992820 85.520821 0.000419 0.999332 -0.036533 -3.784546 -0.993485 -0.003747 -0.113902 75.354378
-0.113292 0.036342 0.992897 86.695389 0.002455 0.999338 -0.036297 -3.845203 -0.993559 -0.001675 -0.113306 75.200417
-0.113292 0.036342 0.992897 86.695389 0.002455 0.999338 -0.036297 -3.845203 -0.993559 -0.001675 -0.113306 75.200417
-0.109371 0.035996 0.993349 89.129562 0.003953 0.999352 -0.035779 -3.955523 -0.993993 0.000014 -0.109442 74.958405
-0.108870 0.034157 0.993469 90.320541 0.004620 0.999416 -0.033855 -4.015743 -0.994045 0.000904 -0.108965 74.821732
-0.108878 0.033409 0.993493 91.501289 0.003313 0.999442 -0.033246 -4.072085 -0.994050 -0.000329 -0.108928 74.686401
-0.108152 0.033130 0.993582 92.696960 0.004401 0.999451 -0.032847 -4.124323 -0.994125 0.000820 -0.108238 74.547844
-0.103092 0.033116 0.994120 94.003716 0.004125 0.999451 -0.032866 -4.181576 -0.994663 0.000713 -0.103172 74.441757
-0.103092 0.033116 0.994120 94.003716 0.004125 0.999451 -0.032866 -4.181576 -0.994663 0.000713 -0.103172 74.441757
-0.103092 0.033116 0.994120 94.003716 0.004125 0.999451 -0.032866 -4.181576 -0.994663 0.000713 -0.103172 74.441757
-0.103092 0.033116 0.994120 94.003716 0.004125 0.999451 -0.032866 -4.181576 -0.994663 0.000713 -0.103172 74.441757
-0.103092 0.033116 0.994120 94.003716 0.004125 0.999451 -0.032866 -4.181576 -0.994663 0.000713 -0.103172 74.441757
-0.102569 0.033619 0.994158 98.880089 -0.003585 0.999410 -0.034166 -4.416951 -0.994719 -0.007069 -0.102388 73.936394
-0.101578 0.030420 0.994362 101.425789 -0.010704 0.999441 -0.031669 -4.533401 -0.994770 -0.013860 -0.101195 73.741257
-0.102362 0.028846 0.994329 102.672279 -0.012796 0.999459 -0.030312 -4.589095 -0.994665 -0.015826 -0.101937 73.622589
-0.104163 0.028103 0.994163 103.907860 -0.014413 0.999453 -0.029762 -4.643188 -0.994456 -0.017429 -0.103701 73.489349
-0.105707 0.028329 0.993994 105.140961 -0.014518 0.999444 -0.030029 -4.698377 -0.994291 -0.017605 -0.105237 73.349861
-0.105707 0.028329 0.993994 105.140961 -0.014518 0.999444 -0.030029 -4.698377 -0.994291 -0.017605 -0.105237 73.349861
-0.111822 0.021477 0.993496 107.698158 -0.018356 0.999551 -0.023674 -4.814572 -0.993559 -0.020884 -0.111378 73.116074
-0.116030 0.020705 0.993030 108.939644 -0.019527 0.999542 -0.023123 -4.863266 -0.993054 -0.022074 -0.115572 72.980194
-0.120932 0.025152 0.992342 110.174103 -0.023424 0.999328 -0.028184 -4.922943 -0.992384 -0.026653 -0.120261 72.861374
-0.128579 0.028505 0.991290 111.394165 -0.024600 0.999188 -0.031923 -4.964776 -0.991394 -0.028490 -0.127773 72.707603
-0.128579 0.028505 0.991290 111.394165 -0.024600 0.999188 -0.031923 -4.964776 -0.991394 -0.028490 -0.127773 72.707603
-0.148370 0.021843 0.988691 113.906151 -0.023327 0.999401 -0.025580 -5.070490 -0.988657 -0.026858 -0.147772 72.415077
-0.160523 0.022587 0.986774 115.127991 -0.020798 0.999439 -0.026260 -5.126113 -0.986813 -0.024738 -0.159963 72.241676
-0.174604 0.022413 0.984384 116.360390 -0.020020 0.999453 -0.026307 -5.178153 -0.984435 -0.024301 -0.174060 72.048660
-0.188653 0.020997 0.981819 117.594444 -0.019382 0.999497 -0.025099 -5.220191 -0.981853 -0.023764 -0.188151 71.837807
-0.188653 0.020997 0.981819 117.594444 -0.019382 0.999497 -0.025099 -5.220191 -0.981853 -0.023764 -0.188151 71.837807
-0.220531 0.025286 0.975052 119.948334 -0.014484 0.999469 -0.029195 -5.336974 -0.975272 -0.020561 -0.220048 71.307724
-0.235420 0.028049 0.971489 121.128632 -0.015139 0.999356 -0.032523 -5.395818 -0.971776 -0.022364 -0.234844 71.050995
-0.251725 0.025660 0.967459 122.309036 -0.019470 0.999312 -0.031571 -5.457940 -0.967603 -0.026783 -0.251052 70.782730
-0.267947 0.019569 0.963235 123.506447 -0.025214 0.999309 -0.027316 -5.514947 -0.963104 -0.031606 -0.267268 70.497337
-0.283875 0.016320 0.958722 124.690331 -0.029885 0.999219 -0.025858 -5.565503 -0.958396 -0.035992 -0.283165 70.189148
-0.283875 0.016320 0.958722 124.690331 -0.029885 0.999219 -0.025858 -5.565503 -0.958396 -0.035992 -0.283165 70.189148
-0.283875 0.016320 0.958722 124.690331 -0.029885 0.999219 -0.025858 -5.565503 -0.958396 -0.035992 -0.283165 70.189148
-0.283875 0.016320 0.958722 124.690331 -0.029885 0.999219 -0.025858 -5.565503 -0.958396 -0.035992 -0.283165 70.189148
-0.283875 0.016320 0.958722 124.690331 -0.029885 0.999219 -0.025858 -5.565503 -0.958396 -0.035992 -0.283165 70.189148
-0.340663 0.020544 0.939961 129.268326 -0.028907 0.999060 -0.032312 -5.773804 -0.939741 -0.038179 -0.339749 68.754227
-0.368538 0.016216 0.929471 131.520004 -0.032108 0.999029 -0.030161 -5.898577 -0.929058 -0.040959 -0.367660 67.917725
-0.382332 0.017412 0.923861 132.625473 -0.033374 0.998910 -0.032638 -5.948276 -0.923422 -0.043311 -0.381334 67.504822
-0.396790 0.019321 0.917706 133.718140 -0.032466 0.998857 -0.035067 -5.999885 -0.917335 -0.043709 -0.395710 67.073853
-0.410660 0.020653 0.911555 134.819031 -0.031627 0.998819 -0.036879 -6.056327 -0.911240 -0.043974 -0.409522 66.616333
-0.410660 0.020653 0.911555 134.819031 -0.031627 0.998819 -0.036879 -6.056327 -0.911240 -0.043974 -0.409522 66.616333
-0.442685 0.027143 0.896266 136.928757 -0.029218 0.998574 -0.044672 -6.180650 -0.896201 -0.045963 -0.441261 65.566826
-0.457245 0.028331 0.888889 137.986588 -0.029303 0.998470 -0.046897 -6.244164 -0.888858 -0.047491 -0.455715 65.051521
-0.472106 0.025573 0.881171 139.055511 -0.030628 0.998500 -0.045388 -6.319893 -0.881010 -0.048417 -0.470614 64.516029
-0.486641 0.021318 0.873342 140.135803 -0.033454 0.998514 -0.043015 -6.382478 -0.872961 -0.050150 -0.485205 63.964081
-0.486641 0.021318 0.873342 140.135803 -0.033454 0.998514 -0.043015 -6.382478 -0.872961 -0.050150 -0.485205 63.964081
-0.521222 0.019485 0.853198 142.267059 -0.037133 0.998275 -0.045482 -6.525688 -0.852613 -0.055388 -0.519600 62.733986
-0.536770 0.018709 0.843521 143.314316 -0.037713 0.998223 -0.046139 -6.594928 -0.842885 -0.056578 -0.535111 62.118183
-0.552167 0.017824 0.833543 144.353287 -0.039189 0.998112 -0.047302 -6.665806 -0.832812 -0.058784 -0.550426 61.469719
-0.567170 0.017039 0.823424 145.373688 -0.039842 0.998048 -0.048096 -6.739381 -0.822636 -0.060085 -0.565384 60.797707
-0.567170 0.017039 0.823424 145.373688 -0.039842 0.998048 -0.048096 -6.739381 -0.822636 -0.060085 -0.565384 60.797707
-0.597789 0.008705 0.801606 147.418961 -0.044159 0.998065 -0.043769 -6.885985 -0.800436 -0.061563 -0.596248 59.366772
-0.611705 0.006761 0.791057 148.411087 -0.043931 0.998130 -0.042501 -6.956525 -0.789865 -0.060750 -0.610264 58.633286
-0.625684 0.005681 0.780056 149.385773 -0.044393 0.998094 -0.042876 -7.025954 -0.778812 -0.061456 -0.624239 57.890400
-0.640352 0.005645 0.768061 150.356903 -0.046588 0.997846 -0.046176 -7.100077 -0.766667 -0.065351 -0.638710 57.120998
-0.657923 0.005747 0.753063 151.364792 -0.047647 0.997650 -0.049241 -7.174994 -0.751576 -0.068278 -0.656103 56.256592
-0.657923 0.005747 0.753063 151.364792 -0.047647 0.997650 -0.049241 -7.174994 -0.751576 -0.068278 -0.656103 56.256592
-0.657923 0.005747 0.753063 151.364792 -0.047647 0.997650 -0.049241 -7.174994 -0.751576 -0.068278 -0.656103 56.256592
-0.657923 0.005747 0.753063 151.364792 -0.047647 0.997650 -0.049241 -7.174994 -0.751576 -0.068278 -0.656103 56.256592
-0.657923 0.005747 0.753063 151.364792 -0.047647 0.997650 -0.049241 -7.174994 -0.751576 -0.068278 -0.656103 56.256592
-0.719508 -0.009361 0.694421 155.134232 -0.056889 0.997343 -0.045500 -7.473153 -0.692150 -0.072243 -0.718129 52.846378
-0.756535 -0.017102 0.653730 156.911789 -0.062597 0.996962 -0.046360 -7.612427 -0.650951 -0.075995 -0.755307 50.964447
-0.771623 -0.016584 0.635864 157.767105 -0.061859 0.996878 -0.049065 -7.698370 -0.633065 -0.077194 -0.770240 50.007561
-0.786615 -0.015491 0.617250 158.586700 -0.058223 0.997092 -0.049175 -7.764245 -0.614693 -0.074620 -0.785229 49.018421
-0.800886 -0.015127 0.598626 159.379501 -0.055075 0.997304 -0.048483 -7.852774 -0.596278 -0.071798 -0.799560 48.014450
-0.800886 -0.015127 0.598626 159.379501 -0.055075 0.997304 -0.048483 -7.852774 -0.596278 -0.071798 -0.799560 48.014450
-0.831493 -0.012095 0.555403 160.812988 -0.052174 0.997044 -0.056397 -8.014952 -0.553079 -0.075871 -0.829667 45.917755
-0.844130 -0.011831 0.536008 161.544617 -0.050323 0.997091 -0.057244 -8.096814 -0.533771 -0.075295 -0.842270 44.867352
-0.855177 -0.012699 0.518181 162.249527 -0.048428 0.997285 -0.055481 -8.192483 -0.516069 -0.072540 -0.853470 43.789337
-0.865487 -0.011217 0.500806 162.919464 -0.046200 0.997276 -0.057506 -8.273660 -0.498796 -0.072908 -0.863647 42.701283
-0.865487 -0.011217 0.500806 162.919464 -0.046200 0.997276 -0.057506 -8.273660 -0.498796 -0.072908 -0.863647 42.701283
-0.885612 -0.011475 0.464284 164.093933 -0.045923 0.996959 -0.062957 -8.471902 -0.462150 -0.077077 -0.883446 40.473560
-0.893566 -0.013751 0.448720 164.701691 -0.047045 0.996896 -0.063134 -8.559938 -0.446459 -0.077524 -0.891439 39.359138
-0.900313 -0.016459 0.434932 165.291763 -0.048636 0.996831 -0.062953 -8.659252 -0.432518 -0.077831 -0.898260 38.225018
-0.906612 -0.017141 0.421617 165.840164 -0.048188 0.996844 -0.063092 -8.753400 -0.419204 -0.077517 -0.904577 37.103596
-0.906612 -0.017141 0.421617 165.840164 -0.048188 0.996844 -0.063092 -8.753400 -0.419204 -0.077517 -0.904577 37.103596
-0.919158 -0.026450 0.392999 166.901749 -0.054217 0.996742 -0.059722 -8.965753 -0.390139 -0.076201 -0.917597 34.747540
-0.923819 -0.030279 0.381630 167.436386 -0.056005 0.996831 -0.056483 -9.057199 -0.378711 -0.073554 -0.922588 33.575310
-0.928208 -0.029464 0.370893 167.921249 -0.053479 0.997073 -0.054631 -9.136194 -0.368198 -0.070544 -0.927067 32.392838
-0.931658 -0.026221 0.362389 168.371719 -0.049563 0.997241 -0.055265 -9.227917 -0.359940 -0.069449 -0.930387 31.213284
-0.934542 -0.019207 0.355334 168.797699 -0.042723 0.997376 -0.058452 -9.316387 -0.353279 -0.069807 -0.932910 29.924204
-0.934542 -0.019207 0.355334 168.797699 -0.042723 0.997376 -0.058452 -9.316387 -0.353279 -0.069807 -0.932910 29.924204
-0.934542 -0.019207 0.355334 168.797699 -0.042723 0.997376 -0.058452 -9.316387 -0.353279 -0.069807 -0.932910 29.924204
-0.934542 -0.019207 0.355334 168.797699 -0.042723 0.997376 -0.058452 -9.316387 -0.353279 -0.069807 -0.932910 29.924204
-0.934542 -0.019207 0.355334 168.797699 -0.042723 0.997376 -0.058452 -9.316387 -0.353279 -0.069807 -0.932910 29.924204
-0.941488 -0.032219 0.335504 170.629547 -0.052953 0.997198 -0.052833 -9.704266 -0.332862 -0.067508 -0.940556 25.173489
-0.943701 -0.040807 0.328274 171.526459 -0.063019 0.996366 -0.057305 -9.874976 -0.324743 -0.074766 -0.942843 22.708351
-0.944414 -0.041074 0.326184 171.957993 -0.063843 0.996190 -0.059406 -9.959649 -0.322501 -0.076928 -0.943438 21.508474
-0.944548 -0.040084 0.325917 172.388397 -0.063445 0.996097 -0.061361 -10.053773 -0.322186 -0.078636 -0.943405 20.306501
-0.944733 -0.038043 0.325627 172.803619 -0.061813 0.996100 -0.062963 -10.151978 -0.321961 -0.079611 -0.943400 19.097206
-0.944733 -0.038043 0.325627 172.803619 -0.061813 0.996100 -0.062963 -10.151978 -0.321961 -0.079611 -0.943400 19.097206
-0.943781 -0.035956 0.328611 173.663727 -0.060811 0.995987 -0.065672 -10.351518 -0.324931 -0.081963 -0.942179 16.652466
-0.943081 -0.035064 0.330708 174.080414 -0.060117 0.996018 -0.065830 -10.454412 -0.327083 -0.081964 -0.941434 15.440702
-0.942098 -0.035222 0.333484 174.504837 -0.060375 0.996033 -0.065361 -10.564459 -0.329859 -0.081711 -0.940487 14.231989
-0.940855 -0.036356 0.336853 174.938431 -0.061806 0.995961 -0.065136 -10.667462 -0.333124 -0.082103 -0.939302 13.031534
-0.940855 -0.036356 0.336853 174.938431 -0.061806 0.995961 -0.065136 -10.667462 -0.333124 -0.082103 -0.939302 13.031534
-0.937317 -0.042156 0.345919 175.816360 -0.066618 0.996025 -0.059129 -10.883599 -0.342052 -0.078468 -0.936399 10.653345
-0.935550 -0.043809 0.350467 176.250854 -0.067661 0.996130 -0.056097 -10.970824 -0.346653 -0.076194 -0.934894 9.493934
-0.933235 -0.042592 0.356734 176.666168 -0.066357 0.996299 -0.054642 -11.064513 -0.353086 -0.074666 -0.932607 8.321974
-0.930502 -0.041526 0.363925 177.087967 -0.065687 0.996364 -0.054261 -11.148839 -0.360349 -0.074395 -0.929846 7.181213
-0.930502 -0.041526 0.363925 177.087967 -0.065687 0.996364 -0.054261 -11.148839 -0.360349 -0.074395 -0.929846 7.181213
-0.921561 -0.036029 0.386559 178.062607 -0.062269 0.996511 -0.055571 -11.319142 -0.383208 -0.075282 -0.920589 4.898411
-0.917176 -0.035123 0.396932 178.504898 -0.062098 0.996536 -0.055309 -11.409501 -0.393614 -0.075377 -0.916180 3.757303
-0.912537 -0.034798 0.407511 178.966629 -0.062924 0.996456 -0.055815 -11.501527 -0.404125 -0.076576 -0.911493 2.637480
-0.907082 -0.033915 0.419584 179.437454 -0.062714 0.996513 -0.055030 -11.593324 -0.416255 -0.076231 -0.906047 1.532608
-0.899938 -0.029206 0.435038 180.081436 -0.058021 0.996902 -0.053097 -11.647358 -0.432140 -0.073026 -0.898845 0.417960
-0.899938 -0.029206 0.435038 180.081436 -0.058021 0.996902 -0.053097 -11.647358 -0.432140 -0.073026 -0.898845 0.417960
-0.899938 -0.029206 0.435038 180.081436 -0.058021 0.996902 -0.053097 -11.647358 -0.432140 -0.073026 -0.898845 0.417960
-0.899938 -0.029206 0.435038 180.081436 -0.058021 0.996902 -0.053097 -11.647358 -0.432140 -0.073026 -0.898845 0.417960
-0.899938 -0.029206 0.435038 180.081436 -0.058021 0.996902 -0.053097 -11.647358 -0.432140 -0.073026 -0.898845 0.417960
-0.877787 -0.026312 0.478329 182.109222 -0.054125 0.997544 -0.044451 -11.990015 -0.475985 -0.064908 -0.877055 -3.825451
-0.859341 -0.016157 0.511148 183.347534 -0.042425 0.998308 -0.039769 -12.125119 -0.509641 -0.055861 -0.858572 -5.900582
-0.851542 -0.015010 0.524072 183.898895 -0.040885 0.998447 -0.037836 -12.203857 -0.522690 -0.053646 -0.850833 -6.884102
-0.843505 -0.013323 0.536956 184.449615 -0.038985 0.998574 -0.036465 -12.273934 -0.535705 -0.051691 -0.842822 -7.839858
-0.834706 -0.012713 0.550549 185.007477 -0.038468 0.998637 -0.035262 -12.340127 -0.549351 -0.050612 -0.834058 -8.775766
-0.834706 -0.012713 0.550549 185.007477 -0.038468 0.998637 -0.035262 -12.340127 -0.549351 -0.050612 -0.834058 -8.775766
-0.811528 -0.003907 0.584300 186.339493 -0.028250 0.999071 -0.032556 -12.423347 -0.583630 -0.042927 -0.810884 -10.636634
-0.801542 -0.003654 0.597928 186.948975 -0.027439 0.999153 -0.030677 -12.484773 -0.597309 -0.040996 -0.800963 -11.532037
-0.790723 -0.003244 0.612166 187.575531 -0.026125 0.999254 -0.028450 -12.545913 -0.611617 -0.038489 -0.790217 -12.409475
-0.778672 -0.001443 0.627430 188.202698 -0.024752 0.999290 -0.028420 -12.603337 -0.626943 -0.037660 -0.778154 -13.272204
-0.778672 -0.001443 0.627430 188.202698 -0.024752 0.999290 -0.028420 -12.603337 -0.626943 -0.037660 -0.778154 -13.272204
-0.745072 0.005383 0.666962 189.672668 -0.018280 0.999427 -0.028487 -12.687676 -0.666733 -0.033417 -0.744547 -14.913335
-0.729811 0.004815 0.683632 190.371902 -0.019332 0.999430 -0.027678 -12.743532 -0.683376 -0.033416 -0.729302 -15.737456
-0.714347 0.003955 0.699781 191.088837 -0.020794 0.999422 -0.026875 -12.798013 -0.699483 -0.033749 -0.713852 -16.521906
-0.697749 0.003524 0.716334 191.837753 -0.022784 0.999373 -0.027108 -12.854274 -0.715980 -0.035235 -0.697231 -17.287666
-0.697749 0.003524 0.716334 191.837753 -0.022784 0.999373 -0.027108 -12.854274 -0.715980 -0.035235 -0.697231 -17.287666
-0.655243 0.003433 0.755411 193.533737 -0.024392 0.999372 -0.025698 -12.954084 -0.755025 -0.035264 -0.654747 -18.769377
-0.635450 0.003002 0.772136 194.373367 -0.024362 0.999417 -0.023935 -13.004329 -0.771758 -0.034020 -0.635006 -19.513994
-0.613930 0.004001 0.789350 195.245361 -0.023457 0.999453 -0.023311 -13.049541 -0.789012 -0.032827 -0.613500 -20.240679
-0.591451 0.006574 0.806314 196.125290 -0.021749 0.999473 -0.024103 -13.098032 -0.806047 -0.031792 -0.590997 -20.942883
-0.564666 0.007075 0.825289 197.134537 -0.020646 0.999529 -0.022695 -13.160027 -0.825061 -0.029854 -0.564254 -21.603764
-0.564666 0.007075 0.825289 197.134537 -0.020646 0.999529 -0.022695 -13.160027 -0.825061 -0.029854 -0.564254 -21.603764
-0.564666 0.007075 0.825289 197.134537 -0.020646 0.999529 -0.022695 -13.160027 -0.825061 -0.029854 -0.564254 -21.603764
-0.564666 0.007075 0.825289 197.134537 -0.020646 0.999529 -0.022695 -13.160027 -0.825061 -0.029854 -0.564254 -21.603764
-0.564666 0.007075 0.825289 197.134537 -0.020646 0.999529 -0.022695 -13.160027 -0.825061 -0.029854 -0.564254 -21.603764
-0.457740 0.006704 0.889061 200.974350 -0.021418 0.999598 -0.018565 -13.330593 -0.888828 -0.027540 -0.457413 -24.016562
-0.396959 0.010691 0.917774 203.050446 -0.015446 0.999713 -0.018327 -13.415955 -0.917707 -0.021451 -0.396679 -24.976696
-0.366912 0.010325 0.930198 204.070663 -0.014774 0.999748 -0.016925 -13.457458 -0.930138 -0.019953 -0.366667 -25.435566
-0.336200 0.010114 0.941736 205.116302 -0.013257 0.999792 -0.015471 -13.495811 -0.941697 -0.017686 -0.335996 -25.856560
-0.303070 0.008616 0.952929 206.198059 -0.012770 0.999833 -0.013101 -13.533013 -0.952883 -0.016140 -0.302909 -26.247456
-0.303070 0.008616 0.952929 206.198059 -0.012770 0.999833 -0.013101 -13.533013 -0.952883 -0.016140 -0.302909 -26.247456
-0.234314 0.007486 0.972132 208.436295 -0.005669 0.999943 -0.009066 -13.599081 -0.972144 -0.007635 -0.234258 -26.846680
-0.201071 0.007717 0.979546 209.528946 -0.004221 0.999953 -0.008744 -13.630883 -0.979568 -0.005893 -0.201028 -27.121296
-0.167466 0.007815 0.985847 210.627502 -0.003915 0.999955 -0.008592 -13.668244 -0.985870 -0.005299 -0.167428 -27.349394
-0.133886 0.008475 0.990961 211.725876 -0.004400 0.999949 -0.009147 -13.701101 -0.990987 -0.005585 -0.133842 -27.539307
-0.133886 0.008475 0.990961 211.725876 -0.004400 0.999949 -0.009147 -13.701101 -0.990987 -0.005585 -0.133842 -27.539307
-0.064663 0.008266 0.997873 214.061493 -0.001045 0.999965 -0.008351 -13.747773 -0.997907 -0.001583 -0.064652 -27.720276
-0.033266 0.008629 0.999409 215.177734 -0.000706 0.999962 -0.008657 -13.775386 -0.999446 -0.000994 -0.033259 -27.778866
-0.002283 0.009461 0.999953 216.290573 0.000916 0.999955 -0.009459 -13.800311 -0.999997 0.000894 -0.002291 -27.812977
0.027814 0.008902 0.999573 217.422684 0.002155 0.999958 -0.008965 -13.826697 -0.999611 0.002403 0.027793 -27.812859
0.027814 0.008902 0.999573 217.422684 0.002155 0.999958 -0.008965 -13.826697 -0.999611 0.002403 0.027793 -27.812859
0.091915 0.007315 0.995740 219.763168 0.006444 0.999948 -0.007941 -13.899969 -0.995746 0.007147 0.091863 -27.682692
0.120631 0.008315 0.992663 220.898254 0.007861 0.999926 -0.009331 -13.934748 -0.992666 0.008929 0.120557 -27.589514
0.149948 0.008753 0.988655 222.041245 0.009892 0.999897 -0.010353 -13.963906 -0.988644 0.011332 0.149846 -27.456661
0.179566 0.008125 0.983712 223.189316 0.012970 0.999859 -0.010626 -13.995983 -0.983660 0.014667 0.179435 -27.291166
0.213486 0.004836 0.976934 224.411087 0.019415 0.999769 -0.009192 -14.022681 -0.976753 0.020930 0.213343 -27.001352
0.213486 0.004836 0.976934 224.411087 0.019415 0.999769 -0.009192 -14.022681 -0.976753 0.020930 0.213343 -27.001352
0.213486 0.004836 0.976934 224.411087 0.019415 0.999769 -0.009192 -14.022681 -0.976753 0.020930 0.213343 -27.001352
0.213486 0.004836 0.976934 224.411087 0.019415 0.999769 -0.009192 -14.022681 -0.976753 0.020930 0.213343 -27.001352
0.213486 0.004836 0.976934 224.411087 0.019415 0.999769 -0.009192 -14.022681 -0.976753 0.020930 0.213343 -27.001352
0.324477 0.003663 0.945887 228.898499 0.027427 0.999536 -0.013279 -14.155447 -0.945496 0.030252 0.324226 -25.794788
0.387223 0.004617 0.921975 231.191467 0.035917 0.999153 -0.020089 -14.203000 -0.921286 0.040894 0.386729 -24.922304
0.414942 0.004350 0.909838 232.284134 0.037619 0.999051 -0.021933 -14.238569 -0.909070 0.043328 0.414384 -24.468967
0.442001 0.002926 0.897010 233.371567 0.038833 0.998995 -0.022394 -14.280667 -0.896174 0.044732 0.441443 -23.963419
0.468025 0.000991 0.883714 234.429642 0.039328 0.998985 -0.021949 -14.328964 -0.882840 0.045028 0.467511 -23.430330
0.468025 0.000991 0.883714 234.429642 0.039328 0.998985 -0.021949 -14.328964 -0.882840 0.045028 0.467511 -23.430330
0.517961 0.000238 0.855404 236.564819 0.039431 0.998930 -0.024155 -14.430715 -0.854495 0.046241 0.517398 -22.232834
0.537998 -0.000258 0.842946 237.587708 0.039939 0.998885 -0.025185 -14.471875 -0.841999 0.047216 0.537409 -21.603542
0.556287 -0.002587 0.830986 238.598602 0.040804 0.998874 -0.024206 -14.517897 -0.829988 0.047373 0.555767 -20.949179
0.573708 -0.005460 0.819041 239.597458 0.041996 0.998859 -0.022758 -14.566563 -0.817982 0.047453 0.573283 -20.293781
0.573708 -0.005460 0.819041 239.597458 0.041996 0.998859 -0.022758 -14.566563 -0.817982 0.047453 0.573283 -20.293781
0.608634 -0.009825 0.793390 241.581635 0.045378 0.998718 -0.022443 -14.652047 -0.792153 0.049662 0.608299 -18.840406
0.623138 -0.010008 0.782048 242.536179 0.045832 0.998667 -0.023740 -14.698663 -0.780768 0.050636 0.622766 -18.104080
0.637063 -0.010428 0.770741 243.480133 0.046210 0.998627 -0.024684 -14.741597 -0.769425 0.051341 0.636670 -17.346069
0.651415 -0.011727 0.758631 244.412643 0.046014 0.998651 -0.024074 -14.785079 -0.757325 0.050590 0.651076 -16.560242
0.651415 -0.011727 0.758631 244.412643 0.046014 0.998651 -0.024074 -14.785079 -0.757325 0.050590 0.651076 -16.560242
0.687490 -0.017413 0.725985 246.276520 0.048222 0.998601 -0.021713 -14.883961 -0.724591 0.049936 0.687368 -14.838082
0.701430 -0.017683 0.712519 247.165985 0.049047 0.998520 -0.023503 -14.932612 -0.711049 0.051433 0.701259 -13.996769
0.713897 -0.017991 0.700020 248.040604 0.049637 0.998455 -0.024960 -14.978850 -0.698490 0.052566 0.713687 -13.139011
0.725858 -0.018225 0.687603 248.920425 0.049257 0.998460 -0.025532 -15.027532 -0.686078 0.052402 0.725638 -12.249436
0.741697 -0.021534 0.670390 249.785736 0.051404 0.998370 -0.024803 -15.069937 -0.668763 0.052857 0.741595 -11.257173
0.741697 -0.021534 0.670390 249.785736 0.051404 0.998370 -0.024803 -15.069937 -0.668763 0.052857 0.741595 -11.257173
0.741697 -0.021534 0.670390 249.785736 0.051404 0.998370 -0.024803 -15.069937 -0.668763 0.052857 0.741595 -11.257173
0.741697 -0.021534 0.670390 249.785736 0.051404 0.998370 -0.024803 -15.069937 -0.668763 0.052857 0.741595 -11.257173
0.741697 -0.021534 0.670390 249.785736 0.051404 0.998370 -0.024803 -15.069937 -0.668763 0.052857 0.741595 -11.257173
0.781680 -0.027995 0.623051 253.077423 0.058079 0.997918 -0.028028 -15.272103 -0.620969 0.058095 0.781679 -7.532575
0.799788 -0.033514 0.599346 254.660660 0.063281 0.997584 -0.028661 -15.368719 -0.596937 0.060850 0.799977 -5.429066
0.805926 -0.034470 0.591012 255.441040 0.063578 0.997569 -0.028516 -15.425550 -0.588593 0.060557 0.806158 -4.405309
0.810737 -0.035770 0.584316 256.210449 0.063719 0.997593 -0.027339 -15.478717 -0.581932 0.059397 0.811065 -3.362417
0.814121 -0.037426 0.579488 256.975098 0.064507 0.997573 -0.026197 -15.532191 -0.577101 0.058709 0.814560 -2.311648
0.814121 -0.037426 0.579488 256.975098 0.064507 0.997573 -0.026197 -15.532191 -0.577101 0.058709 0.814560 -2.311648
0.820528 -0.039645 0.570230 258.482819 0.065521 0.997540 -0.024928 -15.637978 -0.567839 0.057816 0.821107 -0.124638
0.822812 -0.041152 0.566822 259.237091 0.066106 0.997535 -0.023539 -15.686020 -0.564456 0.056839 0.823504 0.943480
0.825085 -0.043082 0.563363 259.991608 0.067673 0.997446 -0.022834 -15.732797 -0.560941 0.056965 0.825894 2.013028
0.827150 -0.044013 0.560254 260.743805 0.068851 0.997355 -0.023298 -15.782443 -0.557747 0.057845 0.827993 3.089764
0.827150 -0.044013 0.560254 260.743805 0.068851 0.997355 -0.023298 -15.782443 -0.557747 0.057845 0.827993 3.089764
0.832837 -0.046104 0.551595 262.207642 0.070156 0.997281 -0.022570 -15.894394 -0.549055 0.057494 0.833807 5.352981
0.835001 -0.046734 0.548261 262.943085 0.070395 0.997272 -0.022204 -15.946507 -0.545727 0.057136 0.836013 6.454831
0.836694 -0.046855 0.545663 263.668823 0.070258 0.997284 -0.022095 -15.998317 -0.543146 0.056824 0.837713 7.546344
