1.000000 0.000000 0.000000 0.000000 0.000000 1.000000 0.000000 0.000000 0.000000 0.000000 1.000000 0.000000
1.000000 0.000000 0.000000 0.000000 0.000000 1.000000 0.000000 0.000000 0.000000 0.000000 1.000000 0.000000
1.000000 0.000000 0.000000 0.000000 0.000000 1.000000 0.000000 0.000000 0.000000 0.000000 1.000000 0.000000
1.000000 0.000000 0.000000 0.000000 0.000000 1.000000 0.000000 0.000000 0.000000 0.000000 1.000000 0.000000
0.999953 0.009445 0.002354 -0.047234 -0.009452 0.999951 0.002882 -0.077772 -0.002327 -0.002904 0.999993 3.087260
0.999930 0.011650 0.002164 -0.071891 -0.011656 0.999928 0.002887 -0.111104 -0.002130 -0.002912 0.999994 4.533592
0.999923 0.012178 0.002429 -0.083627 -0.012187 0.999918 0.003836 -0.129639 -0.002382 -0.003865 0.999990 5.230865
0.999917 0.012480 0.003302 -0.098182 -0.012499 0.999904 0.006009 -0.144231 -0.003227 -0.006050 0.999977 5.923320
0.999909 0.012659 0.004700 -0.102358 -0.012704 0.999873 0.009639 -0.156036 -0.004578 -0.009698 0.999942 6.586838
0.999909 0.012659 0.004700 -0.102358 -0.012704 0.999873 0.009639 -0.156036 -0.004578 -0.009698 0.999942 6.586838
0.999913 0.011299 0.006765 -0.072171 -0.011406 0.999805 0.016104 -0.185767 -0.006582 -0.016180 0.999847 7.825961
0.999908 0.011277 0.007542 -0.069632 -0.011398 0.999803 0.016219 -0.198558 -0.007357 -0.016303 0.999840 8.407468
0.999893 0.012055 0.008255 -0.061566 -0.012171 0.999826 0.014137 -0.210984 -0.008083 -0.014236 0.999866 8.951074
0.999887 0.011809 0.009299 -0.053293 -0.011917 0.999861 0.011684 -0.216144 -0.009160 -0.011793 0.999888 9.477261
0.999887 0.011809 0.009299 -0.053293 -0.011917 0.999861 0.011684 -0.216144 -0.009160 -0.011793 0.999888 9.477261
0.999878 0.007293 0.013837 -0.048539 -0.007404 0.999940 0.008014 -0.224209 -0.013777 -0.008115 0.999872 10.427066
0.999867 0.005745 0.015250 -0.042887 -0.005854 0.999958 0.007076 -0.241301 -0.015209 -0.007164 0.999859 10.865006
0.999803 0.009162 0.017634 -0.049046 -0.009261 0.999942 0.005536 -0.257171 -0.017582 -0.005699 0.999829 11.274861
0.999695 0.013055 0.020963 -0.047529 -0.013164 0.999900 0.005092 -0.267777 -0.020895 -0.005366 0.999767 11.658817
0.999695 0.013055 0.020963 -0.047529 -0.013164 0.999900 0.005092 -0.267777 -0.020895 -0.005366 0.999767 11.658817
0.999548 0.010791 0.028046 -0.033524 -0.010945 0.999926 0.005335 -0.268723 -0.027986 -0.005640 0.999592 12.313725
0.999508 0.006353 0.030703 -0.006212 -0.006514 0.999965 0.005152 -0.273647 -0.030669 -0.005349 0.999515 12.610159
0.999437 0.003207 0.033399 0.017870 -0.003428 0.999973 0.006561 -0.286147 -0.033377 -0.006672 0.999421 12.878057
0.999344 0.002524 0.036118 0.029792 -0.002800 0.999967 0.007584 -0.297096 -0.036098 -0.007681 0.999319 13.109432
0.999292 0.001643 0.037586 0.021379 -0.001920 0.999971 0.007350 -0.309831 -0.037573 -0.007417 0.999266 13.299570
0.999292 0.001643 0.037586 0.021379 -0.001920 0.999971 0.007350 -0.309831 -0.037573 -0.007417 0.999266 13.299570
0.999292 0.001643 0.037586 0.021379 -0.001920 0.999971 0.007350 -0.309831 -0.037573 -0.007417 0.999266 13.299570
0.999292 0.001643 0.037586 0.021379 -0.001920 0.999971 0.007350 -0.309831 -0.037573 -0.007417 0.999266 13.299570
0.999292 0.001643 0.037586 0.021379 -0.001920 0.999971 0.007350 -0.309831 -0.037573 -0.007417 0.999266 13.299570
0.998910 0.007654 0.046049 0.009499 -0.007842 0.999962 0.003889 -0.325017 -0.046018 -0.004246 0.998932 13.932735
0.998765 0.006881 0.049197 0.049669 -0.006912 0.999976 0.000462 -0.331875 -0.049193 -0.000802 0.998789 14.255810
0.998714 0.006370 0.050295 0.058453 -0.006354 0.999980 -0.000469 -0.335407 -0.050297 0.000149 0.998734 14.377816
0.998635 0.006739 0.051792 0.062490 -0.006680 0.999977 -0.001316 -0.340746 -0.051800 0.000968 0.998657 14.499898
0.998543 0.007159 0.053478 0.064800 -0.007027 0.999972 -0.002659 -0.341166 -0.053495 0.002279 0.998565 14.620577
0.998543 0.007159 0.053478 0.064800 -0.007027 0.999972 -0.002659 -0.341166 -0.053495 0.002279 0.998565 14.620577
0.998457 0.006585 0.055136 0.083396 -0.006141 0.999947 -0.008226 -0.346069 -0.055188 0.007874 0.998445 14.889078
0.998481 0.006066 0.054756 0.100197 -0.005545 0.999938 -0.009660 -0.346367 -0.054811 0.009342 0.998453 15.003083
0.998589 0.005813 0.052786 0.108791 -0.005245 0.999927 -0.010895 -0.349155 -0.052846 0.010602 0.998546 15.116432
0.998744 0.006024 0.049743 0.115507 -0.005451 0.999917 -0.011648 -0.351003 -0.049809 0.011363 0.998694 15.234981
0.998744 0.006024 0.049743 0.115507 -0.005451 0.999917 -0.011648 -0.351003 -0.049809 0.011363 0.998694 15.234981
0.999154 0.006329 0.040638 0.112420 -0.005742 0.999878 -0.014530 -0.365932 -0.040725 0.014284 0.999068 15.552642
0.999397 0.006327 0.034128 0.121809 -0.005814 0.999869 -0.015104 -0.367285 -0.034219 0.014896 0.999303 15.670616
0.999610 0.006411 0.027197 0.130709 -0.005985 0.999859 -0.015715 -0.369757 -0.027294 0.015546 0.999507 15.793781
0.999792 0.006600 0.019296 0.135815 -0.006277 0.999840 -0.016744 -0.371455 -0.019404 0.016620 0.999674 15.919031
0.999792 0.006600 0.019296 0.135815 -0.006277 0.999840 -0.016744 -0.371455 -0.019404 0.016620 0.999674 15.919031
0.999983 0.003895 -0.004246 0.129042 -0.003981 0.999783 -0.020460 -0.377618 0.004166 0.020477 0.999782 16.262455
0.999795 0.003211 -0.019982 0.138417 -0.003651 0.999751 -0.021996 -0.386724 0.019906 0.022065 0.999558 16.424797
0.999233 0.003589 -0.038994 0.129335 -0.004481 0.999730 -0.022817 -0.394274 0.038901 0.022974 0.998979 16.597075
0.998130 0.004574 -0.060949 0.114199 -0.005978 0.999721 -0.022868 -0.400587 0.060827 0.023190 0.997879 16.794352
0.996297 0.005228 -0.085820 0.055372 -0.007228 0.999709 -0.023006 -0.409372 0.085675 0.023541 0.996045 17.062738
0.996297 0.005228 -0.085820 0.055372 -0.007228 0.999709 -0.023006 -0.409372 0.085675 0.023541 0.996045 17.062738
0.996297 0.005228 -0.085820 0.055372 -0.007228 0.999709 -0.023006 -0.409372 0.085675 0.023541 0.996045 17.062738
0.996297 0.005228 -0.085820 0.055372 -0.007228 0.999709 -0.023006 -0.409372 0.085675 0.023541 0.996045 17.062738
0.996297 0.005228 -0.085820 0.055372 -0.007228 0.999709 -0.023006 -0.409372 0.085675 0.023541 0.996045 17.062738
0.977267 0.008704 -0.211833 -0.149963 -0.012081 0.999820 -0.014653 -0.456327 0.211667 0.016879 0.977196 18.163691
0.955663 0.014177 -0.294122 -0.367754 -0.016349 0.999854 -0.004927 -0.475847 0.294009 0.009517 0.955755 18.760576
0.941790 0.017708 -0.335736 -0.503546 -0.019226 0.999814 -0.001198 -0.484086 0.335652 0.007583 0.941956 19.080193
0.925318 0.020269 -0.378651 -0.642537 -0.020628 0.999782 0.003108 -0.488542 0.378631 0.004934 0.925534 19.403837
0.906402 0.023633 -0.421756 -0.811622 -0.021647 0.999721 0.009499 -0.498825 0.421862 0.000520 0.906660 19.736538
0.906402 0.023633 -0.421756 -0.811622 -0.021647 0.999721 0.009499 -0.498825 0.421862 0.000520 0.906660 19.736538
0.859451 0.032009 -0.510216 -1.227412 -0.024623 0.999471 0.021224 -0.510510 0.510626 -0.005678 0.859784 20.306822
0.831696 0.034877 -0.554136 -1.448907 -0.026048 0.999377 0.023805 -0.512073 0.554621 -0.005364 0.832086 20.621431
0.801142 0.037747 -0.597282 -1.697993 -0.028282 0.999282 0.025218 -0.507185 0.597805 -0.003311 0.801635 20.934093
0.767848 0.039888 -0.639389 -1.974407 -0.029328 0.999202 0.027114 -0.501988 0.639961 -0.002068 0.768405 21.249081
0.767848 0.039888 -0.639389 -1.974407 -0.029328 0.999202 0.027114 -0.501988 0.639961 -0.002068 0.768405 21.249081
0.690634 0.045857 -0.721749 -2.608455 -0.031075 0.998948 0.033734 -0.476464 0.722536 -0.000869 0.691333 21.770700
0.649797 0.045678 -0.758734 -2.952103 -0.029401 0.998956 0.034961 -0.470725 0.759539 -0.000410 0.650462 22.060652
0.607199 0.044370 -0.793310 -3.321461 -0.025505 0.999013 0.036354 -0.458462 0.794140 -0.001841 0.607732 22.356701
0.562611 0.044241 -0.825537 -3.721521 -0.021903 0.999014 0.038611 -0.458753 0.826431 -0.003641 0.563026 22.646732
0.562611 0.044241 -0.825537 -3.721521 -0.021903 0.999014 0.038611 -0.458753 0.826431 -0.003641 0.563026 22.646732
0.465612 0.043911 -0.883899 -4.631793 -0.018275 0.999032 0.040004 -0.425805 0.884800 -0.002473 0.465964 23.076193
0.413367 0.042808 -0.909558 -5.107480 -0.014792 0.999078 0.040298 -0.406735 0.910444 -0.003203 0.413619 23.295631
0.359755 0.041088 -0.932142 -5.609449 -0.010410 0.999144 0.040024 -0.396951 0.932989 -0.004695 0.359875 23.500128
0.305095 0.040196 -0.951473 -6.140327 -0.008826 0.999185 0.039381 -0.394696 0.952281 -0.003617 0.305201 23.663368
0.251098 0.043914 -0.966965 -6.710062 -0.008626 0.999032 0.043130 -0.360325 0.967923 -0.002489 0.251234 23.759029
0.251098 0.043914 -0.966965 -6.710062 -0.008626 0.999032 0.043130 -0.360325 0.967923 -0.002489 0.251234 23.759029
0.251098 0.043914 -0.966965 -6.710062 -0.008626 0.999032 0.043130 -0.360325 0.967923 -0.002489 0.251234 23.759029
0.251098 0.043914 -0.966965 -6.710062 -0.008626 0.999032 0.043130 -0.360325 0.967923 -0.002489 0.251234 23.759029
0.251098 0.043914 -0.966965 -6.710062 -0.008626 0.999032 0.043130 -0.360325 0.967923 -0.002489 0.251234 23.759029
0.065031 0.048007 -0.996728 -9.142708 0.000975 0.998839 0.048172 -0.310791 0.997883 -0.004105 0.064909 24.116505
0.002598 0.043503 -0.999050 -10.429103 -0.005157 0.999041 0.043489 -0.247303 0.999983 0.005040 0.002820 24.042641
-0.018950 0.046751 -0.998727 -11.119139 -0.006824 0.998877 0.046888 -0.222087 0.999797 0.007704 -0.018610 24.017832
-0.032992 0.051736 -0.998116 -11.831553 -0.006039 0.998631 0.051962 -0.192383 0.999437 0.007741 -0.032635 23.999430
-0.041478 0.054530 -0.997650 -12.577438 -0.004942 0.998486 0.054781 -0.173698 0.999127 0.007203 -0.041145 23.978373
-0.041478 0.054530 -0.997650 -12.577438 -0.004942 0.998486 0.054781 -0.173698 0.999127 0.007203 -0.041145 23.978373
-0.042439 0.048133 -0.997939 -14.017217 0.001403 0.998841 0.048117 -0.076164 0.999098 0.000642 -0.042458 23.834661
-0.038524 0.047215 -0.998142 -14.823327 0.012048 0.998832 0.046782 -0.056428 0.999185 -0.010223 -0.039048 23.830637
-0.033619 0.047912 -0.998286 -15.663144 0.013282 0.998783 0.047489 -0.041289 0.999346 -0.011663 -0.034215 23.793425
-0.028399 0.046469 -0.998516 -16.529751 0.011766 0.998865 0.046150 -0.004514 0.999527 -0.010438 -0.028914 23.741316
-0.028399 0.046469 -0.998516 -16.529751 0.011766 0.998865 0.046150 -0.004514 0.999527 -0.010438 -0.028914 23.741316
-0.022042 0.031063 -0.999274 -18.215319 0.015256 0.999411 0.030731 0.034499 0.999641 -0.014568 -0.022503 23.738554
-0.021628 0.023030 -0.999501 -19.113794 0.008128 0.999706 0.022859 0.053867 0.999733 -0.007629 -0.021809 23.702562
-0.022304 0.020252 -0.999546 -20.043047 0.001294 0.999795 0.020228 0.062624 0.999750 -0.000842 -0.022326 23.699167
-0.026637 0.025319 -0.999325 -21.018280 -0.007803 0.999644 0.025535 0.071610 0.999615 0.008478 -0.026430 23.689539
-0.026637 0.025319 -0.999325 -21.018280 -0.007803 0.999644 0.025535 0.071610 0.999615 0.008478 -0.026430 23.689539
-0.036238 0.040739 -0.998512 -23.009504 -0.015628 0.999023 0.041327 0.109604 0.999221 0.017103 -0.035566 23.552097
-0.038422 0.050372 -0.997991 -24.026207 -0.016758 0.998556 0.051045 0.143278 0.999121 0.018685 -0.037522 23.517565
-0.039734 0.057992 -0.997526 -25.053289 -0.014953 0.998168 0.058625 0.176756 0.999098 0.017245 -0.038794 23.501183
-0.040581 0.059886 -0.997380 -26.081415 -0.013398 0.998080 0.060473 0.210536 0.999086 0.015817 -0.039701 23.467863
-0.042398 0.058482 -0.997388 -27.093540 -0.013092 0.998167 0.059085 0.263438 0.999015 0.015563 -0.041555 23.348103
-0.042398 0.058482 -0.997388 -27.093540 -0.013092 0.998167 0.059085 0.263438 0.999015 0.015563 -0.041555 23.348103
-0.042398 0.058482 -0.997388 -27.093540 -0.013092 0.998167 0.059085 0.263438 0.999015 0.015563 -0.041555 23.348103
-0.042398 0.058482 -0.997388 -27.093540 -0.013092 0.998167 0.059085 0.263438 0.999015 0.015563 -0.041555 23.348103
-0.042398 0.058482 -0.997388 -27.093540 -0.013092 0.998167 0.059085 0.263438 0.999015 0.015563 -0.041555 23.348103
-0.061402 0.042953 -0.997188 -31.246733 -0.015740 0.998908 0.043997 0.401480 0.997989 0.018398 -0.060659 23.153555
-0.075564 0.048435 -0.995964 -33.372730 -0.016961 0.998613 0.049851 0.448318 0.996997 0.020659 -0.074638 22.954617
-0.082189 0.051562 -0.995282 -34.444908 -0.019540 0.998385 0.053336 0.476978 0.996425 0.023832 -0.081049 22.856405
-0.086587 0.053362 -0.994814 -35.515896 -0.021995 0.998219 0.055459 0.514213 0.996001 0.026683 -0.085259 22.750118
-0.089923 0.054696 -0.994446 -36.582245 -0.026208 0.998015 0.057263 0.548933 0.995604 0.031212 -0.088311 22.640404
-0.089923 0.054696 -0.994446 -36.582245 -0.026208 0.998015 0.057263 0.548933 0.995604 0.031212 -0.088311 22.640404
-0.092277 0.057220 -0.994088 -38.695412 -0.031118 0.997694 0.060316 0.630045 0.995247 0.036499 -0.090284 22.400602
-0.093254 0.056431 -0.994042 -39.772118 -0.032135 0.997702 0.059654 0.672297 0.995124 0.037506 -0.091226 22.290867
-0.094545 0.055736 -0.993959 -40.844791 -0.033386 0.997692 0.059121 0.709406 0.994961 0.038774 -0.092466 22.181356
-0.095761 0.055288 -0.993868 -41.927284 -0.035512 0.997631 0.058919 0.749468 0.994771 0.040937 -0.093571 22.066504
-0.095761 0.055288 -0.993868 -41.927284 -0.035512 0.997631 0.058919 0.749468 0.994771 0.040937 -0.093571 22.066504
-0.097148 0.049477 -0.994039 -44.081276 -0.043236 0.997611 0.053880 0.830368 0.994330 0.048213 -0.094777 21.804564
-0.096624 0.047582 -0.994183 -45.166756 -0.046459 0.997552 0.052258 0.875449 0.994236 0.051238 -0.094177 21.686287
-0.095849 0.051056 -0.994086 -46.281059 -0.047748 0.997298 0.055825 0.916977 0.994250 0.052816 -0.093152 21.574448
-0.094606 0.054271 -0.994034 -47.394558 -0.047459 0.997132 0.058957 0.959551 0.994383 0.052754 -0.091759 21.461334
-0.094606 0.054271 -0.994034 -47.394558 -0.047459 0.997132 0.058957 0.959551 0.994383 0.052754 -0.091759 21.461334
-0.089042 0.053951 -0.994566 -49.588345 -0.044857 0.997302 0.058115 1.037191 0.995017 0.049788 -0.086382 21.264654
-0.085454 0.054625 -0.994844 -50.683510 -0.047882 0.997117 0.058863 1.080010 0.995191 0.052665 -0.082592 21.146154
-0.080168 0.055376 -0.995242 -51.797718 -0.051515 0.996891 0.059617 1.127579 0.995449 0.056049 -0.077066 21.024252
-0.075341 0.055277 -0.995625 -52.924038 -0.054496 0.996742 0.059463 1.177445 0.995668 0.058738 -0.072083 20.912397
-0.068459 0.054745 -0.996151 -54.052757 -0.058400 0.996561 0.058780 1.210056 0.995943 0.062199 -0.065026 20.843462
-0.068459 0.054745 -0.996151 -54.052757 -0.058400 0.996561 0.058780 1.210056 0.995943 0.062199 -0.065026 20.843462
-0.068459 0.054745 -0.996151 -54.052757 -0.058400 0.996561 0.058780 1.210056 0.995943 0.062199 -0.065026 20.843462
-0.068459 0.054745 -0.996151 -54.052757 -0.058400 0.996561 0.058780 1.210056 0.995943 0.062199 -0.065026 20.843462
-0.068459 0.054745 -0.996151 -54.052757 -0.058400 0.996561 0.058780 1.210056 0.995943 0.062199 -0.065026 20.843462
-0.049622 0.057127 -0.997133 -58.558624 -0.055927 0.996638 0.059881 1.377806 0.997201 0.058738 -0.046260 20.542706
-0.036988 0.057422 -0.997665 -60.867153 -0.055204 0.996706 0.059413 1.465613 0.997790 0.057273 -0.033696 20.454687
-0.032243 0.053138 -0.998067 -61.998684 -0.055372 0.996957 0.054867 1.510639 0.997945 0.057034 -0.029202 20.403139
-0.028277 0.049217 -0.998388 -63.140217 -0.055029 0.997196 0.050717 1.542226 0.998084 0.056374 -0.025489 20.356941
-0.025041 0.048299 -0.998519 -64.275986 -0.056221 0.997183 0.049644 1.579051 0.998104 0.057381 -0.022255 20.305775
-0.025041 0.048299 -0.998519 -64.275986 -0.056221 0.997183 0.049644 1.579051 0.998104 0.057381 -0.022255 20.305775
-0.017682 0.050218 -0.998582 -66.613670 -0.054512 0.997204 0.051114 1.644402 0.998357 0.055339 -0.014895 20.295444
-0.016374 0.050010 -0.998614 -67.774277 -0.056181 0.997125 0.050856 1.680927 0.998286 0.056936 -0.013517 20.256062
-0.015579 0.051164 -0.998569 -68.930878 -0.057506 0.996991 0.051980 1.715711 0.998224 0.058233 -0.012590 20.220905
-0.015018 0.050820 -0.998595 -70.090385 -0.057723 0.996998 0.051607 1.749237 0.998220 0.058416 -0.012039 20.188887
-0.015018 0.050820 -0.998595 -70.090385 -0.057723 0.996998 0.051607 1.749237 0.998220 0.058416 -0.012039 20.188887
-0.012605 0.048841 -0.998727 -72.486740 -0.057195 0.997136 0.049485 1.830162 0.998283 0.057746 -0.009776 20.172703
-0.012611 0.048743 -0.998732 -73.667969 -0.054548 0.997290 0.049362 1.862953 0.998432 0.055101 -0.009918 20.165129
-0.012698 0.049861 -0.998675 -74.853912 -0.052283 0.997357 0.050460 1.892151 0.998552 0.052855 -0.010058 20.153030
-0.013083 0.052632 -0.998528 -76.043610 -0.052109 0.997221 0.053246 1.923187 0.998556 0.052729 -0.010304 20.133436
-0.013083 0.052632 -0.998528 -76.043610 -0.052109 0.997221 0.053246 1.923187 0.998556 0.052729 -0.010304 20.133436
-0.012014 0.054894 -0.998420 -78.409332 -0.054208 0.996988 0.055468 2.000604 0.998457 0.054789 -0.009002 20.087328
-0.012191 0.052825 -0.998529 -79.591606 -0.055572 0.997024 0.053424 2.042305 0.998380 0.056141 -0.009219 20.058943
-0.012126 0.051257 -0.998612 -80.768707 -0.055493 0.997112 0.051853 2.080369 0.998385 0.056045 -0.009247 20.034389
-0.011795 0.050472 -0.998656 -81.943169 -0.055003 0.997180 0.051048 2.116905 0.998417 0.055531 -0.008986 20.017994
-0.010960 0.051598 -0.998608 -83.096985 -0.052727 0.997249 0.052106 2.138802 0.998549 0.053225 -0.008210 20.014196
-0.010960 0.051598 -0.998608 -83.096985 -0.052727 0.997249 0.052106 2.138802 0.998549 0.053225 -0.008210 20.014196
-0.010960 0.051598 -0.998608 -83.096985 -0.052727 0.997249 0.052106 2.138802 0.998549 0.053225 -0.008210 20.014196
-0.010960 0.051598 -0.998608 -83.096985 -0.052727 0.997249 0.052106 2.138802 0.998549 0.053225 -0.008210 20.014196
-0.010960 0.051598 -0.998608 -83.096985 -0.052727 0.997249 0.052106 2.138802 0.998549 0.053225 -0.008210 20.014196
-0.012022 0.054712 -0.998430 -87.812462 -0.054201 0.996998 0.055286 2.279721 0.998458 0.054781 -0.009020 19.938208
-0.010092 0.055235 -0.998422 -90.133423 -0.051134 0.997138 0.055681 2.352720 0.998641 0.051615 -0.007239 19.927977
-0.010362 0.058091 -0.998258 -91.309021 -0.050997 0.996981 0.058546 2.387161 0.998645 0.051515 -0.007368 19.919510
-0.010320 0.060381 -0.998122 -92.487442 -0.049089 0.996941 0.060817 2.420507 0.998741 0.049625 -0.007324 19.913626
-0.010259 0.061654 -0.998045 -93.656425 -0.049689 0.996833 0.062090 2.466326 0.998712 0.050229 -0.007163 19.897694
-0.010259 0.061654 -0.998045 -93.656425 -0.049689 0.996833 0.062090 2.466326 0.998712 0.050229 -0.007163 19.897694
-0.009227 0.063624 -0.997931 -95.958481 -0.049830 0.996705 0.064006 2.574278 0.998715 0.050318 -0.006026 19.841467
-0.009634 0.060321 -0.998133 -97.111626 -0.052720 0.996760 0.060747 2.611756 0.998563 0.053206 -0.006423 19.823210
-0.009545 0.058605 -0.998236 -98.273506 -0.055036 0.996737 0.059043 2.654098 0.998439 0.055503 -0.006288 19.805477
-0.010123 0.057408 -0.998299 -99.431404 -0.055849 0.996760 0.057886 2.694934 0.998388 0.056340 -0.006884 19.797462
-0.010123 0.057408 -0.998299 -99.431404 -0.055849 0.996760 0.057886 2.694934 0.998388 0.056340 -0.006884 19.797462
-0.008359 0.059317 -0.998204 -101.728485 -0.054358 0.996736 0.059685 2.790315 0.998487 0.054759 -0.005108 19.768564
-0.008852 0.060594 -0.998123 -102.914291 -0.053062 0.996728 0.060979 2.831215 0.998552 0.053502 -0.005608 19.759968
-0.009746 0.060583 -0.998116 -104.084129 -0.056105 0.996557 0.061036 2.871973 0.998377 0.056594 -0.006313 19.735088
-0.010366 0.060815 -0.998095 -105.254013 -0.059728 0.996329 0.061327 2.924077 0.998161 0.060250 -0.006695 19.702696
-0.010366 0.060815 -0.998095 -105.254013 -0.059728 0.996329 0.061327 2.924077 0.998161 0.060250 -0.006695 19.702696
-0.009224 0.058470 -0.998247 -107.555931 -0.062244 0.996320 0.058932 3.035720 0.998018 0.062679 -0.005550 19.665367
-0.010016 0.054402 -0.998469 -108.746147 -0.063885 0.996444 0.054932 3.079858 0.997907 0.064337 -0.006505 19.646910
-0.011079 0.053509 -0.998506 -109.941681 -0.061580 0.996635 0.054092 3.124902 0.998041 0.062087 -0.007746 19.635513
-0.012071 0.053064 -0.998518 -111.140114 -0.058474 0.996845 0.053682 3.159839 0.998216 0.059036 -0.008930 19.630571
-0.011342 0.053694 -0.998493 -112.314087 -0.056421 0.996932 0.054251 3.209870 0.998343 0.056951 -0.008277 19.621193
-0.011342 0.053694 -0.998493 -112.314087 -0.056421 0.996932 0.054251 3.209870 0.998343 0.056951 -0.008277 19.621193
-0.011342 0.053694 -0.998493 -112.314087 -0.056421 0.996932 0.054251 3.209870 0.998343 0.056951 -0.008277 19.621193
-0.011342 0.053694 -0.998493 -112.314087 -0.056421 0.996932 0.054251 3.209870 0.998343 0.056951 -0.008277 19.621193
-0.011342 0.053694 -0.998493 -112.314087 -0.056421 0.996932 0.054251 3.209870 0.998343 0.056951 -0.008277 19.621193
-0.016733 0.051079 -0.998554 -117.170921 -0.056017 0.997078 0.051943 3.381895 0.998290 0.056805 -0.013823 19.551523
-0.016370 0.050513 -0.998589 -119.667755 -0.054684 0.997183 0.051339 3.471527 0.998370 0.055447 -0.013562 19.506260
-0.017677 0.054567 -0.998354 -120.925529 -0.058597 0.996737 0.055516 3.517460 0.998125 0.059482 -0.014422 19.464808
-0.018410 0.057900 -0.998153 -122.193375 -0.063910 0.996212 0.058966 3.564505 0.997786 0.064878 -0.014640 19.417162
-0.019366 0.057756 -0.998143 -123.451920 -0.070055 0.995798 0.058980 3.616539 0.997355 0.071067 -0.015238 19.358620
-0.019366 0.057756 -0.998143 -123.451920 -0.070055 0.995798 0.058980 3.616539 0.997355 0.071067 -0.015238 19.358620
-0.017413 0.056303 -0.998262 -125.992104 -0.076332 0.995425 0.057474 3.716269 0.996930 0.077200 -0.013036 19.285734
-0.018780 0.055743 -0.998269 -127.249512 -0.076874 0.995408 0.057029 3.762210 0.996864 0.077812 -0.014409 19.253258
-0.019707 0.055330 -0.998274 -128.504562 -0.076073 0.995490 0.056677 3.804988 0.996908 0.077058 -0.015409 19.230591
-0.020863 0.055934 -0.998216 -129.769318 -0.076173 0.995443 0.057371 3.848194 0.996876 0.077234 -0.016507 19.190922
-0.020863 0.055934 -0.998216 -129.769318 -0.076173 0.995443 0.057371 3.848194 0.996876 0.077234 -0.016507 19.190922
-0.019885 0.062376 -0.997855 -132.288254 -0.074747 0.995166 0.063697 3.941738 0.997004 0.075853 -0.015127 19.152126
-0.019828 0.061782 -0.997893 -133.548004 -0.074532 0.995220 0.063097 3.988151 0.997021 0.075626 -0.015128 19.110834
-0.019574 0.060451 -0.997979 -134.795197 -0.075696 0.995216 0.061768 4.035800 0.996939 0.076752 -0.014905 19.077606
-0.019034 0.060081 -0.998012 -136.050385 -0.076581 0.995173 0.061370 4.081114 0.996882 0.077597 -0.014341 19.047564
-0.019034 0.060081 -0.998012 -136.050385 -0.076581 0.995173 0.061370 4.081114 0.996882 0.077597 -0.014341 19.047564
-0.016393 0.063246 -0.997863 -138.555389 -0.073332 0.995234 0.064284 4.184090 0.997173 0.074229 -0.011677 19.021568
-0.015849 0.066276 -0.997675 -139.801895 -0.074005 0.994986 0.067273 4.241095 0.997132 0.074899 -0.010865 19.000568
-0.015473 0.067436 -0.997604 -141.045288 -0.075036 0.994831 0.068413 4.295200 0.997061 0.075914 -0.010333 18.969330
-0.015246 0.065159 -0.997758 -142.274368 -0.076719 0.994856 0.066141 4.349954 0.996936 0.077556 -0.010168 18.938774
-0.012936 0.062975 -0.997931 -143.508316 -0.076685 0.995013 0.063785 4.405760 0.996971 0.077351 -0.008042 18.918215
-0.012936 0.062975 -0.997931 -143.508316 -0.076685 0.995013 0.063785 4.405760 0.996971 0.077351 -0.008042 18.918215
-0.012936 0.062975 -0.997931 -143.508316 -0.076685 0.995013 0.063785 4.405760 0.996971 0.077351 -0.008042 18.918215
-0.012936 0.062975 -0.997931 -143.508316 -0.076685 0.995013 0.063785 4.405760 0.996971 0.077351 -0.008042 18.918215
-0.012936 0.062975 -0.997931 -143.508316 -0.076685 0.995013 0.063785 4.405760 0.996971 0.077351 -0.008042 18.918215
-0.014265 0.060976 -0.998037 -148.430710 -0.069421 0.995670 0.061823 4.597074 0.997485 0.070166 -0.009970 18.850758
-0.014011 0.062147 -0.997969 -150.933105 -0.066080 0.995827 0.062942 4.692715 0.997716 0.066828 -0.009846 18.810148
-0.014503 0.063490 -0.997877 -152.159042 -0.063050 0.995938 0.064283 4.744669 0.997905 0.063848 -0.010441 18.793848
-0.015411 0.062188 -0.997945 -153.376038 -0.061049 0.996143 0.063019 4.789772 0.998016 0.061895 -0.011555 18.775356
-0.016408 0.062351 -0.997919 -154.597031 -0.061959 0.996072 0.063255 4.841447 0.997944 0.062868 -0.012480 18.749004
-0.016408 0.062351 -0.997919 -154.597031 -0.061959 0.996072 0.063255 4.841447 0.997944 0.062868 -0.012480 18.749004
-0.015050 0.072054 -0.997287 -157.071960 -0.065350 0.995197 0.072889 4.953374 0.997749 0.066270 -0.010269 18.682421
-0.014451 0.071987 -0.997301 -158.294418 -0.068846 0.994966 0.072816 5.018287 0.997523 0.069713 -0.009422 18.638027
-0.013708 0.068316 -0.997570 -159.500046 -0.071858 0.995016 0.069128 5.085199 0.997321 0.072631 -0.008731 18.593964
-0.013283 0.063294 -0.997907 -160.696213 -0.074382 0.995167 0.064110 5.137650 0.997141 0.075078 -0.008511 18.551920
-0.013283 0.063294 -0.997907 -160.696213 -0.074382 0.995167 0.064110 5.137650 0.997141 0.075078 -0.008511 18.551920
-0.009241 0.061614 -0.998057 -163.150177 -0.076083 0.995163 0.062140 5.247582 0.997059 0.076509 -0.004509 18.572325
-0.010084 0.057788 -0.998278 -164.353027 -0.072256 0.995677 0.058367 5.297585 0.997335 0.072720 -0.005865 18.565601
-0.011450 0.055402 -0.998398 -165.563309 -0.068748 0.996058 0.056061 5.335313 0.997568 0.069280 -0.007596 18.555252
-0.012844 0.057535 -0.998261 -166.779572 -0.066837 0.996061 0.058268 5.380938 0.997681 0.067469 -0.008948 18.535686
-0.012844 0.057535 -0.998261 -166.779572 -0.066837 0.996061 0.058268 5.380938 0.997681 0.067469 -0.008948 18.535686
-0.008098 0.064465 -0.997887 -169.264160 -0.065250 0.995759 0.064857 5.473337 0.997836 0.065638 -0.003858 18.512177
-0.007244 0.062296 -0.998031 -170.471985 -0.066106 0.995845 0.062639 5.520359 0.997786 0.066429 -0.003096 18.479721
-0.006891 0.061900 -0.998059 -171.689423 -0.067288 0.995791 0.062224 5.574288 0.997710 0.067586 -0.002696 18.455967
-0.006543 0.062677 -0.998012 -172.884171 -0.066775 0.995779 0.062975 5.627583 0.997747 0.067054 -0.002331 18.442877
-0.002928 0.063861 -0.997954 -174.111542 -0.066045 0.995768 0.063915 5.670769 0.997812 0.066097 0.001302 18.473049
-0.002928 0.063861 -0.997954 -174.111542 -0.066045 0.995768 0.063915 5.670769 0.997812 0.066097 0.001302 18.473049
-0.002928 0.063861 -0.997954 -174.111542 -0.066045 0.995768 0.063915 5.670769 0.997812 0.066097 0.001302 18.473049
-0.002928 0.063861 -0.997954 -174.111542 -0.066045 0.995768 0.063915 5.670769 0.997812 0.066097 0.001302 18.473049
-0.002928 0.063861 -0.997954 -174.111542 -0.066045 0.995768 0.063915 5.670769 0.997812 0.066097 0.001302 18.473049
0.000019 0.067035 -0.997751 -178.664703 -0.068499 0.995407 0.066876 5.844172 0.997651 0.068344 0.004611 18.422834
0.002400 0.069670 -0.997567 -180.772430 -0.068279 0.995253 0.069344 5.916018 0.997663 0.067947 0.007146 18.437883
0.002781 0.069217 -0.997598 -181.771515 -0.069060 0.995233 0.068861 5.949986 0.997609 0.068703 0.007548 18.426952
0.004333 0.069389 -0.997580 -182.755188 -0.069964 0.995166 0.068918 5.982882 0.997540 0.069496 0.009167 18.416939
0.005013 0.069815 -0.997547 -183.713669 -0.071056 0.995063 0.069285 6.021832 0.997460 0.070534 0.009949 18.416948
0.005013 0.069815 -0.997547 -183.713669 -0.071056 0.995063 0.069285 6.021832 0.997460 0.070534 0.009949 18.416948
0.000189 0.066793 -0.997767 -185.605377 -0.067430 0.995497 0.066629 6.093733 0.997724 0.067267 0.004692 18.450327
-0.004755 0.064020 -0.997937 -186.522125 -0.066503 0.995719 0.064195 6.123958 0.997775 0.066671 -0.000477 18.450502
-0.009614 0.061584 -0.998056 -187.417252 -0.067682 0.995773 0.062095 6.160174 0.997661 0.068148 -0.005405 18.432713
-0.013564 0.060722 -0.998063 -188.333679 -0.068866 0.995728 0.061516 6.199564 0.997534 0.069567 -0.009325 18.413214
-0.013564 0.060722 -0.998063 -188.333679 -0.068866 0.995728 0.061516 6.199564 0.997534 0.069567 -0.009325 18.413214
-0.017222 0.060864 -0.997998 -190.193115 -0.070414 0.995593 0.061932 6.280798 0.997369 0.071340 -0.012860 18.370554
-0.019210 0.062364 -0.997869 -191.110504 -0.067509 0.995694 0.063527 6.313973 0.997534 0.068585 -0.014917 18.361444
-0.020592 0.062911 -0.997807 -192.021683 -0.066294 0.995736 0.064149 6.348321 0.997588 0.067469 -0.016334 18.342684
-0.021674 0.062327 -0.997820 -192.925842 -0.066718 0.995740 0.063646 6.378669 0.997536 0.067952 -0.017424 18.315676
-0.021674 0.062327 -0.997820 -192.925842 -0.066718 0.995740 0.063646 6.378669 0.997536 0.067952 -0.017424 18.315676
-0.020905 0.061136 -0.997910 -194.728546 -0.069908 0.995596 0.062458 6.447827 0.997334 0.071067 -0.016539 18.257540
-0.020383 0.060012 -0.997990 -195.615555 -0.071452 0.995557 0.061325 6.484973 0.997236 0.072559 -0.016005 18.220631
-0.020066 0.057786 -0.998127 -196.506058 -0.071708 0.995674 0.059086 6.524972 0.997224 0.072759 -0.015835 18.189505
-0.019855 0.055541 -0.998259 -197.410919 -0.071643 0.995810 0.056830 6.564102 0.997233 0.072646 -0.015792 18.169081
-0.018062 0.054067 -0.998374 -198.379425 -0.074475 0.995690 0.055269 6.595628 0.997059 0.075352 -0.013957 18.152908
-0.018062 0.054067 -0.998374 -198.379425 -0.074475 0.995690 0.055269 6.595628 0.997059 0.075352 -0.013957 18.152908
-0.018062 0.054067 -0.998374 -198.379425 -0.074475 0.995690 0.055269 6.595628 0.997059 0.075352 -0.013957 18.152908
-0.018062 0.054067 -0.998374 -198.379425 -0.074475 0.995690 0.055269 6.595628 0.997059 0.075352 -0.013957 18.152908
-0.018062 0.054067 -0.998374 -198.379425 -0.074475 0.995690 0.055269 6.595628 0.997059 0.075352 -0.013957 18.152908
-0.017573 0.050781 -0.998555 -202.097610 -0.067373 0.996379 0.051856 6.739588 0.997573 0.068187 -0.014088 18.104191
-0.015088 0.055220 -0.998360 -204.033127 -0.070717 0.995915 0.056154 6.807847 0.997382 0.071448 -0.011121 18.039522
-0.014341 0.055186 -0.998373 -204.994202 -0.069570 0.996001 0.056054 6.846368 0.997474 0.070260 -0.010444 18.028532
-0.012887 0.056136 -0.998340 -205.974136 -0.069143 0.995983 0.056896 6.884668 0.997524 0.069761 -0.008953 18.012383
-0.012007 0.060439 -0.998100 -206.973587 -0.070002 0.995672 0.061134 6.928035 0.997475 0.070603 -0.007724 17.987293
-0.012007 0.060439 -0.998100 -206.973587 -0.070002 0.995672 0.061134 6.928035 0.997475 0.070603 -0.007724 17.987293
-0.006892 0.065982 -0.997797 -208.961075 -0.065070 0.995676 0.066291 7.006164 0.997857 0.065383 -0.002569 17.981997
-0.005151 0.066789 -0.997754 -209.955551 -0.067394 0.995475 0.066984 7.050968 0.997713 0.067588 -0.000626 17.961107
-0.002660 0.067938 -0.997686 -210.963684 -0.068978 0.995301 0.067960 7.108192 0.997615 0.068999 0.002039 17.936453
0.000163 0.067868 -0.997694 -211.981277 -0.069500 0.995283 0.067692 7.156345 0.997582 0.069328 0.004879 17.920794
0.000163 0.067868 -0.997694 -211.981277 -0.069500 0.995283 0.067692 7.156345 0.997582 0.069328 0.004879 17.920794
0.007719 0.064899 -0.997862 -214.055435 -0.073593 0.995222 0.064158 7.256469 0.997258 0.072941 0.012459 17.910862
0.008834 0.063727 -0.997928 -215.087357 -0.073434 0.995314 0.062910 7.301535 0.997261 0.072726 0.013472 17.916643
0.010165 0.065866 -0.997777 -216.135910 -0.074523 0.995103 0.064930 7.342541 0.997168 0.073697 0.015024 17.924358
0.011262 0.068223 -0.997607 -217.194504 -0.075387 0.994888 0.067186 7.399714 0.997091 0.074450 0.016347 17.924305
0.011262 0.068223 -0.997607 -217.194504 -0.075387 0.994888 0.067186 7.399714 0.997091 0.074450 0.016347 17.924305
0.013673 0.065927 -0.997731 -219.332611 -0.074529 0.995116 0.064733 7.502012 0.997125 0.073475 0.018520 17.970886
0.013194 0.063331 -0.997905 -220.388107 -0.072546 0.995423 0.062215 7.549135 0.997278 0.071573 0.017728 17.988451
0.013165 0.062282 -0.997972 -221.460693 -0.070938 0.995602 0.061199 7.591424 0.997394 0.069988 0.017525 18.003761
0.012820 0.061320 -0.998036 -222.548111 -0.071703 0.995605 0.060250 7.639563 0.997344 0.070790 0.017160 18.014797
0.015336 0.061914 -0.997964 -223.640442 -0.070497 0.995664 0.060688 7.685474 0.997394 0.069422 0.019634 18.031191
0.015336 0.061914 -0.997964 -223.640442 -0.070497 0.995664 0.060688 7.685474 0.997394 0.069422 0.019634 18.031191
0.015336 0.061914 -0.997964 -223.640442 -0.070497 0.995664 0.060688 7.685474 0.997394 0.069422 0.019634 18.031191
0.015336 0.061914 -0.997964 -223.640442 -0.070497 0.995664 0.060688 7.685474 0.997394 0.069422 0.019634 18.031191
0.015336 0.061914 -0.997964 -223.640442 -0.070497 0.995664 0.060688 7.685474 0.997394 0.069422 0.019634 18.031191
0.010636 0.067535 -0.997660 -228.079697 -0.075232 0.994943 0.066549 7.887121 0.997109 0.074348 0.015663 18.061872
0.010564 0.068600 -0.997588 -230.389236 -0.077906 0.994668 0.067574 8.005694 0.996905 0.077005 0.015852 18.061613
0.008467 0.063912 -0.997920 -231.531464 -0.076825 0.995047 0.063076 8.062457 0.997009 0.076131 0.013335 18.071999
0.005737 0.057860 -0.998308 -232.671036 -0.074537 0.995572 0.057273 8.112280 0.997202 0.074082 0.010025 18.089720
0.003288 0.053793 -0.998547 -233.823257 -0.071524 0.996007 0.053420 8.156199 0.997433 0.071244 0.007122 18.105759
0.003288 0.053793 -0.998547 -233.823257 -0.071524 0.996007 0.053420 8.156199 0.997433 0.071244 0.007122 18.105759
0.000756 0.057045 -0.998371 -236.220734 -0.063250 0.996375 0.056883 8.234026 0.997997 0.063104 0.004362 18.141384
-0.001869 0.059657 -0.998217 -237.423019 -0.061964 0.996294 0.059658 8.279926 0.998077 0.061965 0.001835 18.147490
-0.003815 0.059120 -0.998244 -238.616379 -0.060294 0.996421 0.059242 8.326888 0.998173 0.060414 -0.000237 18.146584
-0.006439 0.059378 -0.998215 -239.812836 -0.060662 0.996374 0.059660 8.377028 0.998138 0.060938 -0.002814 18.135595
-0.006439 0.059378 -0.998215 -239.812836 -0.060662 0.996374 0.059660 8.377028 0.998138 0.060938 -0.002814 18.135595
-0.009699 0.061277 -0.998074 -242.278488 -0.055390 0.996555 0.061722 8.483754 0.998418 0.055882 -0.006271 18.109179
-0.011950 0.059841 -0.998136 -243.500732 -0.055235 0.996644 0.060413 8.536093 0.998402 0.055854 -0.008605 18.090851
-0.014549 0.059513 -0.998122 -244.732880 -0.056078 0.996607 0.060240 8.587989 0.998320 0.056849 -0.011162 18.073338
-0.016641 0.060316 -0.998041 -245.974106 -0.056206 0.996544 0.061163 8.642531 0.998281 0.057113 -0.013193 18.049595
-0.016641 0.060316 -0.998041 -245.974106 -0.056206 0.996544 0.061163 8.642531 0.998281 0.057113 -0.013193 18.049595
-0.021255 0.062764 -0.997802 -248.472839 -0.056861 0.996336 0.063883 8.738490 0.998156 0.058094 -0.017608 17.980335
-0.023798 0.063984 -0.997667 -249.722900 -0.058160 0.996171 0.065275 8.793732 0.998024 0.059578 -0.019985 17.945084
-0.025342 0.064489 -0.997597 -250.970413 -0.059501 0.996051 0.065901 8.851273 0.997907 0.061028 -0.021405 17.903414
-0.026634 0.064820 -0.997541 -252.220062 -0.061915 0.995873 0.066364 8.908659 0.997726 0.063530 -0.022511 17.849632
-0.025449 0.066600 -0.997455 -253.503448 -0.063443 0.995659 0.068099 8.966150 0.997661 0.065014 -0.021113 17.815397
-0.025449 0.066600 -0.997455 -253.503448 -0.063443 0.995659 0.068099 8.966150 0.997661 0.065014 -0.021113 17.815397
-0.025449 0.066600 -0.997455 -253.503448 -0.063443 0.995659 0.068099 8.966150 0.997661 0.065014 -0.021113 17.815397
-0.025449 0.066600 -0.997455 -253.503448 -0.063443 0.995659 0.068099 8.966150 0.997661 0.065014 -0.021113 17.815397
-0.025449 0.066600 -0.997455 -253.503448 -0.063443 0.995659 0.068099 8.966150 0.997661 0.065014 -0.021113 17.815397
-0.029087 0.064370 -0.997502 -258.506104 -0.060322 0.995992 0.066031 9.187050 0.997755 0.062092 -0.025087 17.656128
-0.026098 0.065417 -0.997517 -261.030487 -0.057354 0.996115 0.066825 9.289659 0.998013 0.058956 -0.022245 17.616871
-0.026269 0.065629 -0.997498 -262.303650 -0.055908 0.996184 0.067015 9.347445 0.998090 0.057528 -0.022500 17.584454
-0.027488 0.067292 -0.997355 -263.557770 -0.051961 0.996287 0.068652 9.403983 0.998271 0.053710 -0.023889 17.563820
-0.028726 0.070356 -0.997108 -264.814514 -0.048789 0.996232 0.071700 9.460682 0.998396 0.050707 -0.025185 17.538992
-0.028726 0.070356 -0.997108 -264.814514 -0.048789 0.996232 0.071700 9.460682 0.998396 0.050707 -0.025185 17.538992
-0.024815 0.074199 -0.996935 -267.295807 -0.044366 0.996177 0.075247 9.585494 0.998707 0.046097 -0.021429 17.472492
-0.025701 0.073199 -0.996986 -268.532501 -0.046219 0.996162 0.074330 9.648382 0.998601 0.047990 -0.022219 17.433632
-0.026091 0.075471 -0.996807 -269.778015 -0.050894 0.995753 0.076723 9.713907 0.998363 0.052734 -0.022139 17.379198
-0.026176 0.080429 -0.996417 -271.033325 -0.054681 0.995151 0.081763 9.793962 0.998161 0.056626 -0.021651 17.322666
-0.026176 0.080429 -0.996417 -271.033325 -0.054681 0.995151 0.081763 9.793962 0.998161 0.056626 -0.021651 17.322666
-0.026204 0.075773 -0.996781 -273.471375 -0.061256 0.995128 0.077257 9.938297 0.997778 0.063083 -0.021434 17.227829
-0.026552 0.070493 -0.997159 -274.704163 -0.059784 0.995613 0.071976 10.001030 0.997858 0.061526 -0.022221 17.199858
-0.026987 0.069622 -0.997208 -275.947235 -0.056317 0.995881 0.071053 10.056473 0.998048 0.058077 -0.022955 17.174810
-0.026018 0.070937 -0.997141 -277.191772 -0.053587 0.995946 0.072250 10.105543 0.998224 0.055314 -0.022111 17.142820
-0.026018 0.070937 -0.997141 -277.191772 -0.053587 0.995946 0.072250 10.105543 0.998224 0.055314 -0.022111 17.142820
-0.022851 0.073673 -0.997021 -279.593231 -0.050874 0.995903 0.074756 10.232718 0.998444 0.052431 -0.019010 17.098202
-0.022177 0.075226 -0.996920 -280.823944 -0.051967 0.995730 0.076292 10.299571 0.998402 0.053499 -0.018173 17.060822
-0.021938 0.076288 -0.996844 -282.047546 -0.052695 0.995610 0.077353 10.364715 0.998370 0.054226 -0.017822 17.022335
-0.021697 0.075826 -0.996885 -283.266571 -0.052807 0.995641 0.076881 10.427213 0.998369 0.054311 -0.017598 16.996315
-0.019737 0.075595 -0.996943 -284.481110 -0.053055 0.995653 0.076548 10.498464 0.998397 0.054404 -0.015641 16.962801
-0.019737 0.075595 -0.996943 -284.481110 -0.053055 0.995653 0.076548 10.498464 0.998397 0.054404 -0.015641 16.962801
-0.019737 0.075595 -0.996943 -284.481110 -0.053055 0.995653 0.076548 10.498464 0.998397 0.054404 -0.015641 16.962801
-0.019737 0.075595 -0.996943 -284.481110 -0.053055 0.995653 0.076548 10.498464 0.998397 0.054404 -0.015641 16.962801
-0.019737 0.075595 -0.996943 -284.481110 -0.053055 0.995653 0.076548 10.498464 0.998397 0.054404 -0.015641 16.962801
-0.020909 0.074957 -0.996968 -289.407288 -0.055154 0.995581 0.076009 10.742773 0.998259 0.056576 -0.016683 16.847210
-0.018770 0.073801 -0.997096 -291.827087 -0.053895 0.995747 0.074716 10.889165 0.998370 0.055141 -0.014712 16.796387
-0.019238 0.071371 -0.997264 -293.048889 -0.053961 0.995921 0.072316 10.954557 0.998358 0.055204 -0.015309 16.767223
-0.019898 0.068961 -0.997421 -294.269928 -0.053995 0.996088 0.069946 11.016022 0.998343 0.055248 -0.016097 16.732698
-0.020539 0.067793 -0.997488 -295.492889 -0.055319 0.996093 0.068838 11.074054 0.998257 0.056594 -0.016708 16.694700
-0.020539 0.067793 -0.997488 -295.492889 -0.055319 0.996093 0.068838 11.074054 0.998257 0.056594 -0.016708 16.694700
-0.020430 0.067965 -0.997479 -297.927826 -0.061670 0.995701 0.069107 11.186304 0.997887 0.062926 -0.016151 16.607668
-0.021751 0.068568 -0.997409 -299.158875 -0.064215 0.995490 0.069836 11.247663 0.997699 0.065568 -0.017250 16.571150
-0.022335 0.068450 -0.997404 -300.390106 -0.065941 0.995380 0.069788 11.313307 0.997573 0.067329 -0.017718 16.523584
-0.022862 0.066736 -0.997509 -301.608826 -0.065273 0.995541 0.068100 11.371253 0.997606 0.066667 -0.018404 16.486183
-0.022862 0.066736 -0.997509 -301.608826 -0.065273 0.995541 0.068100 11.371253 0.997606 0.066667 -0.018404 16.486183
-0.023260 0.065460 -0.997584 -304.056396 -0.063130 0.995766 0.066813 11.485942 0.997734 0.064532 -0.019029 16.461693
-0.024281 0.066839 -0.997468 -305.296143 -0.060896 0.995811 0.068210 11.548461 0.997849 0.062398 -0.020109 16.437796
-0.025380 0.068060 -0.997358 -306.530243 -0.059337 0.995818 0.069465 11.603841 0.997915 0.060943 -0.021235 16.411987
-0.026109 0.067579 -0.997372 -307.762848 -0.059245 0.995854 0.069027 11.661541 0.997902 0.060891 -0.021997 16.370779
-0.026109 0.067579 -0.997372 -307.762848 -0.059245 0.995854 0.069027 11.661541 0.997902 0.060891 -0.021997 16.370779
-0.024550 0.066967 -0.997453 -310.253723 -0.060881 0.995802 0.068355 11.774803 0.997843 0.062404 -0.020370 16.275530
-0.024605 0.066987 -0.997450 -311.505585 -0.059910 0.995860 0.068358 11.833229 0.997900 0.061439 -0.020490 16.241016
