1.000000 0.000000 0.000000 0.000000 0.000000 1.000000 0.000000 0.000000 0.000000 0.000000 1.000000 0.000000
0.999981 0.000593 -0.006090 -0.004236 -0.000593 1.000000 0.000068 -0.001823 0.006090 -0.000064 0.999981 0.089769
0.999916 0.001562 -0.012889 -0.009565 -0.001562 0.999999 0.000014 -0.005359 0.012889 0.000007 0.999917 0.183975
0.999792 0.002108 -0.020267 -0.015411 -0.002117 0.999998 -0.000420 -0.009657 0.020266 0.000463 0.999795 0.272974
0.999593 0.002687 -0.028406 -0.019991 -0.002733 0.999995 -0.001566 -0.012892 0.028402 0.001643 0.999595 0.373798
0.999240 0.002946 -0.038869 -0.025277 -0.003049 0.999992 -0.002592 -0.017839 0.038861 0.002708 0.999241 0.482623
0.998639 0.003202 -0.052066 -0.033512 -0.003381 0.999989 -0.003358 -0.021474 0.052055 0.003530 0.998638 0.606957
0.997683 0.003053 -0.067967 -0.044918 -0.003314 0.999988 -0.003725 -0.023891 0.067954 0.003941 0.997681 0.747440
0.996256 0.001856 -0.086432 -0.054205 -0.002201 0.999990 -0.003895 -0.025110 0.086424 0.004071 0.996250 0.892924
0.994352 0.001192 -0.106125 -0.066242 -0.001637 0.999990 -0.004102 -0.030834 0.106119 0.004252 0.994344 1.050203
0.991757 0.001626 -0.128123 -0.090664 -0.002264 0.999986 -0.004839 -0.038585 0.128113 0.005089 0.991746 1.217223
0.988393 0.004867 -0.151843 -0.131323 -0.005804 0.999967 -0.005725 -0.052324 0.151811 0.006540 0.988388 1.386708
0.984185 0.007977 -0.176964 -0.179620 -0.009398 0.999930 -0.007190 -0.062844 0.176894 0.008739 0.984191 1.557983
0.978964 0.010542 -0.203759 -0.234218 -0.012493 0.999888 -0.008295 -0.071789 0.203648 0.010667 0.978986 1.740896
0.972354 0.011586 -0.233226 -0.292734 -0.013919 0.999868 -0.008359 -0.081010 0.233099 0.011374 0.972387 1.925774
0.964519 0.013213 -0.263684 -0.361060 -0.015953 0.999839 -0.008255 -0.089784 0.263532 0.012169 0.964574 2.113684
0.955277 0.014693 -0.295348 -0.438136 -0.017830 0.999810 -0.007932 -0.096742 0.295175 0.012843 0.955357 2.308174
0.944194 0.016417 -0.328980 -0.527622 -0.019907 0.999776 -0.007244 -0.107118 0.328788 0.013389 0.944309 2.505281
0.931791 0.018465 -0.362525 -0.626267 -0.022582 0.999720 -0.007123 -0.114883 0.362292 0.014823 0.931947 2.699727
0.918187 0.020410 -0.395622 -0.736093 -0.025288 0.999655 -0.007119 -0.120680 0.395340 0.016541 0.918386 2.900273
0.902597 0.020682 -0.429989 -0.845504 -0.026201 0.999633 -0.006917 -0.120859 0.429688 0.017510 0.902808 3.101664
0.884543 0.016993 -0.466149 -0.953923 -0.023371 0.999696 -0.007906 -0.119493 0.465873 0.017888 0.884671 3.306189
0.863815 0.013816 -0.503620 -1.074103 -0.021064 0.999740 -0.008703 -0.127838 0.503369 0.018126 0.863882 3.518143
0.839567 0.014982 -0.543050 -1.225684 -0.022276 0.999728 -0.006858 -0.141222 0.542800 0.017855 0.839672 3.726084
0.811214 0.019668 -0.584419 -1.407819 -0.026901 0.999631 -0.003698 -0.154548 0.584131 0.018721 0.811444 3.922420
0.779197 0.022109 -0.626389 -1.597761 -0.030081 0.999545 -0.002140 -0.164761 0.626057 0.020510 0.779508 4.108988
0.743621 0.021244 -0.668264 -1.790137 -0.030505 0.999532 -0.002170 -0.164800 0.667906 0.021999 0.743921 4.295566
0.704371 0.017453 -0.709617 -1.992707 -0.026837 0.999638 -0.002053 -0.167056 0.709324 0.020490 0.704584 4.492702
0.662180 0.015206 -0.749191 -2.210372 -0.024273 0.999705 -0.001164 -0.173942 0.748952 0.018956 0.662353 4.679632
0.617945 0.014595 -0.786086 -2.454298 -0.023292 0.999729 0.000252 -0.180870 0.785876 0.018154 0.618118 4.861948
0.569888 0.014943 -0.821586 -2.721867 -0.022510 0.999743 0.002570 -0.185570 0.821414 0.017029 0.570078 5.035274
0.518894 0.015114 -0.854705 -3.006581 -0.022314 0.999743 0.004132 -0.191688 0.854547 0.016928 0.519098 5.188268
0.466026 0.015597 -0.884633 -3.310321 -0.022490 0.999730 0.005779 -0.193593 0.884485 0.017202 0.466251 5.334186
0.411617 0.016667 -0.911204 -3.632512 -0.022665 0.999711 0.008048 -0.197094 0.911075 0.017340 0.411876 5.465319
0.355852 0.017582 -0.934377 -3.976187 -0.023060 0.999684 0.010028 -0.202275 0.934258 0.017978 0.356145 5.573239
0.300293 0.019462 -0.953648 -4.340522 -0.022623 0.999656 0.013277 -0.203870 0.953579 0.017587 0.300630 5.682573
0.245991 0.020384 -0.969058 -4.721312 -0.019826 0.999676 0.015995 -0.206307 0.969069 0.015278 0.246316 5.774537
0.194299 0.020330 -0.980732 -5.106851 -0.017920 0.999692 0.017172 -0.215300 0.980779 0.014238 0.194603 5.845954
