1.000000 0.000000 0.000000 0.000000 0.000000 1.000000 0.000000 0.000000 0.000000 0.000000 1.000000 0.000000
0.999981 0.000593 -0.006090 -0.004236 -0.000593 1.000000 0.000068 -0.001823 0.006090 -0.000064 0.999981 0.089769
0.999916 0.001562 -0.012889 -0.009565 -0.001562 0.999999 0.000014 -0.005359 0.012889 0.000007 0.999917 0.183975
0.999792 0.002108 -0.020267 -0.015411 -0.002117 0.999998 -0.000420 -0.009657 0.020266 0.000463 0.999795 0.272974
0.999593 0.002687 -0.028406 -0.019991 -0.002733 0.999995 -0.001566 -0.012892 0.028402 0.001643 0.999595 0.373798
0.999240 0.002946 -0.038869 -0.025277 -0.003049 0.999992 -0.002592 -0.017839 0.038861 0.002708 0.999241 0.482623
0.998639 0.003202 -0.052066 -0.033512 -0.003381 0.999989 -0.003358 -0.021474 0.052055 0.003530 0.998638 0.606957
0.997683 0.003053 -0.067967 -0.044918 -0.003314 0.999988 -0.003725 -0.023891 0.067954 0.003941 0.997681 0.747440
0.996256 0.001856 -0.086432 -0.054205 -0.002201 0.999990 -0.003895 -0.025110 0.086424 0.004071 0.996250 0.892924
0.994352 0.001192 -0.106125 -0.066242 -0.001637 0.999990 -0.004102 -0.030834 0.106119 0.004252 0.994344 1.050203
0.991757 0.001626 -0.128123 -0.090664 -0.002264 0.999986 -0.004839 -0.038585 0.128113 0.005089 0.991746 1.217223
0.988393 0.004867 -0.151843 -0.131323 -0.005804 0.999967 -0.005725 -0.052324 0.151811 0.006540 0.988388 1.386708
0.984185 0.007977 -0.176964 -0.179620 -0.009398 0.999930 -0.007190 -0.062844 0.176894 0.008739 0.984191 1.557983
0.978964 0.010542 -0.203759 -0.234218 -0.012493 0.999888 -0.008295 -0.071789 0.203648 0.010667 0.978986 1.740896
0.972354 0.011586 -0.233226 -0.292734 -0.013919 0.999868 -0.008359 -0.081010 0.233099 0.011374 0.972387 1.925774
0.964519 0.013213 -0.263684 -0.361060 -0.015953 0.999839 -0.008255 -0.089784 0.263532 0.012169 0.964574 2.113684
0.955277 0.014693 -0.295348 -0.438136 -0.017830 0.999810 -0.007932 -0.096742 0.295175 0.012843 0.955357 2.308174
0.944194 0.016417 -0.328980 -0.527622 -0.019907 0.999776 -0.007244 -0.107118 0.328788 0.013389 0.944309 2.505281
0.931791 0.018465 -0.362525 -0.626267 -0.022582 0.999720 -0.007123 -0.114883 0.362292 0.014823 0.931947 2.699727
0.918187 0.020410 -0.395622 -0.736093 -0.025288 0.999655 -0.007119 -0.120680 0.395340 0.016541 0.918386 2.900273
0.902597 0.020682 -0.429989 -0.845504 -0.026201 0.999633 -0.006917 -0.120859 0.429688 0.017510 0.902808 3.101664
0.884543 0.016993 -0.466149 -0.953923 -0.023371 0.999696 -0.007906 -0.119493 0.465873 0.017888 0.884671 3.306189
0.863815 0.013816 -0.503620 -1.074103 -0.021064 0.999740 -0.008703 -0.127838 0.503369 0.018126 0.863882 3.518143
0.839567 0.014982 -0.543050 -1.225684 -0.022276 0.999728 -0.006858 -0.141222 0.542800 0.017855 0.839672 3.726084
0.811214 0.019668 -0.584419 -1.407819 -0.026901 0.999631 -0.003698 -0.154548 0.584131 0.018721 0.811444 3.922420
0.779197 0.022109 -0.626389 -1.597761 -0.030081 0.999545 -0.002140 -0.164761 0.626057 0.020510 0.779508 4.108988
0.743621 0.021244 -0.668264 -1.790137 -0.030505 0.999532 -0.002170 -0.164800 0.667906 0.021999 0.743921 4.295566
0.704371 0.017453 -0.709617 -1.992707 -0.026837 0.999638 -0.002053 -0.167056 0.709324 0.020490 0.704584 4.492702
0.662180 0.015206 -0.749191 -2.210372 -0.024273 0.999705 -0.001164 -0.173942 0.748952 0.018956 0.662353 4.679632
0.617945 0.014595 -0.786086 -2.454298 -0.023292 0.999729 0.000252 -0.180870 0.785876 0.018154 0.618118 4.861948
0.569888 0.014943 -0.821586 -2.721867 -0.022510 0.999743 0.002570 -0.185570 0.821414 0.017029 0.570078 5.035274
0.518894 0.015114 -0.854705 -3.006581 -0.022314 0.999743 0.004132 -0.191688 0.854547 0.016928 0.519098 5.188268
0.466026 0.015597 -0.884633 -3.310321 -0.022490 0.999730 0.005779 -0.193593 0.884485 0.017202 0.466251 5.334186
0.411617 0.016667 -0.911204 -3.632512 -0.022665 0.999711 0.008048 -0.197094 0.911075 0.017340 0.411876 5.465319
0.355852 0.017582 -0.934377 -3.976187 -0.023060 0.999684 0.010028 -0.202275 0.934258 0.017978 0.356145 5.573239
0.300293 0.019462 -0.953648 -4.340522 -0.022623 0.999656 0.013277 -0.203870 0.953579 0.017587 0.300630 5.682573
0.245991 0.020384 -0.969058 -4.721312 -0.019826 0.999676 0.015995 -0.206307 0.969069 0.015278 0.246316 5.774537
0.194299 0.020330 -0.980732 -5.106851 -0.017920 0.999692 0.017172 -0.215300 0.980779 0.014238 0.194603 5.845954
0.146058 0.020719 -0.989059 -5.512682 -0.019686 0.999644 0.018033 -0.224317 0.989080 0.016837 0.146414 5.879695
0.102508 0.020367 -0.994524 -5.933408 -0.021159 0.999609 0.018291 -0.219262 0.994507 0.019168 0.102899 5.906080
0.063569 0.018845 -0.997799 -6.369247 -0.022356 0.999598 0.017455 -0.214175 0.997727 0.021198 0.063965 5.925300
0.028662 0.016026 -0.999461 -6.820161 -0.022100 0.999637 0.015395 -0.215157 0.999345 0.021647 0.029005 5.932335
-0.003529 0.013670 -0.999900 -7.283877 -0.021678 0.999671 0.013743 -0.217905 0.999759 0.021724 -0.003232 5.927436
-0.030856 0.011728 -0.999455 -7.755504 -0.022243 0.999675 0.012418 -0.220804 0.999276 0.022614 -0.030585 5.909081
-0.052170 0.009949 -0.998589 -8.241201 -0.022635 0.999682 0.011142 -0.219987 0.998382 0.023184 -0.051928 5.880656
-0.068929 0.009183 -0.997579 -8.753303 -0.023601 0.999663 0.010833 -0.213967 0.997342 0.024291 -0.068689 5.848052
-0.082267 0.009438 -0.996566 -9.291916 -0.024039 0.999645 0.011451 -0.215710 0.996320 0.024899 -0.082011 5.803359
-0.091875 0.010278 -0.995718 -9.847067 -0.025685 0.999590 0.012688 -0.221409 0.995439 0.026741 -0.091573 5.745669
-0.098841 0.011188 -0.995040 -10.423921 -0.027223 0.999532 0.013943 -0.226383 0.994731 0.028466 -0.098490 5.682673
-0.103044 0.011699 -0.994608 -11.019408 -0.028216 0.999494 0.014680 -0.224424 0.994277 0.029577 -0.102661 5.614483
-0.104032 0.012116 -0.994500 -11.636827 -0.027088 0.999520 0.015010 -0.224987 0.994205 0.028501 -0.103654 5.556036
-0.103008 0.013600 -0.994588 -12.271720 -0.026568 0.999512 0.016419 -0.224979 0.994326 0.028115 -0.102596 5.491142
-0.101873 0.015109 -0.994683 -12.916342 -0.027182 0.999469 0.017966 -0.229083 0.994426 0.028867 -0.101408 5.422134
-0.100067 0.014606 -0.994873 -13.567593 -0.027982 0.999455 0.017488 -0.234652 0.994587 0.029589 -0.099604 5.350251
-0.098205 0.012479 -0.995088 -14.244670 -0.026793 0.999526 0.015179 -0.250246 0.994806 0.028152 -0.097824 5.282040
-0.097001 0.012034 -0.995212 -14.945073 -0.025691 0.999563 0.014591 -0.260384 0.994953 0.026983 -0.096649 5.222730
-0.095844 0.014658 -0.995288 -15.661310 -0.024618 0.999551 0.017091 -0.270498 0.995092 0.026141 -0.095440 5.156752
-0.094171 0.017733 -0.995398 -16.395870 -0.024342 0.999501 0.020109 -0.279346 0.995258 0.026124 -0.093693 5.083953
-0.093027 0.019223 -0.995478 -17.131073 -0.023610 0.999490 0.021507 -0.284652 0.995384 0.025504 -0.092526 5.011650
-0.092163 0.018376 -0.995574 -17.864691 -0.022738 0.999530 0.020554 -0.290647 0.995484 0.024531 -0.091702 4.944535
-0.090772 0.016250 -0.995739 -18.597269 -0.021697 0.999597 0.018291 -0.303455 0.995635 0.023265 -0.090383 4.876732
-0.089532 0.015642 -0.995861 -19.351023 -0.020265 0.999641 0.017524 -0.308673 0.995778 0.021750 -0.089183 4.808036
-0.088234 0.017241 -0.995951 -20.134209 -0.015683 0.999702 0.018696 -0.319325 0.995976 0.017269 -0.087937 4.748318
-0.086855 0.019452 -0.996031 -20.924957 -0.012569 0.999708 0.020620 -0.333445 0.996142 0.014310 -0.086585 4.683403
-0.085346 0.020800 -0.996134 -21.728060 -0.009979 0.999714 0.021730 -0.343166 0.996301 0.011795 -0.085114 4.617441
-0.084489 0.016740 -0.996284 -22.517317 -0.008397 0.999811 0.017511 -0.356253 0.996389 0.009845 -0.084333 4.553551
-0.084119 0.009875 -0.996407 -23.308165 -0.005954 0.999928 0.010412 -0.370201 0.996438 0.006809 -0.084054 4.490870
-0.083718 0.005423 -0.996475 -24.118723 -0.003864 0.999976 0.005767 -0.383027 0.996482 0.004333 -0.083695 4.428750
-0.083858 0.005847 -0.996461 -24.945740 -0.005090 0.999967 0.006296 -0.393652 0.996465 0.005600 -0.083825 4.357801
-0.083509 0.011840 -0.996437 -25.815956 -0.004442 0.999915 0.012254 -0.402379 0.996497 0.005449 -0.083449 4.287555
-0.083610 0.017453 -0.996346 -26.687437 -0.003992 0.999833 0.017849 -0.407449 0.996491 0.005470 -0.083527 4.217207
-0.083975 0.021228 -0.996242 -27.552324 -0.004666 0.999754 0.021696 -0.408570 0.996457 0.006470 -0.083855 4.137349
-0.084275 0.021049 -0.996220 -28.397415 -0.004929 0.999756 0.021541 -0.408008 0.996430 0.006725 -0.084151 4.063832
-0.085848 0.017684 -0.996151 -29.230574 -0.007186 0.999805 0.018368 -0.409100 0.996282 0.008736 -0.085704 3.985823
-0.086658 0.015593 -0.996116 -30.070908 -0.007616 0.999838 0.016313 -0.413516 0.996209 0.009000 -0.086525 3.907219
-0.087979 0.016115 -0.995992 -30.913830 -0.009065 0.999815 0.016977 -0.415014 0.996081 0.010523 -0.087817 3.823755
-0.088920 0.016748 -0.995898 -31.758570 -0.009703 0.999797 0.017680 -0.417689 0.995992 0.011235 -0.088740 3.741258
-0.089958 0.014750 -0.995836 -32.579914 -0.010196 0.999824 0.015731 -0.419933 0.995893 0.011569 -0.089792 3.661155
-0.090341 0.008933 -0.995871 -33.392094 -0.013147 0.999862 0.010162 -0.425581 0.995824 0.014011 -0.090211 3.571967
-0.091086 0.005092 -0.995830 -34.221436 -0.014397 0.999876 0.006430 -0.438666 0.995739 0.014922 -0.091001 3.483705
-0.091162 0.005077 -0.995823 -35.059666 -0.014859 0.999869 0.006458 -0.452796 0.995725 0.015386 -0.091075 3.395512
-0.091888 0.006927 -0.995745 -35.910355 -0.013678 0.999873 0.008218 -0.474780 0.995675 0.014375 -0.091782 3.314559
-0.092595 0.010541 -0.995648 -36.760555 -0.016197 0.999796 0.012091 -0.494878 0.995572 0.017246 -0.092405 3.223754
-0.093034 0.014597 -0.995556 -37.621620 -0.017446 0.999715 0.016288 -0.506214 0.995510 0.018883 -0.092753 3.140913
-0.093824 0.016730 -0.995448 -38.478333 -0.018715 0.999653 0.018565 -0.520914 0.995413 0.020372 -0.093479 3.054476
-0.094312 0.016368 -0.995408 -39.329208 -0.016515 0.999701 0.018003 -0.541230 0.995406 0.018137 -0.094014 2.973480
-0.095205 0.012190 -0.995383 -40.148643 -0.015878 0.999779 0.013763 -0.564581 0.995331 0.017114 -0.094991 2.892285
-0.095295 0.008595 -0.995412 -40.970993 -0.014969 0.999837 0.010066 -0.590380 0.995337 0.015860 -0.095150 2.808106
-0.095549 0.006044 -0.995406 -41.810795 -0.015965 0.999844 0.007603 -0.618913 0.995297 0.016618 -0.095437 2.713451
-0.096114 0.003985 -0.995362 -42.640385 -0.015839 0.999859 0.005532 -0.643773 0.995244 0.016297 -0.096037 2.622069
-0.096145 0.002163 -0.995365 -43.465450 -0.011958 0.999923 0.003328 -0.672695 0.995296 0.012223 -0.096111 2.545029
-0.097832 -0.001040 -0.995202 -44.277493 -0.006822 0.999977 -0.000374 -0.700293 0.995180 0.006753 -0.097837 2.478683
-0.099200 -0.002612 -0.995064 -45.088490 -0.001345 0.999996 -0.002491 -0.727405 0.995067 0.001091 -0.099203 2.410706
-0.100473 -0.000229 -0.994940 -45.916809 -0.000108 1.000000 -0.000220 -0.754315 0.994940 0.000085 -0.100473 2.325636
-0.101972 0.004801 -0.994776 -46.737740 0.001827 0.999988 0.004639 -0.768818 0.994786 -0.001344 -0.101980 2.244411
-0.103662 0.007060 -0.994587 -47.553596 0.001788 0.999974 0.006911 -0.783498 0.994611 -0.001062 -0.103672 2.161749
-0.105017 0.005771 -0.994454 -48.373024 0.000758 0.999983 0.005723 -0.797144 0.994470 -0.000153 -0.105020 2.075048
-0.105893 0.001775 -0.994376 -49.175396 -0.002342 0.999995 0.002034 -0.813164 0.994375 0.002544 -0.105889 1.976043
-0.106480 -0.001767 -0.994313 -49.969986 -0.005704 0.999983 -0.001166 -0.832050 0.994298 0.005547 -0.106488 1.874338
-0.107588 -0.004096 -0.994187 -50.763016 -0.009730 0.999948 -0.003067 -0.844089 0.994148 0.009344 -0.107622 1.768535
-0.108006 -0.004036 -0.994142 -51.564884 -0.012143 0.999923 -0.002740 -0.854574 0.994076 0.011776 -0.108047 1.669527
-0.109225 -0.003890 -0.994009 -52.354549 -0.014294 0.999895 -0.002343 -0.866673 0.993914 0.013953 -0.109270 1.573890
-0.110411 -0.005179 -0.993873 -53.134312 -0.017756 0.999837 -0.003238 -0.883619 0.993727 0.017290 -0.110485 1.471783
-0.110915 -0.006416 -0.993809 -53.918251 -0.021384 0.999763 -0.004068 -0.893301 0.993600 0.020801 -0.111026 1.370113
-0.111662 -0.006119 -0.993727 -54.697620 -0.022268 0.999745 -0.003654 -0.904518 0.993497 0.021720 -0.111770 1.278533
-0.112545 -0.004475 -0.993637 -55.475002 -0.023131 0.999731 -0.001883 -0.922421 0.993377 0.022772 -0.112618 1.180694
-0.113068 -0.001672 -0.993586 -56.255657 -0.025314 0.999679 0.001198 -0.934888 0.993265 0.025287 -0.113074 1.081187
-0.113931 -0.000423 -0.993489 -57.042194 -0.026380 0.999649 0.002600 -0.950652 0.993138 0.026505 -0.113902 0.980150
-0.114407 -0.001039 -0.993433 -57.810333 -0.026686 0.999642 0.002028 -0.972205 0.993075 0.026743 -0.114394 0.890401
-0.114902 -0.002929 -0.993372 -58.554123 -0.026344 0.999653 0.000100 -0.997509 0.993027 0.026180 -0.114939 0.797317
-0.115299 -0.006590 -0.993309 -59.288452 -0.026219 0.999650 -0.003589 -1.024685 0.992985 0.025630 -0.115431 0.703699
-0.115627 -0.009191 -0.993250 -60.013691 -0.027368 0.999607 -0.006064 -1.054979 0.992916 0.026483 -0.115834 0.607833
-0.114653 -0.011216 -0.993342 -60.721558 -0.027416 0.999591 -0.008122 -1.089115 0.993027 0.026302 -0.114913 0.514986
-0.112672 -0.011828 -0.993562 -61.429977 -0.026784 0.999602 -0.008862 -1.127413 0.993271 0.025613 -0.112944 0.423463
-0.108540 -0.011256 -0.994028 -62.115059 -0.025469 0.999639 -0.008538 -1.160491 0.993766 0.024390 -0.108788 0.339447
-0.103615 -0.010317 -0.994564 -62.789856 -0.022629 0.999712 -0.008012 -1.192382 0.994360 0.021676 -0.103819 0.268794
-0.096838 -0.008877 -0.995261 -63.445358 -0.020402 0.999768 -0.006932 -1.230998 0.995091 0.019634 -0.096997 0.200956
-0.088474 -0.007699 -0.996049 -64.076141 -0.019167 0.999798 -0.006026 -1.269199 0.995894 0.018559 -0.088603 0.139719
-0.077526 -0.006139 -0.996971 -64.680176 -0.019759 0.999794 -0.004620 -1.298040 0.996795 0.019341 -0.077631 0.075641
-0.063510 -0.004778 -0.997970 -65.276581 -0.021511 0.999763 -0.003417 -1.325754 0.997749 0.021251 -0.063598 0.022455
-0.046087 -0.003502 -0.998931 -65.858650 -0.021076 0.999775 -0.002532 -1.350606 0.998715 0.020936 -0.046150 -0.014180
-0.024450 -0.002641 -0.999698 -66.408195 -0.021007 0.999777 -0.002128 -1.372160 0.999480 0.020949 -0.024500 -0.036525
0.000109 -0.002234 -0.999997 -66.938210 -0.019551 0.999806 -0.002236 -1.389282 0.999809 0.019551 0.000065 -0.040228
0.028342 -0.002368 -0.999596 -67.443817 -0.016592 0.999858 -0.002839 -1.406793 0.999461 0.016665 0.028298 -0.021701
0.061491 -0.002329 -0.998105 -67.932091 -0.013994 0.999897 -0.003195 -1.422040 0.998010 0.014164 0.061452 0.010906
0.098130 -0.002195 -0.995171 -68.408112 -0.011361 0.999930 -0.003326 -1.435120 0.995109 0.011632 0.098098 0.063146
0.137568 -0.002290 -0.990490 -68.854881 -0.009625 0.999947 -0.003649 -1.454725 0.990446 0.010035 0.137538 0.130945
0.181753 -0.001370 -0.983343 -69.302193 -0.007626 0.999967 -0.002803 -1.469373 0.983315 0.008009 0.181737 0.218034
0.228544 -0.001810 -0.973532 -69.727341 -0.003578 0.999990 -0.002699 -1.480140 0.973527 0.004100 0.228535 0.335925
0.277565 -0.005461 -0.960691 -70.146797 0.005241 0.999978 -0.004170 -1.494316 0.960693 -0.003877 0.277588 0.482301
0.327597 -0.009443 -0.944770 -70.549202 0.011787 0.999913 -0.005907 -1.507990 0.944744 -0.009201 0.327680 0.646089
0.379030 -0.012745 -0.925297 -70.939728 0.018072 0.999816 -0.006369 -1.517815 0.925208 -0.014308 0.379191 0.832538
0.429875 -0.012473 -0.902802 -71.326775 0.019859 0.999793 -0.004357 -1.526257 0.902670 -0.016056 0.430034 1.028299
0.477659 -0.013420 -0.878443 -71.697014 0.022638 0.999739 -0.002963 -1.523640 0.878254 -0.018470 0.477838 1.246069
0.522794 -0.015385 -0.852320 -72.055321 0.028206 0.999602 -0.000743 -1.516981 0.851992 -0.023652 0.523020 1.491838
0.566425 -0.019581 -0.823881 -72.385750 0.036652 0.999327 0.001448 -1.520808 0.823298 -0.031017 0.566761 1.765972
0.609525 -0.022049 -0.792460 -72.703674 0.038532 0.999256 0.001834 -1.537013 0.791830 -0.031653 0.609921 2.033265
0.651910 -0.026074 -0.757848 -73.011177 0.037149 0.999307 -0.002425 -1.541300 0.757386 -0.026572 0.652427 2.292297
0.693719 -0.031166 -0.719571 -73.308014 0.035195 0.999337 -0.009354 -1.547111 0.719385 -0.018836 0.694356 2.565581
0.734199 -0.034442 -0.678060 -73.600967 0.033449 0.999335 -0.014543 -1.551931 0.678109 -0.012003 0.734863 2.874726
0.772384 -0.035203 -0.634179 -73.889381 0.033461 0.999332 -0.014720 -1.555978 0.634274 -0.009851 0.773046 3.222403
0.807869 -0.035814 -0.588274 -74.161751 0.034429 0.999315 -0.013557 -1.562548 0.588356 -0.009301 0.808548 3.606418
0.840121 -0.035568 -0.541232 -74.430077 0.033910 0.999340 -0.013037 -1.576415 0.541338 -0.007401 0.840772 4.020732
0.867679 -0.034090 -0.495955 -74.690018 0.033778 0.999383 -0.009599 -1.595833 0.495976 -0.008424 0.868295 4.483886
0.890557 -0.032294 -0.453725 -74.937538 0.032447 0.999446 -0.007449 -1.613551 0.453714 -0.008088 0.891111 4.968023
0.909891 -0.029939 -0.413766 -75.178993 0.029710 0.999534 -0.006989 -1.622998 0.413783 -0.005934 0.910356 5.475153
0.925240 -0.027425 -0.378389 -75.407814 0.027770 0.999604 -0.004546 -1.632917 0.378364 -0.006302 0.925635 6.019075
0.936808 -0.026583 -0.348833 -75.617828 0.027604 0.999617 -0.002044 -1.642069 0.348753 -0.007714 0.937183 6.582945
0.945266 -0.026722 -0.325205 -75.809143 0.028368 0.999597 0.000320 -1.652880 0.325065 -0.009528 0.945644 7.166703
0.951996 -0.026794 -0.304937 -75.996033 0.028983 0.999576 0.002653 -1.664341 0.304737 -0.011363 0.952369 7.770030
0.957426 -0.026061 -0.287500 -76.182472 0.028768 0.999573 0.005195 -1.673799 0.287242 -0.013244 0.957767 8.383845
0.961697 -0.022444 -0.273194 -76.379166 0.025389 0.999651 0.007247 -1.691130 0.272936 -0.013905 0.961932 9.016014
0.965241 -0.020976 -0.260518 -76.568344 0.023904 0.999682 0.008076 -1.700858 0.260266 -0.014023 0.965435 9.650424
0.968473 -0.020606 -0.248266 -76.736938 0.023489 0.999687 0.008659 -1.713339 0.248009 -0.014218 0.968653 10.286874
0.971661 -0.020165 -0.235515 -76.904457 0.022914 0.999697 0.008943 -1.731554 0.235264 -0.014086 0.971829 10.947738
0.974903 -0.019232 -0.221797 -77.075516 0.021979 0.999709 0.009923 -1.743918 0.221541 -0.014549 0.975042 11.617348
0.977807 -0.019027 -0.208641 -77.235878 0.021757 0.999705 0.010795 -1.758757 0.208375 -0.015095 0.977933 12.311055
0.980404 -0.019092 -0.196072 -77.388313 0.021276 0.999733 0.009038 -1.774418 0.195847 -0.013033 0.980548 13.016250
0.982558 -0.019303 -0.184951 -77.537712 0.020557 0.999777 0.004865 -1.792086 0.184816 -0.008582 0.982736 13.733685
0.984185 -0.020212 -0.175986 -77.674576 0.020543 0.999789 0.000056 -1.810212 0.175947 -0.003671 0.984393 14.451756
0.985566 -0.016503 -0.168485 -77.818794 0.016664 0.999861 -0.000458 -1.831431 0.168469 -0.002356 0.985704 15.191672
0.986460 -0.015056 -0.163312 -77.955208 0.015914 0.999866 0.003951 -1.846032 0.163231 -0.006496 0.986567 15.963823
0.987102 -0.010835 -0.159725 -78.096725 0.012683 0.999864 0.010556 -1.860581 0.159589 -0.012446 0.987105 16.737221
0.987513 -0.009636 -0.157243 -78.224442 0.011864 0.999842 0.013237 -1.873112 0.157090 -0.014937 0.987471 17.503487
0.987898 -0.010026 -0.154781 -78.349800 0.012068 0.999852 0.012258 -1.889961 0.154636 -0.013978 0.987873 18.263380
0.988186 -0.011108 -0.152856 -78.467346 0.012961 0.999854 0.011132 -1.903856 0.152710 -0.012982 0.988186 19.020008
0.988333 -0.011089 -0.151907 -78.589798 0.013060 0.999843 0.011986 -1.910191 0.151750 -0.013830 0.988322 19.793125
0.988265 -0.012009 -0.152280 -78.711769 0.014200 0.999811 0.013309 -1.921106 0.152091 -0.015315 0.988248 20.575216
0.988452 -0.012028 -0.151054 -78.836075 0.014264 0.999804 0.013724 -1.927806 0.150859 -0.015720 0.988430 21.352291
0.988563 -0.015283 -0.150035 -78.953384 0.017009 0.999803 0.010223 -1.937076 0.149849 -0.012657 0.988628 22.120081
0.988651 -0.016318 -0.149341 -79.080849 0.017072 0.999847 0.003771 -1.954491 0.149257 -0.006278 0.988779 22.872931
0.988772 -0.017621 -0.148391 -79.203461 0.017160 0.999843 -0.004383 -1.968308 0.148445 0.001788 0.988919 23.612139
0.988799 -0.018946 -0.148043 -79.322006 0.017834 0.999802 -0.008835 -1.984629 0.148181 0.006096 0.988941 24.363810
0.988965 -0.018033 -0.147046 -79.446205 0.017006 0.999821 -0.008236 -2.003191 0.147169 0.005645 0.989095 25.129324
0.989272 -0.016637 -0.145133 -79.571426 0.016023 0.999857 -0.005395 -2.023133 0.145202 0.003012 0.989397 25.898699
0.989614 -0.015760 -0.142883 -79.694618 0.015664 0.999876 -0.001800 -2.035331 0.142894 -0.000457 0.989738 26.662563
0.989659 -0.016902 -0.142438 -79.804947 0.016867 0.999857 -0.001455 -2.046682 0.142443 -0.000962 0.989803 27.415960
0.989623 -0.018849 -0.142444 -79.913872 0.018771 0.999822 -0.001893 -2.062979 0.142454 -0.000800 0.989801 28.174154
0.989695 -0.018913 -0.141940 -80.025482 0.018735 0.999821 -0.002595 -2.077890 0.141963 -0.000091 0.989872 28.928982
0.989766 -0.019282 -0.141394 -80.138947 0.018913 0.999813 -0.003957 -2.095761 0.141444 0.001242 0.989945 29.684923
0.989798 -0.021185 -0.140894 -80.244186 0.020629 0.999773 -0.005401 -2.109761 0.140976 0.002439 0.990010 30.443077
0.989863 -0.021176 -0.140440 -80.357109 0.020599 0.999772 -0.005565 -2.126611 0.140526 0.002616 0.990074 31.206865
0.989984 -0.019548 -0.139818 -80.476875 0.019001 0.999806 -0.005245 -2.143624 0.139894 0.002535 0.990163 31.972589
0.990065 -0.017891 -0.139467 -80.595772 0.017238 0.999834 -0.005885 -2.158824 0.139549 0.003423 0.990209 32.744694
0.989902 -0.016569 -0.140782 -80.707962 0.015809 0.999854 -0.006515 -2.173680 0.140869 0.004224 0.990019 33.516338
0.989694 -0.016381 -0.142262 -80.818451 0.015630 0.999857 -0.006399 -2.195290 0.142346 0.004110 0.989808 34.285091
0.989364 -0.014531 -0.144736 -80.939346 0.013715 0.999884 -0.006633 -2.218359 0.144816 0.004577 0.989448 35.071907
0.989029 -0.010938 -0.147314 -81.069176 0.009956 0.999923 -0.007396 -2.239955 0.147384 0.005848 0.989062 35.866367
0.988795 -0.010185 -0.148935 -81.192764 0.008603 0.999900 -0.011262 -2.263433 0.149035 0.009854 0.988783 36.645248
0.988544 -0.008241 -0.150710 -81.320351 0.006071 0.999871 -0.014847 -2.282052 0.150813 0.013762 0.988467 37.439011
0.988397 -0.007700 -0.151697 -81.444038 0.005319 0.999856 -0.016094 -2.312657 0.151800 0.015100 0.988296 38.269585
0.988250 -0.004955 -0.152765 -81.576241 0.002617 0.999876 -0.015501 -2.332426 0.152823 0.014919 0.988141 39.122871
0.987980 -0.005303 -0.154494 -81.698471 0.002992 0.999880 -0.015188 -2.368253 0.154556 0.014543 0.987877 39.981850
0.987766 -0.006537 -0.155804 -81.828835 0.004370 0.999889 -0.014248 -2.402562 0.155880 0.013392 0.987685 40.838825
0.987720 -0.006107 -0.156115 -81.969330 0.004238 0.999915 -0.012302 -2.429915 0.156177 0.011490 0.987662 41.690716
0.987659 -0.006271 -0.156491 -82.106247 0.004949 0.999949 -0.008839 -2.460836 0.156538 0.007956 0.987640 42.550327
0.987814 -0.005853 -0.155531 -82.242386 0.004974 0.999969 -0.006039 -2.496525 0.155561 0.005191 0.987813 43.403133
0.988126 -0.002371 -0.153626 -82.393501 0.001545 0.999984 -0.005496 -2.527701 0.153636 0.005193 0.988114 44.261875
0.988513 -0.000874 -0.151136 -82.538986 -0.000193 0.999975 -0.007044 -2.559875 0.151138 0.006992 0.988488 45.115162
0.988818 -0.003539 -0.149082 -82.666206 0.002133 0.999952 -0.009593 -2.589442 0.149109 0.009168 0.988778 45.959362
0.989060 -0.007213 -0.147335 -82.789978 0.005642 0.999923 -0.011078 -2.624517 0.147404 0.010126 0.989025 46.822422
0.989393 -0.007471 -0.145074 -82.926399 0.005787 0.999911 -0.012027 -2.661843 0.145151 0.011060 0.989348 47.682022
0.989614 -0.007617 -0.143551 -83.057472 0.006099 0.999921 -0.011014 -2.690936 0.143624 0.010024 0.989582 48.545155
0.989763 -0.008108 -0.142489 -83.179565 0.006883 0.999935 -0.009090 -2.729703 0.142554 0.008017 0.989755 49.412979
0.989942 -0.007768 -0.141260 -83.306885 0.006504 0.999935 -0.009409 -2.764333 0.141323 0.008396 0.989928 50.279034
0.990128 -0.005462 -0.140063 -83.441734 0.003719 0.999912 -0.012697 -2.807001 0.140120 0.012051 0.990061 51.122108
0.990351 -0.002658 -0.138558 -83.579063 0.000201 0.999843 -0.017744 -2.846123 0.138584 0.017545 0.990195 51.962425
0.990532 0.000364 -0.137282 -83.713585 -0.003581 0.999725 -0.023185 -2.893116 0.137236 0.023457 0.990261 52.802738
0.990653 0.004159 -0.136340 -83.856300 -0.008192 0.999545 -0.029032 -2.942780 0.136157 0.029878 0.990237 53.646076
0.990838 0.005171 -0.134960 -83.982880 -0.009414 0.999481 -0.030816 -2.987418 0.134731 0.031804 0.990372 54.479328
0.990924 0.005294 -0.134316 -84.102623 -0.008957 0.999604 -0.026684 -3.036830 0.134122 0.027645 0.990579 55.350899
0.990842 0.004839 -0.134942 -84.225342 -0.007376 0.999805 -0.018309 -3.085356 0.134827 0.019137 0.990684 56.225540
0.990689 0.000937 -0.136140 -84.337975 -0.002561 0.999928 -0.011752 -3.123881 0.136119 0.011991 0.990620 57.085602
0.990313 -0.002176 -0.138834 -84.456924 0.000377 0.999916 -0.012985 -3.158676 0.138851 0.012807 0.990231 57.940571
0.990002 -0.006154 -0.140918 -84.571701 0.003999 0.999871 -0.015568 -3.198476 0.140995 0.014849 0.989899 58.771347
0.989666 -0.008224 -0.143153 -84.694389 0.005793 0.999832 -0.017390 -3.226390 0.143272 0.016382 0.989548 59.603386
0.989296 -0.007350 -0.145735 -84.827393 0.004510 0.999794 -0.019813 -3.266813 0.145851 0.018943 0.989125 60.435776
0.988791 -0.006864 -0.149147 -84.961639 0.003452 0.999727 -0.023119 -3.302573 0.149265 0.022345 0.988545 61.249180
0.988228 -0.006180 -0.152866 -85.091896 0.002152 0.999646 -0.026503 -3.339050 0.152976 0.025862 0.987891 62.058468
0.987834 -0.005176 -0.155427 -85.228668 0.000548 0.999556 -0.029801 -3.387888 0.155512 0.029353 0.987398 62.859795
0.987299 0.000236 -0.158870 -85.381668 -0.005145 0.999522 -0.030484 -3.436715 0.158787 0.030914 0.986829 63.674965
0.986765 0.005396 -0.162067 -85.533775 -0.010285 0.999516 -0.029343 -3.487646 0.161830 0.030622 0.986343 64.477211
0.986091 0.010578 -0.165867 -85.683937 -0.014966 0.999570 -0.025229 -3.533451 0.165528 0.027360 0.985825 65.287346
0.985367 0.011271 -0.170073 -85.826088 -0.015036 0.999669 -0.020870 -3.574063 0.169782 0.023122 0.985210 66.089211
0.984566 0.011386 -0.174645 -85.965775 -0.014693 0.999736 -0.017655 -3.615796 0.174398 0.019948 0.984473 66.878464
0.983517 0.012044 -0.180412 -86.112633 -0.015331 0.999741 -0.016835 -3.650760 0.180162 0.019324 0.983447 67.670265
0.982476 0.011481 -0.186037 -86.254150 -0.014445 0.999789 -0.014585 -3.687326 0.185831 0.017017 0.982434 68.462875
0.981371 0.011211 -0.191797 -86.401100 -0.014220 0.999796 -0.014320 -3.729083 0.191597 0.016781 0.981330 69.238373
0.980265 0.014319 -0.197168 -86.568634 -0.017712 0.999724 -0.015452 -3.771413 0.196893 0.018639 0.980248 70.004295
0.979242 0.017507 -0.201935 -86.740440 -0.021635 0.999599 -0.018250 -3.812313 0.201535 0.022240 0.979229 70.773109
0.978055 0.017660 -0.207596 -86.902336 -0.022481 0.999529 -0.020888 -3.850581 0.207129 0.025096 0.977992 71.535042
0.976949 0.017181 -0.212782 -87.074387 -0.022407 0.999503 -0.022174 -3.889988 0.212295 0.026430 0.976848 72.297150
0.976082 0.021182 -0.216369 -87.268883 -0.025935 0.999480 -0.019150 -3.928001 0.215851 0.024304 0.976124 73.077034
0.974840 0.023620 -0.221651 -87.450760 -0.027712 0.999498 -0.015368 -3.968219 0.221177 0.021124 0.975005 73.845497
0.973694 0.022926 -0.226702 -87.622322 -0.026648 0.999555 -0.013373 -4.009989 0.226294 0.019062 0.973872 74.603760
0.972111 0.021674 -0.233518 -87.798584 -0.026196 0.999524 -0.016279 -4.048464 0.233054 0.021943 0.972216 75.341499
0.970147 0.021987 -0.241520 -87.983528 -0.028358 0.999335 -0.022936 -4.094521 0.240855 0.029100 0.970125 76.068008
0.967857 0.022975 -0.250449 -88.172447 -0.030484 0.999193 -0.026142 -4.131524 0.249646 0.032937 0.967777 76.806847
0.965057 0.024193 -0.260920 -88.378555 -0.031611 0.999205 -0.024272 -4.169348 0.260126 0.031672 0.965055 77.554710
0.962127 0.025354 -0.271419 -88.591522 -0.031783 0.999308 -0.019315 -4.202507 0.270741 0.027210 0.962268 78.301933
0.958973 0.028125 -0.282097 -88.820259 -0.033178 0.999363 -0.013151 -4.223753 0.281548 0.021970 0.959296 79.046776
0.956008 0.027734 -0.292027 -89.047096 -0.031877 0.999447 -0.009439 -4.262888 0.291604 0.018333 0.956363 79.784172
0.952732 0.029196 -0.302407 -89.282509 -0.034417 0.999336 -0.011947 -4.302771 0.301858 0.021791 0.953104 80.491188
0.949417 0.027644 -0.312800 -89.516823 -0.035748 0.999157 -0.020200 -4.337566 0.311978 0.030360 0.949604 81.181084
0.945943 0.027755 -0.323142 -89.757401 -0.037979 0.998956 -0.025375 -4.368900 0.322101 0.036276 0.946010 81.873047
0.942199 0.030036 -0.333705 -90.013916 -0.039754 0.998960 -0.022329 -4.394369 0.332688 0.034304 0.942413 82.584251
0.938203 0.034972 -0.344313 -90.280296 -0.043283 0.998927 -0.016478 -4.426847 0.343368 0.030363 0.938710 83.294525
0.934190 0.037294 -0.354821 -90.555183 -0.044335 0.998948 -0.011734 -4.457448 0.354010 0.026693 0.934861 84.014351
0.929545 0.035244 -0.367021 -90.825623 -0.042791 0.999007 -0.012443 -4.502812 0.366218 0.027271 0.930129 84.719025
0.925113 0.031091 -0.378417 -91.101318 -0.040242 0.999057 -0.016295 -4.538596 0.377553 0.030303 0.925492 85.416298
0.921560 0.026353 -0.387340 -91.380692 -0.037829 0.999041 -0.022033 -4.579602 0.386388 0.034958 0.921674 86.108231
0.918816 0.021268 -0.394113 -91.669266 -0.034913 0.999012 -0.027486 -4.617018 0.393139 0.039014 0.918651 86.795952
0.915819 0.019708 -0.401107 -91.975395 -0.034372 0.998977 -0.029396 -4.662032 0.400117 0.040708 0.915559 87.503098
0.912686 0.023025 -0.408011 -92.299721 -0.038419 0.998824 -0.029572 -4.702180 0.406851 0.042666 0.912498 88.198006
0.909422 0.025236 -0.415107 -92.622894 -0.040648 0.998772 -0.028333 -4.740687 0.413882 0.042640 0.909331 88.886787
0.906137 0.027144 -0.422113 -92.949112 -0.040563 0.998916 -0.022841 -4.777997 0.421035 0.037820 0.906255 89.584526
0.903317 0.030583 -0.427882 -93.293991 -0.041135 0.999034 -0.015436 -4.820755 0.426997 0.031545 0.903703 90.306641
0.900690 0.038231 -0.432777 -93.659004 -0.046932 0.998854 -0.009438 -4.854760 0.431920 0.028812 0.901452 91.015610
0.897979 0.041857 -0.438044 -94.022156 -0.052079 0.998579 -0.011344 -4.880723 0.436946 0.032999 0.898882 91.699326
0.895451 0.038492 -0.443492 -94.360703 -0.052539 0.998430 -0.019425 -4.900768 0.442048 0.040694 0.896068 92.370071
0.893340 0.031883 -0.448249 -94.689194 -0.049108 0.998432 -0.026854 -4.937069 0.446690 0.046003 0.893505 93.038292
0.891205 0.032853 -0.452409 -95.045067 -0.050647 0.998344 -0.027272 -4.977903 0.450764 0.047218 0.891393 93.721222
0.888815 0.039360 -0.456573 -95.432838 -0.056405 0.998125 -0.023758 -5.009997 0.454782 0.046870 0.889369 94.417114
0.886337 0.042051 -0.461126 -95.803024 -0.057671 0.998139 -0.019827 -5.048056 0.459434 0.044167 0.887113 95.104034
0.883960 0.038534 -0.465971 -96.159332 -0.054378 0.998308 -0.020600 -5.092492 0.464389 0.043548 0.884560 95.796120
0.881598 0.035272 -0.470682 -96.525955 -0.053793 0.998215 -0.025952 -5.128881 0.468926 0.048199 0.881921 96.471161
0.878855 0.032970 -0.475949 -96.899696 -0.054590 0.998007 -0.031668 -5.168870 0.473956 0.053814 0.878903 97.159225
0.876309 0.034204 -0.480533 -97.285370 -0.057296 0.997796 -0.033464 -5.201724 0.478329 0.056858 0.876338 97.834549
0.873722 0.037550 -0.484975 -97.673058 -0.059826 0.997742 -0.030530 -5.242309 0.482733 0.055689 0.873995 98.514908
0.871255 0.038651 -0.489307 -98.060715 -0.060638 0.997734 -0.029158 -5.287579 0.487071 0.055074 0.871624 99.195992
0.868484 0.039496 -0.494142 -98.446350 -0.061781 0.997673 -0.028842 -5.333300 0.491853 0.055578 0.868903 99.866486
0.865887 0.038173 -0.498780 -98.832741 -0.060850 0.997717 -0.029277 -5.375660 0.496524 0.055701 0.866234 100.540138
0.863625 0.036592 -0.502805 -99.213867 -0.059526 0.997787 -0.029628 -5.420122 0.500608 0.055518 0.863892 101.194572
0.861167 0.036222 -0.507030 -99.602585 -0.059229 0.997814 -0.029313 -5.460872 0.504860 0.055274 0.861430 101.844772
0.858648 0.036947 -0.511233 -100.001617 -0.060217 0.997763 -0.029030 -5.504242 0.509016 0.055712 0.858952 102.498756
0.856146 0.037104 -0.515400 -100.397003 -0.060723 0.997732 -0.029042 -5.545064 0.513154 0.056161 0.856457 103.148521
0.853494 0.034865 -0.519934 -100.782005 -0.060475 0.997645 -0.032375 -5.590394 0.517581 0.059075 0.853593 103.777977
0.851024 0.032040 -0.524149 -101.166298 -0.059926 0.997542 -0.036321 -5.636306 0.521697 0.062320 0.850852 104.397560
0.848706 0.031092 -0.527950 -101.559746 -0.060824 0.997385 -0.039040 -5.683843 0.525355 0.065245 0.848378 105.016785
0.846829 0.033686 -0.530797 -101.970093 -0.062957 0.997325 -0.037148 -5.719212 0.528126 0.064876 0.846684 105.647766
0.844817 0.039346 -0.533607 -102.382729 -0.065672 0.997377 -0.030430 -5.759792 0.531011 0.060750 0.845185 106.270233
0.843244 0.042781 -0.535825 -102.785080 -0.064782 0.997650 -0.022297 -5.797855 0.533612 0.053514 0.844035 106.893684
0.841054 0.042445 -0.539283 -103.177322 -0.062304 0.997883 -0.018629 -5.835228 0.537351 0.049268 0.841918 107.503975
0.838933 0.039107 -0.542827 -103.556480 -0.058839 0.998086 -0.019031 -5.872087 0.541044 0.047906 0.839629 108.104683
0.836778 0.036938 -0.546296 -103.936745 -0.058164 0.998073 -0.021607 -5.909766 0.544445 0.049855 0.837314 108.678574
0.834921 0.035117 -0.549249 -104.308167 -0.057802 0.998038 -0.024055 -5.947197 0.547326 0.051832 0.835313 109.233192
0.833288 0.033892 -0.551799 -104.671234 -0.057181 0.998049 -0.025050 -5.981099 0.549874 0.052427 0.833601 109.773956
0.831846 0.032894 -0.554031 -105.022636 -0.056360 0.998088 -0.025362 -6.018029 0.552138 0.052323 0.832109 110.299759
0.830576 0.033537 -0.555894 -105.369118 -0.056789 0.998082 -0.024635 -6.053602 0.554002 0.052030 0.830888 110.806496
0.829046 0.034202 -0.558134 -105.703995 -0.057188 0.998080 -0.023785 -6.081222 0.556249 0.051637 0.829410 111.300842
0.827560 0.033514 -0.560376 -106.024849 -0.056233 0.998145 -0.023350 -6.109583 0.558554 0.050836 0.827909 111.777184
0.826284 0.033100 -0.562281 -106.333275 -0.055797 0.998172 -0.023236 -6.142778 0.560484 0.050573 0.826620 112.233772
0.824813 0.032707 -0.564458 -106.630386 -0.056183 0.998126 -0.024263 -6.171565 0.562607 0.051726 0.825105 112.663605
0.823415 0.031728 -0.566552 -106.919037 -0.056748 0.998034 -0.026585 -6.207092 0.564595 0.054041 0.823597 113.071396
0.821953 0.029930 -0.568769 -107.191978 -0.057096 0.997918 -0.029999 -6.232489 0.566686 0.057132 0.821950 113.459137
0.819532 0.027355 -0.572380 -107.451500 -0.055450 0.997958 -0.031698 -6.258149 0.570345 0.057716 0.819375 113.839798
0.816479 0.024171 -0.576869 -107.703728 -0.051843 0.998157 -0.031554 -6.283289 0.575043 0.055670 0.816227 114.215157
0.812815 0.024253 -0.582017 -107.958405 -0.051671 0.998196 -0.030565 -6.307479 0.580226 0.054917 0.812602 114.566017
0.808717 0.027082 -0.587575 -108.209183 -0.054414 0.998100 -0.028890 -6.329988 0.585676 0.055336 0.808654 114.893860
0.804791 0.031580 -0.592718 -108.447609 -0.058159 0.997974 -0.025797 -6.347200 0.590702 0.055233 0.804997 115.197624
0.800254 0.036366 -0.598558 -108.678612 -0.060269 0.997983 -0.019945 -6.359493 0.596625 0.052035 0.800831 115.492760
0.795305 0.038424 -0.604990 -108.893723 -0.060928 0.998002 -0.016710 -6.373528 0.603140 0.050151 0.796057 115.773766
0.789869 0.036934 -0.612162 -109.092140 -0.058606 0.998162 -0.015395 -6.389827 0.610469 0.048037 0.790582 116.039848
0.783498 0.035440 -0.620382 -109.278954 -0.056672 0.998287 -0.014544 -6.408120 0.618804 0.046554 0.784165 116.293678
0.775258 0.033967 -0.630731 -109.457314 -0.054654 0.998415 -0.013409 -6.420340 0.629276 0.044868 0.775886 116.530251
0.765458 0.034321 -0.642570 -109.630707 -0.054890 0.998420 -0.012060 -6.435416 0.641140 0.044502 0.766132 116.747276
0.753600 0.035048 -0.656398 -109.809761 -0.056529 0.998334 -0.011596 -6.446959 0.654898 0.045844 0.754325 116.942017
0.739911 0.034143 -0.671838 -109.979347 -0.057298 0.998280 -0.012371 -6.463334 0.670260 0.047649 0.740595 117.125038
0.725529 0.032498 -0.687424 -110.145454 -0.058783 0.998160 -0.014853 -6.481956 0.685676 0.051185 0.726105 117.297127
0.710369 0.030095 -0.703185 -110.301064 -0.059902 0.998046 -0.017799 -6.498943 0.701275 0.054766 0.710784 117.445938
0.695177 0.029943 -0.718215 -110.468010 -0.063909 0.997750 -0.020262 -6.510850 0.715992 0.059986 0.695527 117.583664
0.679492 0.032591 -0.732959 -110.646080 -0.071194 0.997227 -0.021659 -6.521044 0.730221 0.066899 0.679928 117.719887
0.662567 0.034090 -0.748226 -110.823143 -0.074475 0.997012 -0.020524 -6.518189 0.745291 0.069322 0.663126 117.859970
0.643959 0.032831 -0.764356 -110.991081 -0.073025 0.997155 -0.018692 -6.520859 0.761567 0.067854 0.644524 118.008842
0.623755 0.031905 -0.780969 -111.161591 -0.071856 0.997276 -0.016650 -6.525978 0.778310 0.066503 0.624348 118.151878
0.601731 0.032938 -0.798019 -111.339691 -0.072760 0.997255 -0.013702 -6.538206 0.795377 0.066309 0.602476 118.273811
0.577896 0.036339 -0.815301 -111.527443 -0.076446 0.997026 -0.009748 -6.539479 0.812522 0.067960 0.578955 118.383774
0.552899 0.039568 -0.832308 -111.719734 -0.079211 0.996844 -0.005229 -6.541558 0.829475 0.068819 0.554289 118.484566
0.527571 0.042017 -0.848471 -111.905144 -0.081548 0.996669 -0.001350 -6.543963 0.845588 0.069903 0.529240 118.581825
0.501104 0.044489 -0.864243 -112.100983 -0.085050 0.996375 0.001977 -6.550253 0.861198 0.072513 0.503071 118.667786
0.474466 0.047718 -0.878980 -112.298866 -0.088696 0.996039 0.006195 -6.553270 0.875794 0.075023 0.476819 118.746132
0.446035 0.050306 -0.893601 -112.495865 -0.091643 0.995739 0.010313 -6.555233 0.890311 0.077293 0.448744 118.819046
0.416209 0.049908 -0.907898 -112.688530 -0.091152 0.995753 0.012950 -6.562264 0.904689 0.077367 0.418990 118.899139
0.384348 0.047769 -0.921952 -112.890541 -0.091600 0.995706 0.013403 -6.575404 0.918633 0.079299 0.387073 118.969780
0.349874 0.044374 -0.935745 -113.112831 -0.091402 0.995729 0.013043 -6.580179 0.932327 0.080965 0.352435 119.044556
0.311671 0.041692 -0.949275 -113.362816 -0.091334 0.995725 0.013745 -6.580391 0.945790 0.082417 0.314147 119.120934
0.270335 0.040312 -0.961922 -113.625069 -0.090913 0.995727 0.016178 -6.579625 0.958464 0.083077 0.272845 119.185852
0.227071 0.038464 -0.973118 -113.910088 -0.089967 0.995775 0.018366 -6.578847 0.969714 0.083378 0.229572 119.243210
0.180581 0.035915 -0.982904 -114.209839 -0.089083 0.995823 0.020021 -6.576105 0.979518 0.083944 0.183026 119.294014
0.131680 0.033340 -0.990731 -114.530487 -0.088452 0.995843 0.021755 -6.574319 0.987338 0.084767 0.134082 119.329659
0.081661 0.032091 -0.996143 -114.862724 -0.087351 0.995866 0.024922 -6.569414 0.992825 0.084979 0.084127 119.353142
0.029719 0.032243 -0.999038 -115.213547 -0.086520 0.995811 0.029565 -6.561535 0.995807 0.085558 0.032385 119.355667
-0.023392 0.033204 -0.999175 -115.571762 -0.083475 0.995893 0.035050 -6.551964 0.996235 0.084226 -0.020524 119.351212
-0.077623 0.033902 -0.996406 -115.942719 -0.079645 0.996017 0.040093 -6.545130 0.993796 0.082471 -0.074614 119.322205
-0.131348 0.034192 -0.990746 -116.322708 -0.075634 0.996146 0.044405 -6.535031 0.988447 0.080766 -0.128256 119.270500
-0.184380 0.035092 -0.982228 -116.709930 -0.071836 0.996208 0.049077 -6.527056 0.980226 0.079608 -0.181160 119.193359
-0.235713 0.035293 -0.971182 -117.107269 -0.068792 0.996228 0.052900 -6.511824 0.969385 0.079279 -0.232396 119.090508
-0.285128 0.035664 -0.957826 -117.515511 -0.064383 0.996338 0.056264 -6.493484 0.956325 0.077711 -0.281787 118.967216
-0.333470 0.035752 -0.942083 -117.932419 -0.058843 0.996543 0.058648 -6.473810 0.940923 0.074992 -0.330213 118.820976
-0.380400 0.035682 -0.924133 -118.363304 -0.053325 0.996747 0.060436 -6.455040 0.923283 0.072269 -0.377260 118.645721
-0.424185 0.036170 -0.904853 -118.788506 -0.047921 0.996905 0.062314 -6.436850 0.904307 0.069794 -0.421139 118.449844
-0.465956 0.035980 -0.884076 -119.227180 -0.043191 0.997057 0.063342 -6.414039 0.883753 0.067698 -0.463031 118.221329
-0.504467 0.036366 -0.862665 -119.671684 -0.038995 0.997134 0.064838 -6.393072 0.862550 0.066349 -0.501603 117.964935
-0.538579 0.036291 -0.841793 -120.116638 -0.035904 0.997176 0.065961 -6.371646 0.841809 0.065749 -0.535755 117.679802
-0.566916 0.035684 -0.823002 -120.561554 -0.034078 0.997190 0.066711 -6.347378 0.823070 0.065866 -0.564107 117.369156
-0.589996 0.034813 -0.806656 -121.015198 -0.033075 0.997189 0.067227 -6.322711 0.806729 0.066344 -0.587186 117.028389
-0.608115 0.032965 -0.793164 -121.482826 -0.033252 0.997203 0.066939 -6.297616 0.793152 0.067081 -0.605318 116.671715
