1.000000 0.000000 0.000000 0.000000 0.000000 1.000000 0.000000 0.000000 0.000000 0.000000 1.000000 0.000000
0.999981 0.000593 -0.006090 -0.004236 -0.000593 1.000000 0.000068 -0.001823 0.006090 -0.000064 0.999981 0.089769
0.999916 0.001562 -0.012889 -0.009565 -0.001562 0.999999 0.000014 -0.005359 0.012889 0.000007 0.999917 0.183975
0.999792 0.002108 -0.020267 -0.015411 -0.002117 0.999998 -0.000420 -0.009657 0.020266 0.000463 0.999795 0.272974
0.999593 0.002687 -0.028406 -0.019991 -0.002733 0.999995 -0.001566 -0.012892 0.028402 0.001643 0.999595 0.373798
0.999240 0.002946 -0.038869 -0.025277 -0.003049 0.999992 -0.002592 -0.017839 0.038861 0.002708 0.999241 0.482623
0.998639 0.003202 -0.052066 -0.033512 -0.003381 0.999989 -0.003358 -0.021474 0.052055 0.003530 0.998638 0.606957
0.997683 0.003053 -0.067967 -0.044918 -0.003314 0.999988 -0.003725 -0.023891 0.067954 0.003941 0.997681 0.747440
0.996256 0.001856 -0.086432 -0.054205 -0.002201 0.999990 -0.003895 -0.025110 0.086424 0.004071 0.996250 0.892924
0.994352 0.001192 -0.106125 -0.066242 -0.001637 0.999990 -0.004102 -0.030834 0.106119 0.004252 0.994344 1.050203
0.991757 0.001626 -0.128123 -0.090664 -0.002264 0.999986 -0.004839 -0.038585 0.128113 0.005089 0.991746 1.217223
0.988393 0.004867 -0.151843 -0.131323 -0.005804 0.999967 -0.005725 -0.052324 0.151811 0.006540 0.988388 1.386708
0.984185 0.007977 -0.176964 -0.179620 -0.009398 0.999930 -0.007190 -0.062844 0.176894 0.008739 0.984191 1.557983
0.978964 0.010542 -0.203759 -0.234218 -0.012493 0.999888 -0.008295 -0.071789 0.203648 0.010667 0.978986 1.740896
