1.000000 0.000000 0.000000 0.000000 0.000000 1.000000 0.000000 0.000000 0.000000 0.000000 1.000000 0.000000
0.999981 0.000503 -0.006166 0.000845 -0.000503 1.000000 0.000097 0.001968 0.006166 -0.000094 0.999981 0.086065
0.999913 0.001192 -0.013139 -0.008107 -0.001191 0.999999 0.000028 0.000052 0.013139 -0.000012 0.999914 0.179844
0.999781 0.001354 -0.020883 -0.014802 -0.001362 0.999999 -0.000397 -0.004318 0.020882 0.000425 0.999782 0.277173
0.999549 0.001987 -0.029976 -0.019902 -0.002040 0.999996 -0.001741 -0.006640 0.029972 0.001802 0.999549 0.391437
0.999136 0.001775 -0.041522 -0.034133 -0.001914 0.999993 -0.003312 -0.004168 0.041515 0.003388 0.999132 0.509875
0.998465 0.001863 -0.055352 -0.046794 -0.002111 0.999988 -0.004420 -0.007312 0.055343 0.004530 0.998457 0.641517
0.997442 0.001737 -0.071462 -0.062039 -0.002083 0.999986 -0.004762 -0.006246 0.071453 0.004898 0.997432 0.786669
0.995932 0.000846 -0.090102 -0.079776 -0.001306 0.999986 -0.005049 -0.005997 0.090097 0.005146 0.995920 0.947394
0.993917 -0.000330 -0.110132 -0.098814 -0.000277 0.999985 -0.005494 -0.011232 0.110132 0.005491 0.993902 1.116607
0.991182 0.000012 -0.132510 -0.133501 -0.000842 0.999980 -0.006209 -0.018429 0.132507 0.006266 0.991162 1.289866
0.987674 0.002891 -0.156496 -0.179711 -0.004083 0.999965 -0.007299 -0.035527 0.156469 0.007848 0.987652 1.469974
0.983287 0.006518 -0.181945 -0.241227 -0.008330 0.999923 -0.009201 -0.043599 0.181871 0.010563 0.983266 1.655757
0.977861 0.009490 -0.209039 -0.308386 -0.011973 0.999872 -0.010615 -0.046713 0.208912 0.012883 0.977850 1.847433
0.971073 0.009863 -0.238579 -0.372233 -0.012952 0.999851 -0.011385 -0.047995 0.238431 0.014146 0.971056 2.046165
0.962988 0.011698 -0.269290 -0.455137 -0.015348 0.999817 -0.011455 -0.057028 0.269107 0.015165 0.962991 2.244061
0.953494 0.013000 -0.301131 -0.548250 -0.017177 0.999789 -0.011229 -0.057756 0.300921 0.015879 0.953517 2.449520
0.942197 0.015446 -0.334705 -0.648725 -0.020130 0.999742 -0.010531 -0.068915 0.334455 0.016660 0.942264 2.662501
0.929641 0.017578 -0.368047 -0.752825 -0.023068 0.999678 -0.010523 -0.076574 0.367743 0.018272 0.929748 2.858434
0.915755 0.019961 -0.401241 -0.876818 -0.026199 0.999606 -0.010066 -0.078627 0.400882 0.019731 0.915917 3.064391
0.899663 0.020114 -0.436121 -0.997729 -0.027388 0.999571 -0.010398 -0.074800 0.435725 0.021299 0.899828 3.268138
0.881223 0.015743 -0.472438 -1.120768 -0.024129 0.999640 -0.011695 -0.066532 0.472084 0.021705 0.881286 3.479819
0.859991 0.011854 -0.510171 -1.257183 -0.021177 0.999698 -0.012470 -0.077642 0.509869 0.021529 0.859982 3.693240
0.835156 0.013962 -0.549835 -1.423963 -0.023227 0.999681 -0.009894 -0.097716 0.549522 0.021034 0.835214 3.904885
0.806174 0.019175 -0.591367 -1.617333 -0.028485 0.999574 -0.006420 -0.109585 0.590992 0.022021 0.806377 4.097221
0.773634 0.021108 -0.633281 -1.812435 -0.031493 0.999491 -0.005158 -0.119427 0.632849 0.023934 0.773905 4.293446
0.737597 0.019537 -0.674959 -2.010469 -0.031580 0.999486 -0.005580 -0.112796 0.674503 0.025431 0.737834 4.483983
0.697862 0.015644 -0.716061 -2.223068 -0.028083 0.999590 -0.005532 -0.110267 0.715682 0.023970 0.698015 4.684443
0.655125 0.012197 -0.755422 -2.442326 -0.024353 0.999691 -0.004978 -0.120122 0.755128 0.021658 0.655219 4.870140
0.610134 0.011478 -0.792215 -2.684898 -0.023253 0.999724 -0.003423 -0.129258 0.791957 0.020510 0.610233 5.048868
0.561728 0.011733 -0.827239 -2.961311 -0.022387 0.999749 -0.001022 -0.135848 0.827019 0.019094 0.561850 5.229341
0.510440 0.011787 -0.859832 -3.245569 -0.021779 0.999763 0.000776 -0.148378 0.859637 0.018330 0.510576 5.374135
0.457118 0.012502 -0.889318 -3.554899 -0.022174 0.999751 0.002656 -0.150600 0.889129 0.018506 0.457281 5.519981
0.402083 0.013816 -0.915499 -3.890706 -0.022095 0.999741 0.005383 -0.156220 0.915337 0.018064 0.402284 5.647282
0.346226 0.015209 -0.938028 -4.228828 -0.023033 0.999705 0.007708 -0.163943 0.937868 0.018937 0.346474 5.750358
0.290593 0.017289 -0.956691 -4.593495 -0.022750 0.999679 0.011156 -0.164985 0.956576 0.018523 0.290893 5.849444
0.236322 0.018315 -0.971502 -4.960089 -0.019386 0.999712 0.014131 -0.165450 0.971482 0.015494 0.236609 5.916595
0.184984 0.018459 -0.982568 -5.338185 -0.017653 0.999725 0.015457 -0.178134 0.982583 0.014486 0.185259 5.978823
0.137496 0.018679 -0.990326 -5.730229 -0.019616 0.999677 0.016132 -0.186321 0.990308 0.017208 0.137818 6.005816
0.094573 0.018333 -0.995349 -6.145075 -0.022040 0.999624 0.016317 -0.173734 0.995274 0.020394 0.094942 6.010494
0.056871 0.016191 -0.998250 -6.560472 -0.023695 0.999609 0.014863 -0.163603 0.998100 0.022808 0.057233 6.013520
0.022181 0.013284 -0.999666 -7.010538 -0.023465 0.999643 0.012763 -0.158041 0.999479 0.023174 0.022484 6.014126
-0.009051 0.010729 -0.999901 -7.478060 -0.023777 0.999657 0.010941 -0.163002 0.999676 0.023874 -0.008793 5.994766
-0.035761 0.008588 -0.999323 -7.943723 -0.024638 0.999652 0.009473 -0.164236 0.999057 0.024960 -0.035537 5.959262
-0.056514 0.006235 -0.998382 -8.440187 -0.025528 0.999645 0.007687 -0.163295 0.998075 0.025921 -0.056334 5.911987
-0.072695 0.005151 -0.997341 -8.964520 -0.025812 0.999642 0.007044 -0.155015 0.997020 0.026255 -0.072536 5.859150
-0.085328 0.005480 -0.996338 -9.522124 -0.025708 0.999640 0.007699 -0.161344 0.996021 0.026270 -0.085156 5.799090
-0.094393 0.006519 -0.995514 -10.073209 -0.028027 0.999565 0.009203 -0.165304 0.995140 0.028770 -0.094169 5.723749
-0.101305 0.007268 -0.994829 -10.652472 -0.028936 0.999529 0.010249 -0.171368 0.994434 0.029825 -0.101047 5.649750
-0.105305 0.008320 -0.994405 -11.250297 -0.027401 0.999561 0.011265 -0.173190 0.994062 0.028434 -0.105031 5.579692
-0.106089 0.008944 -0.994316 -11.855480 -0.025657 0.999602 0.011729 -0.177589 0.994026 0.026756 -0.105817 5.501805
-0.105073 0.010710 -0.994407 -12.503270 -0.025409 0.999587 0.013450 -0.179128 0.994140 0.026680 -0.104757 5.433271
-0.103115 0.013239 -0.994581 -13.147019 -0.025491 0.999548 0.015948 -0.182402 0.994343 0.026998 -0.102731 5.347679
-0.101686 0.013046 -0.994731 -13.791880 -0.025746 0.999545 0.015741 -0.185559 0.994483 0.027211 -0.101303 5.274890
-0.099959 0.011157 -0.994929 -14.461802 -0.027051 0.999537 0.013927 -0.192622 0.994624 0.028306 -0.099611 5.202103
-0.098493 0.010843 -0.995079 -15.154601 -0.028897 0.999488 0.013752 -0.187508 0.994718 0.030110 -0.098130 5.129061
-0.096974 0.013642 -0.995193 -15.863311 -0.029313 0.999433 0.016556 -0.188730 0.994855 0.030778 -0.096519 5.054358
-0.094963 0.017142 -0.995333 -16.595463 -0.029981 0.999349 0.020072 -0.189685 0.995029 0.031747 -0.094387 4.976772
-0.093292 0.018988 -0.995458 -17.338961 -0.032034 0.999243 0.022063 -0.185531 0.995123 0.033947 -0.092613 4.891304
-0.091512 0.018602 -0.995630 -18.086693 -0.030994 0.999288 0.021519 -0.183214 0.995322 0.032828 -0.090870 4.817831
-0.089778 0.016229 -0.995830 -18.832346 -0.032116 0.999300 0.019181 -0.188270 0.995444 0.033704 -0.089194 4.741610
-0.088474 0.015698 -0.995955 -19.600880 -0.035326 0.999197 0.018887 -0.179637 0.995452 0.036854 -0.087849 4.663890
-0.086979 0.017418 -0.996058 -20.398821 -0.033005 0.999248 0.020356 -0.170118 0.995663 0.034646 -0.086339 4.592045
-0.085979 0.019867 -0.996099 -21.200335 -0.031907 0.999233 0.022683 -0.166829 0.995786 0.033733 -0.085279 4.524614
-0.084814 0.021150 -0.996172 -21.999651 -0.028905 0.999302 0.023678 -0.160571 0.995977 0.030802 -0.084143 4.454481
-0.084236 0.016747 -0.996305 -22.797487 -0.025689 0.999490 0.018972 -0.155332 0.996115 0.027192 -0.083763 4.392611
-0.083834 0.010021 -0.996429 -23.598726 -0.024907 0.999616 0.012148 -0.152403 0.996168 0.025836 -0.083552 4.324264
-0.084100 0.005954 -0.996440 -24.411865 -0.024160 0.999676 0.008012 -0.157633 0.996164 0.024748 -0.083929 4.258378
-0.084577 0.007337 -0.996390 -25.250471 -0.026111 0.999613 0.009577 -0.172934 0.996075 0.026827 -0.084353 4.178998
-0.084632 0.014681 -0.996304 -26.112268 -0.027284 0.999482 0.017045 -0.176896 0.996039 0.028626 -0.084188 4.100633
-0.085081 0.021615 -0.996140 -26.976450 -0.027985 0.999318 0.024074 -0.178497 0.995981 0.029926 -0.084418 4.010892
-0.085798 0.026647 -0.995956 -27.838324 -0.028961 0.999153 0.029228 -0.170012 0.995892 0.031351 -0.084954 3.930537
-0.086348 0.026958 -0.995900 -28.682167 -0.028438 0.999160 0.029512 -0.160927 0.995859 0.030869 -0.085509 3.847868
-0.086447 0.023462 -0.995980 -29.514656 -0.028706 0.999249 0.026031 -0.159296 0.995843 0.030841 -0.085708 3.770839
-0.086918 0.021175 -0.995990 -30.347227 -0.029939 0.999267 0.023858 -0.160742 0.995766 0.031893 -0.086220 3.694786
-0.087035 0.022459 -0.995952 -31.187181 -0.033502 0.999114 0.025458 -0.151820 0.995642 0.035582 -0.086205 3.603240
-0.087058 0.024036 -0.995913 -32.034630 -0.033733 0.999064 0.027061 -0.145665 0.995632 0.035951 -0.086165 3.519964
-0.086942 0.022545 -0.995958 -32.857651 -0.033372 0.999117 0.025530 -0.144060 0.995654 0.035457 -0.086113 3.444625
-0.086606 0.017919 -0.996081 -33.670601 -0.031929 0.999275 0.020753 -0.141310 0.995731 0.033602 -0.085971 3.367399
-0.086257 0.014157 -0.996172 -34.495220 -0.034640 0.999252 0.017200 -0.146924 0.995671 0.035991 -0.085702 3.284029
-0.085752 0.015081 -0.996202 -35.324608 -0.036125 0.999181 0.018236 -0.146020 0.995661 0.037552 -0.085137 3.201922
-0.084954 0.017617 -0.996229 -36.172634 -0.034266 0.999201 0.020591 -0.156684 0.995795 0.035886 -0.084282 3.129067
-0.084713 0.022621 -0.996149 -37.021805 -0.034798 0.999065 0.025646 -0.155103 0.995798 0.036837 -0.083847 3.048918
-0.084458 0.027825 -0.996038 -37.859558 -0.033166 0.998978 0.030720 -0.145803 0.995875 0.035629 -0.083449 2.977326
-0.084519 0.031186 -0.995934 -38.708000 -0.034042 0.998836 0.034166 -0.143420 0.995840 0.036791 -0.083359 2.903770
-0.084180 0.030638 -0.995979 -39.542175 -0.031778 0.998936 0.033415 -0.134413 0.995944 0.034463 -0.083116 2.832479
-0.083956 0.026895 -0.996106 -40.347427 -0.031261 0.999073 0.029610 -0.130187 0.995979 0.033626 -0.083038 2.760632
-0.083617 0.022859 -0.996236 -41.165501 -0.032183 0.999153 0.025627 -0.126767 0.995978 0.034205 -0.082810 2.686061
-0.083454 0.020217 -0.996307 -42.002338 -0.035626 0.999094 0.023257 -0.130015 0.995875 0.037436 -0.082658 2.606369
-0.083669 0.018287 -0.996326 -42.825100 -0.038523 0.999025 0.021572 -0.118992 0.995749 0.040186 -0.082883 2.517889
-0.084407 0.016334 -0.996297 -43.640194 -0.035133 0.999195 0.019358 -0.116856 0.995812 0.036637 -0.083765 2.450359
-0.085502 0.012750 -0.996256 -44.453880 -0.032220 0.999360 0.015555 -0.121836 0.995817 0.033429 -0.085036 2.384396
-0.086176 0.011832 -0.996210 -45.271027 -0.029230 0.999469 0.014399 -0.133307 0.995851 0.030360 -0.085784 2.320999
-0.088205 0.015081 -0.995988 -46.109997 -0.029755 0.999399 0.017768 -0.137242 0.995658 0.031202 -0.087703 2.250642
-0.090058 0.020739 -0.995721 -46.932209 -0.028776 0.999312 0.023416 -0.134065 0.995521 0.030762 -0.089399 2.178124
-0.092131 0.024144 -0.995454 -47.763588 -0.026425 0.999295 0.026682 -0.129767 0.995396 0.028763 -0.091428 2.109298
-0.093647 0.023470 -0.995329 -48.577332 -0.026329 0.999314 0.026041 -0.134195 0.995257 0.028645 -0.092965 2.028943
-0.094504 0.019948 -0.995325 -49.388817 -0.028884 0.999323 0.022770 -0.138967 0.995105 0.030900 -0.093863 1.940242
-0.095620 0.016302 -0.995284 -50.179821 -0.033316 0.999253 0.019568 -0.139225 0.994860 0.035030 -0.095006 1.841555
-0.096877 0.015195 -0.995180 -50.981297 -0.036282 0.999165 0.018788 -0.143212 0.994635 0.037927 -0.096245 1.743929
-0.097832 0.016100 -0.995073 -51.783226 -0.036684 0.999131 0.019772 -0.146451 0.994527 0.038438 -0.097157 1.659443
-0.098763 0.017405 -0.994959 -52.570419 -0.036894 0.999096 0.021139 -0.143858 0.994427 0.038795 -0.098031 1.577872
-0.099746 0.017064 -0.994867 -53.351089 -0.039025 0.999017 0.021048 -0.147153 0.994247 0.040924 -0.098982 1.486218
-0.100157 0.017125 -0.994824 -54.131584 -0.039697 0.998987 0.021194 -0.154520 0.994179 0.041614 -0.099376 1.404082
-0.100651 0.018961 -0.994741 -54.911114 -0.038592 0.998992 0.022947 -0.154232 0.994173 0.040699 -0.099818 1.319297
-0.101137 0.021858 -0.994632 -55.690292 -0.037853 0.998950 0.025802 -0.158940 0.994152 0.040259 -0.100204 1.235047
-0.101437 0.025753 -0.994509 -56.465050 -0.037885 0.998840 0.029729 -0.151263 0.994120 0.040693 -0.100344 1.152409
-0.101869 0.027794 -0.994410 -57.247471 -0.037738 0.998782 0.031782 -0.148721 0.994082 0.040764 -0.100696 1.071680
-0.102579 0.027975 -0.994331 -57.995705 -0.036656 0.998819 0.031882 -0.143990 0.994049 0.039719 -0.101432 0.990431
-0.102891 0.026119 -0.994350 -58.738960 -0.034139 0.998974 0.029773 -0.147362 0.994107 0.037010 -0.101894 0.918324
-0.102816 0.022889 -0.994437 -59.472439 -0.034136 0.999065 0.026525 -0.144506 0.994114 0.036674 -0.101938 0.835565
-0.102728 0.020039 -0.994508 -60.191143 -0.035729 0.999078 0.023822 -0.140970 0.994068 0.037980 -0.101917 0.750008
-0.101440 0.017842 -0.994682 -60.895641 -0.035768 0.999127 0.021570 -0.145757 0.994199 0.037766 -0.100713 0.670319
-0.099003 0.017119 -0.994940 -61.579048 -0.037678 0.999071 0.020939 -0.153451 0.994374 0.039560 -0.098266 0.587813
-0.094962 0.018161 -0.995315 -62.258053 -0.037703 0.999051 0.021827 -0.155223 0.994767 0.039599 -0.094187 0.514206
-0.089415 0.019770 -0.995798 -62.926712 -0.037507 0.999027 0.023202 -0.156694 0.995288 0.039424 -0.088587 0.453532
-0.082188 0.021321 -0.996389 -63.575310 -0.036913 0.999020 0.024422 -0.157599 0.995933 0.038787 -0.081321 0.397916
-0.073354 0.022960 -0.997042 -64.206947 -0.037469 0.998966 0.025761 -0.159320 0.996602 0.039248 -0.072418 0.334089
-0.061247 0.024842 -0.997813 -64.820518 -0.039715 0.998838 0.027305 -0.164591 0.997332 0.041300 -0.060189 0.282959
-0.046323 0.026688 -0.998570 -65.422020 -0.042671 0.998678 0.028671 -0.164479 0.998015 0.043938 -0.045123 0.227511
-0.027372 0.027982 -0.999234 -66.003708 -0.042957 0.998652 0.029143 -0.163244 0.998702 0.043721 -0.026133 0.193763
-0.004847 0.028928 -0.999570 -66.563057 -0.044090 0.998603 0.029114 -0.158104 0.999016 0.044212 -0.003564 0.181472
0.021019 0.029828 -0.999334 -67.098183 -0.043179 0.998649 0.028899 -0.159437 0.998846 0.042543 0.022279 0.184438
0.051293 0.030152 -0.998228 -67.618462 -0.041728 0.998736 0.028023 -0.157176 0.997811 0.040217 0.052486 0.205500
0.085948 0.030672 -0.995827 -68.105659 -0.040401 0.998811 0.027277 -0.153718 0.995480 0.037888 0.087085 0.240472
0.123582 0.031355 -0.991839 -68.575043 -0.039347 0.998869 0.026674 -0.148254 0.991554 0.035730 0.124676 0.293851
0.164554 0.031802 -0.985855 -69.019325 -0.037709 0.998952 0.025930 -0.155388 0.985647 0.032909 0.165581 0.360252
0.210086 0.033052 -0.977124 -69.477005 -0.036139 0.999008 0.026023 -0.153884 0.977015 0.029845 0.211072 0.452679
0.258444 0.032304 -0.965486 -69.914017 -0.033040 0.999152 0.024586 -0.139600 0.965461 0.025546 0.259292 0.568071
0.308178 0.027959 -0.950918 -70.330330 -0.024288 0.999473 0.021515 -0.139883 0.951019 0.016465 0.308695 0.733352
0.358744 0.023668 -0.933136 -70.719688 -0.018441 0.999663 0.018266 -0.143960 0.933254 0.010656 0.359060 0.904414
0.410196 0.020032 -0.911777 -71.107483 -0.012615 0.999788 0.016291 -0.149298 0.911910 0.004819 0.410362 1.097574
0.460562 0.020486 -0.887391 -71.496384 -0.012070 0.999786 0.016816 -0.156351 0.887546 0.002966 0.460710 1.307966
0.507608 0.019280 -0.861372 -71.867638 -0.009380 0.999814 0.016852 -0.149173 0.861537 -0.000474 0.507695 1.551067
0.552016 0.015890 -0.833682 -72.213852 -0.001678 0.999838 0.017946 -0.137011 0.833832 -0.008508 0.551953 1.814832
0.595295 0.009632 -0.803450 -72.537857 0.009470 0.999775 0.019002 -0.146070 0.803452 -0.018920 0.595069 2.104441
0.637351 0.005557 -0.770554 -72.842361 0.011533 0.999793 0.016750 -0.164274 0.770487 -0.019562 0.637155 2.382378
0.678448 0.000753 -0.734648 -73.138290 0.009649 0.999904 0.009936 -0.156778 0.734585 -0.013830 0.678376 2.653459
0.718874 -0.004733 -0.695124 -73.424469 0.006647 0.999978 0.000065 -0.155136 0.695108 -0.004667 0.718890 2.933761
0.758216 -0.007023 -0.651966 -73.710022 0.003253 0.999970 -0.006988 -0.164175 0.651996 0.003177 0.758216 3.247741
0.795107 -0.007374 -0.606424 -73.982765 0.002261 0.999955 -0.009194 -0.166818 0.606465 0.005939 0.795088 3.612703
0.829200 -0.008582 -0.558886 -74.246758 0.003268 0.999940 -0.010506 -0.172696 0.558942 0.006885 0.829178 4.010072
0.859936 -0.007799 -0.510342 -74.509796 0.001890 0.999925 -0.012095 -0.183691 0.510398 0.009436 0.859886 4.435112
0.886222 -0.005667 -0.463226 -74.759476 0.001197 0.999950 -0.009944 -0.207393 0.463259 0.008258 0.886185 4.909568
0.907782 -0.000864 -0.419441 -75.004150 -0.002881 0.999961 -0.008294 -0.221619 0.419432 0.008737 0.907745 5.407885
0.925502 0.003720 -0.378725 -75.227448 -0.007825 0.999926 -0.009302 -0.229763 0.378662 0.011572 0.925463 5.916632
0.939460 0.006976 -0.342587 -75.441750 -0.010491 0.999910 -0.008407 -0.228755 0.342498 0.011492 0.939448 6.467023
0.949854 0.008388 -0.312580 -75.629745 -0.010932 0.999920 -0.006385 -0.237052 0.312502 0.009482 0.949870 7.045967
0.957485 0.007669 -0.288379 -75.806374 -0.009349 0.999946 -0.004448 -0.253434 0.288330 0.006955 0.957506 7.646087
0.963418 0.008257 -0.267876 -75.966553 -0.009190 0.999955 -0.002229 -0.274042 0.267845 0.004609 0.963451 8.240087
0.968250 0.010115 -0.249781 -76.139046 -0.010272 0.999947 0.000676 -0.285977 0.249774 0.001911 0.968302 8.867864
0.972034 0.014179 -0.234410 -76.312531 -0.014034 0.999899 0.002288 -0.295144 0.234419 0.001065 0.972135 9.505183
0.975102 0.016337 -0.221154 -76.476196 -0.016055 0.999866 0.003070 -0.292083 0.221175 0.000557 0.975234 10.153216
0.977906 0.017144 -0.208341 -76.617188 -0.016800 0.999853 0.003420 -0.303621 0.208369 0.000156 0.978050 10.800102
0.980722 0.016140 -0.194743 -76.749939 -0.015769 0.999870 0.003451 -0.312356 0.194773 -0.000314 0.980848 11.472248
0.983471 0.017525 -0.180214 -76.888145 -0.017061 0.999846 0.004128 -0.319814 0.180259 -0.000985 0.983619 12.158045
0.985943 0.018344 -0.166072 -77.011696 -0.017841 0.999831 0.004520 -0.327347 0.166127 -0.001494 0.986103 12.856297
0.987995 0.017260 -0.153518 -77.130936 -0.017082 0.999851 0.002478 -0.339075 0.153538 0.000174 0.988143 13.578537
0.989657 0.017383 -0.142397 -77.246445 -0.017875 0.999838 -0.002174 -0.345398 0.142337 0.004697 0.989807 14.282833
0.991028 0.016827 -0.132588 -77.347519 -0.018048 0.999805 -0.008011 -0.360002 0.132428 0.010332 0.991139 15.010757
0.992011 0.019556 -0.124630 -77.448448 -0.020737 0.999751 -0.008184 -0.373918 0.124439 0.010703 0.992170 15.774434
0.992806 0.021709 -0.117753 -77.554298 -0.022124 0.999753 -0.002220 -0.396205 0.117676 0.004810 0.993040 16.552668
0.993219 0.027781 -0.112888 -77.667984 -0.027307 0.999611 0.005747 -0.408163 0.113004 -0.002625 0.993591 17.346699
0.993714 0.025618 -0.108981 -77.750366 -0.024781 0.999652 0.009029 -0.419410 0.109174 -0.006271 0.994003 18.123220
0.994148 0.023626 -0.105416 -77.832642 -0.022869 0.999703 0.008383 -0.430912 0.105582 -0.005924 0.994393 18.889891
0.994472 0.023031 -0.102443 -77.913353 -0.022377 0.999721 0.007528 -0.443343 0.102588 -0.005194 0.994710 19.648588
0.994722 0.024501 -0.099639 -78.001785 -0.023664 0.999674 0.009574 -0.447778 0.099841 -0.007166 0.994978 20.420475
0.995010 0.021846 -0.097359 -78.076370 -0.020769 0.999712 0.012067 -0.460583 0.097595 -0.009985 0.995176 21.196379
0.995324 0.020475 -0.094393 -78.144699 -0.019259 0.999720 0.013784 -0.466863 0.094648 -0.011902 0.995440 21.955648
0.995624 0.018598 -0.091580 -78.216026 -0.017664 0.999783 0.011004 -0.481531 0.091765 -0.009338 0.995737 22.739260
0.995735 0.020925 -0.089853 -78.301697 -0.020663 0.999779 0.003849 -0.488858 0.089913 -0.001976 0.995948 23.485447
0.995889 0.021411 -0.088017 -78.376122 -0.021820 0.999755 -0.003690 -0.498772 0.087917 0.005595 0.996112 24.210608
0.996007 0.021928 -0.086545 -78.448265 -0.022649 0.999716 -0.007363 -0.523523 0.086359 0.009294 0.996221 24.960566
0.996108 0.024397 -0.084693 -78.524590 -0.024988 0.999670 -0.005915 -0.542799 0.084521 0.008008 0.996390 25.729565
0.996241 0.027011 -0.082300 -78.604225 -0.027242 0.999627 -0.001683 -0.567611 0.082224 0.003919 0.996606 26.495066
0.996319 0.030913 -0.079955 -78.684341 -0.030767 0.999522 0.003062 -0.581125 0.080012 -0.000590 0.996794 27.266268
0.996598 0.028416 -0.077362 -78.743309 -0.028118 0.999592 0.004934 -0.590794 0.077471 -0.002742 0.996991 28.019222
0.996741 0.025948 -0.076379 -78.795486 -0.025649 0.999659 0.004887 -0.608124 0.076480 -0.002912 0.997067 28.783241
0.996846 0.024880 -0.075361 -78.853874 -0.024583 0.999686 0.004867 -0.619504 0.075459 -0.002999 0.997144 29.529865
0.996951 0.024212 -0.074181 -78.915993 -0.024011 0.999705 0.003599 -0.633738 0.074246 -0.001806 0.997238 30.284088
0.997039 0.023215 -0.073308 -78.970306 -0.023101 0.999730 0.002401 -0.643497 0.073344 -0.000700 0.997306 31.047602
0.997105 0.022676 -0.072574 -79.029312 -0.022547 0.999742 0.002606 -0.660156 0.072615 -0.000962 0.997360 31.811766
0.997080 0.025028 -0.072147 -79.102928 -0.024841 0.999685 0.003482 -0.670521 0.072211 -0.001680 0.997388 32.586143
0.997103 0.024827 -0.071902 -79.159622 -0.024703 0.999691 0.002618 -0.688100 0.071945 -0.000834 0.997408 33.369740
0.996957 0.025689 -0.073592 -79.225853 -0.025564 0.999670 0.002639 -0.698171 0.073636 -0.000750 0.997285 34.141140
0.996864 0.024132 -0.075365 -79.284271 -0.023969 0.999708 0.003065 -0.709372 0.075417 -0.001249 0.997151 34.938019
0.996606 0.024959 -0.078450 -79.351166 -0.024773 0.999687 0.003347 -0.729820 0.078509 -0.001392 0.996912 35.739342
0.996268 0.028582 -0.081444 -79.426361 -0.028441 0.999591 0.002896 -0.740925 0.081493 -0.000569 0.996674 36.534546
0.996053 0.028799 -0.083955 -79.505470 -0.029015 0.999578 -0.001362 -0.755480 0.083881 0.003792 0.996469 37.322563
0.995820 0.029711 -0.086365 -79.580803 -0.030272 0.999528 -0.005198 -0.765745 0.086169 0.007791 0.996250 38.127289
0.995653 0.029886 -0.088219 -79.665993 -0.030582 0.999511 -0.006558 -0.782106 0.087980 0.009227 0.996080 38.953049
0.995527 0.028349 -0.090121 -79.746468 -0.028955 0.999566 -0.005425 -0.805421 0.089928 0.008010 0.995916 39.779552
0.995353 0.027174 -0.092379 -79.818115 -0.027687 0.999608 -0.004271 -0.831028 0.092227 0.006809 0.995715 40.616245
0.995201 0.026886 -0.094086 -79.900360 -0.027239 0.999626 -0.002468 -0.848388 0.093985 0.005019 0.995561 41.458977
0.995085 0.026909 -0.095294 -79.990479 -0.026966 0.999636 0.000692 -0.866811 0.095278 0.001881 0.995449 42.311142
0.995020 0.026203 -0.096171 -80.069557 -0.025815 0.999653 0.005285 -0.881634 0.096276 -0.002776 0.995351 43.172733
0.995100 0.026608 -0.095223 -80.164665 -0.025963 0.999631 0.008010 -0.896912 0.095401 -0.005498 0.995424 44.026649
0.995242 0.027894 -0.093361 -80.257729 -0.027198 0.999592 0.008719 -0.907853 0.093566 -0.006138 0.995594 44.884956
0.995390 0.027980 -0.091737 -80.337120 -0.027410 0.999596 0.007468 -0.919658 0.091909 -0.004919 0.995755 45.739902
0.995624 0.024933 -0.090063 -80.415710 -0.024537 0.999684 0.005508 -0.923251 0.090171 -0.003274 0.995921 46.595207
0.995871 0.021314 -0.088241 -80.491417 -0.021029 0.999770 0.004157 -0.935764 0.088309 -0.002284 0.996090 47.471172
0.996046 0.020520 -0.086434 -80.570358 -0.020240 0.999787 0.004118 -0.957149 0.086500 -0.002353 0.996249 48.339020
0.996162 0.019227 -0.085386 -80.646965 -0.018768 0.999805 0.006186 -0.964845 0.085489 -0.004560 0.996329 49.225021
0.996249 0.017629 -0.084713 -80.715202 -0.016971 0.999820 0.008486 -0.982539 0.084847 -0.007016 0.996369 50.115326
0.996334 0.017320 -0.083773 -80.796951 -0.016615 0.999820 0.009108 -0.991555 0.083915 -0.007682 0.996443 50.981228
0.996426 0.016615 -0.082817 -80.883141 -0.016168 0.999851 0.006063 -1.004232 0.082905 -0.004703 0.996546 51.844017
0.996468 0.018045 -0.082012 -80.966827 -0.017997 0.999837 0.001329 -1.022586 0.082022 0.000152 0.996630 52.698112
0.996552 0.019275 -0.080705 -81.046310 -0.019682 0.999797 -0.004246 -1.037769 0.080607 0.005820 0.996729 53.535122
0.996496 0.024472 -0.079983 -81.137474 -0.025357 0.999628 -0.010079 -1.065641 0.079707 0.012072 0.996745 54.374340
0.996526 0.026567 -0.078933 -81.221481 -0.027503 0.999563 -0.010793 -1.098292 0.078612 0.012926 0.996821 55.232388
0.996526 0.027259 -0.078697 -81.294731 -0.027714 0.999605 -0.004692 -1.126256 0.078538 0.006856 0.996888 56.098518
0.996443 0.028524 -0.079293 -81.373116 -0.028286 0.999591 0.004126 -1.167771 0.079378 -0.001869 0.996843 56.976761
0.996440 0.024161 -0.080767 -81.426727 -0.023359 0.999668 0.010857 -1.163297 0.081003 -0.008932 0.996674 57.833584
0.996325 0.019706 -0.083350 -81.483452 -0.018980 0.999775 0.009498 -1.170607 0.083519 -0.007881 0.996475 58.666912
0.996232 0.015866 -0.085262 -81.538673 -0.015373 0.999861 0.006427 -1.192077 0.085352 -0.005092 0.996338 59.487408
0.996027 0.014179 -0.087910 -81.615837 -0.013788 0.999892 0.005049 -1.205879 0.087972 -0.003817 0.996116 60.326626
0.995800 0.013425 -0.090563 -81.692642 -0.013242 0.999909 0.002626 -1.221966 0.090590 -0.001415 0.995887 61.147102
0.995430 0.017245 -0.093927 -81.777977 -0.017385 0.999849 -0.000675 -1.244360 0.093902 0.002305 0.995579 61.964252
0.995028 0.016740 -0.098182 -81.862114 -0.017256 0.999841 -0.004404 -1.261762 0.098093 0.006076 0.995159 62.786587
0.994708 0.017938 -0.101168 -81.949364 -0.018763 0.999798 -0.007217 -1.293626 0.101018 0.009077 0.994843 63.594292
0.994282 0.022358 -0.104421 -82.054939 -0.023298 0.999698 -0.007797 -1.312517 0.104215 0.010186 0.994503 64.394691
0.993832 0.025509 -0.107924 -82.157867 -0.026345 0.999633 -0.006325 -1.339332 0.107723 0.009129 0.994139 65.200623
0.993307 0.029610 -0.111647 -82.265907 -0.029923 0.999552 -0.001127 -1.359824 0.111564 0.004460 0.993747 66.013687
0.992828 0.029801 -0.115780 -82.358727 -0.029493 0.999555 0.004369 -1.382581 0.115859 -0.000923 0.993265 66.830315
0.992264 0.028458 -0.120844 -82.451546 -0.027692 0.999584 0.008018 -1.398601 0.121022 -0.004609 0.992639 67.637199
0.991410 0.031467 -0.126948 -82.566566 -0.030518 0.999490 0.009410 -1.420346 0.127180 -0.005455 0.991865 68.426277
0.990717 0.028755 -0.132862 -82.663673 -0.027369 0.999550 0.012246 -1.427376 0.133155 -0.008496 0.991059 69.213409
0.989921 0.027689 -0.138885 -82.771393 -0.026127 0.999573 0.013060 -1.441518 0.139188 -0.009300 0.990222 69.982033
0.988978 0.030994 -0.144781 -82.904099 -0.029545 0.999490 0.012149 -1.455345 0.145084 -0.007737 0.989389 70.758980
0.987992 0.034739 -0.150549 -83.031631 -0.033708 0.999388 0.009392 -1.473289 0.150783 -0.004205 0.988558 71.522430
0.987126 0.033275 -0.156442 -83.151855 -0.032666 0.999445 0.006468 -1.473967 0.156570 -0.001274 0.987666 72.280464
0.986209 0.034636 -0.161842 -83.296829 -0.034228 0.999400 0.005314 -1.492154 0.161929 0.000299 0.986802 73.051964
0.985324 0.037314 -0.166564 -83.439476 -0.036427 0.999301 0.008378 -1.488121 0.166760 -0.002188 0.985995 73.831230
0.984379 0.035209 -0.172508 -83.579086 -0.033471 0.999355 0.012974 -1.500501 0.172854 -0.006997 0.984923 74.599052
0.983352 0.031538 -0.178952 -83.707588 -0.029295 0.999456 0.015162 -1.510752 0.179333 -0.009667 0.983741 75.353500
0.982109 0.031074 -0.185731 -83.844009 -0.029187 0.999491 0.012883 -1.522281 0.186037 -0.007232 0.982516 76.089890
0.980569 0.027055 -0.194299 -83.986122 -0.026315 0.999633 0.006387 -1.540525 0.194401 -0.001150 0.980922 76.817169
0.978692 0.026931 -0.203559 -84.138901 -0.026787 0.999635 0.003466 -1.540501 0.203578 0.002060 0.979057 77.553993
0.976391 0.029474 -0.213989 -84.314415 -0.029019 0.999565 0.005266 -1.549333 0.214051 0.001068 0.976822 78.312408
0.973939 0.030888 -0.224698 -84.495338 -0.029360 0.999517 0.010141 -1.554883 0.224902 -0.003280 0.974376 79.051964
0.971137 0.034067 -0.236076 -84.694435 -0.030931 0.999377 0.016974 -1.547858 0.236507 -0.009181 0.971586 79.795746
0.968435 0.032535 -0.247133 -84.880531 -0.027921 0.999365 0.022152 -1.572494 0.247696 -0.014553 0.968728 80.531654
0.965410 0.032889 -0.258654 -85.087234 -0.028702 0.999389 0.019948 -1.599817 0.259152 -0.011834 0.965764 81.259293
0.962149 0.032361 -0.270595 -85.290520 -0.030365 0.999472 0.011560 -1.606634 0.270827 -0.002906 0.962624 81.953880
0.958772 0.029012 -0.282692 -85.499100 -0.028611 0.999575 0.005544 -1.602392 0.282733 0.002772 0.959195 82.658051
0.955077 0.031962 -0.294630 -85.739120 -0.031183 0.999487 0.007344 -1.574018 0.294713 0.002173 0.955583 83.382118
0.951379 0.035135 -0.306011 -85.985138 -0.032395 0.999377 0.014031 -1.585919 0.306314 -0.003435 0.951924 84.117149
0.947568 0.034838 -0.317651 -86.227837 -0.029930 0.999345 0.020319 -1.597655 0.318151 -0.009746 0.947990 84.850525
0.943515 0.029727 -0.329993 -86.473167 -0.024602 0.999503 0.019695 -1.617998 0.330415 -0.010464 0.943778 85.564827
0.939438 0.027714 -0.341596 -86.720016 -0.023723 0.999593 0.015857 -1.622045 0.341896 -0.006793 0.939713 86.255684
0.936106 0.022918 -0.350971 -86.970299 -0.020820 0.999736 0.009748 -1.640397 0.351102 -0.001818 0.936335 86.945503
0.933193 0.019813 -0.358830 -87.238579 -0.019840 0.999797 0.003607 -1.644863 0.358828 0.003753 0.933396 87.637939
0.930287 0.020159 -0.366277 -87.510292 -0.021332 0.999772 0.000844 -1.651626 0.366211 0.007029 0.930505 88.338120
0.927265 0.024256 -0.373618 -87.814598 -0.025865 0.999665 0.000706 -1.660220 0.373510 0.009009 0.927582 89.030640
0.924154 0.025984 -0.381136 -88.116867 -0.027374 0.999624 0.001776 -1.672157 0.381039 0.008792 0.924517 89.729286
0.920786 0.028033 -0.389059 -88.412430 -0.027294 0.999600 0.007429 -1.672573 0.389111 0.003779 0.921183 90.443939
0.917689 0.030814 -0.396104 -88.723808 -0.027114 0.999521 0.014938 -1.678966 0.396374 -0.002969 0.918084 91.174339
0.914719 0.037349 -0.402362 -89.062691 -0.031019 0.999271 0.022239 -1.687078 0.402899 -0.007861 0.915211 91.894821
0.912106 0.041208 -0.407879 -89.394943 -0.035400 0.999136 0.021781 -1.701924 0.408424 -0.005428 0.912776 92.581711
0.909819 0.036120 -0.413431 -89.705437 -0.033175 0.999347 0.014303 -1.707558 0.413678 0.000703 0.910423 93.260048
0.907711 0.030273 -0.418503 -90.009491 -0.030227 0.999520 0.006741 -1.716783 0.418507 0.006531 0.908190 93.934563
0.905708 0.033200 -0.422600 -90.338043 -0.034161 0.999402 0.005301 -1.723350 0.422524 0.009635 0.906301 94.622528
0.903335 0.041988 -0.426877 -90.705345 -0.042211 0.999069 0.008943 -1.720711 0.426855 0.009940 0.904266 95.328613
0.901034 0.041449 -0.431764 -91.047852 -0.039500 0.999129 0.013486 -1.727476 0.431947 0.004904 0.901886 96.035912
0.898763 0.035734 -0.436977 -91.371346 -0.033487 0.999357 0.012849 -1.747838 0.437155 0.003085 0.899381 96.732948
0.896438 0.033620 -0.441892 -91.720016 -0.033996 0.999397 0.007070 -1.755029 0.441863 0.008684 0.897040 97.410477
0.894137 0.030865 -0.446729 -92.067825 -0.034204 0.999415 0.000590 -1.768622 0.446486 0.014753 0.894669 98.084648
0.891546 0.034606 -0.451606 -92.439972 -0.039549 0.999216 -0.001508 -1.776030 0.451200 0.019205 0.892216 98.773506
0.889367 0.038500 -0.455569 -92.806564 -0.042257 0.999105 0.001941 -1.783606 0.455236 0.017525 0.890198 99.470673
0.887205 0.039085 -0.459717 -93.177574 -0.041676 0.999121 0.004516 -1.801285 0.459489 0.015153 0.888054 100.162704
0.884731 0.040611 -0.464329 -93.544373 -0.043234 0.999052 0.005002 -1.820642 0.464092 0.015649 0.885649 100.856354
0.882559 0.038547 -0.468619 -93.901047 -0.041036 0.999146 0.004902 -1.834803 0.468408 0.014904 0.883387 101.536270
0.880449 0.036519 -0.472732 -94.259827 -0.039253 0.999221 0.004084 -1.851057 0.472513 0.014960 0.881197 102.212936
0.878212 0.037040 -0.476835 -94.625122 -0.039575 0.999205 0.004729 -1.863145 0.476631 0.014718 0.878980 102.870834
0.875943 0.038105 -0.480907 -95.000565 -0.040556 0.999163 0.005299 -1.878311 0.480706 0.014862 0.876756 103.536743
0.873606 0.038599 -0.485101 -95.373688 -0.041177 0.999138 0.005346 -1.890712 0.484889 0.015305 0.874442 104.197624
0.871236 0.034137 -0.489675 -95.734062 -0.037830 0.999281 0.002354 -1.913001 0.489404 0.016474 0.871902 104.848198
0.868987 0.030291 -0.493907 -96.096550 -0.035952 0.999352 -0.001966 -1.934765 0.493527 0.019465 0.869513 105.487396
0.866871 0.028755 -0.497702 -96.470917 -0.036049 0.999337 -0.005052 -1.948670 0.497227 0.022322 0.867334 106.128891
0.864640 0.031605 -0.501397 -96.852081 -0.037936 0.999277 -0.002431 -1.955973 0.500958 0.021123 0.865214 106.775642
0.862655 0.037196 -0.504423 -97.246590 -0.040000 0.999186 0.005273 -1.967171 0.504208 0.015628 0.863441 107.415863
0.861113 0.039253 -0.506896 -97.614655 -0.037078 0.999209 0.014389 -1.980011 0.507059 0.006404 0.861887 108.048660
0.859584 0.038427 -0.509548 -97.973152 -0.032839 0.999261 0.019960 -1.995579 0.509938 -0.000425 0.860211 108.678833
0.858008 0.034782 -0.512458 -98.319954 -0.028225 0.999390 0.020574 -2.011678 0.512860 -0.003189 0.858466 109.289719
0.856343 0.032567 -0.515379 -98.677956 -0.027266 0.999469 0.017853 -2.025671 0.515687 -0.001236 0.856776 109.872726
0.854709 0.030473 -0.518212 -99.022476 -0.026688 0.999535 0.014759 -2.027769 0.518421 0.001215 0.855125 110.433701
0.853091 0.028639 -0.520975 -99.358154 -0.025329 0.999588 0.013475 -2.038182 0.521147 0.001700 0.853465 110.980270
0.851669 0.027715 -0.523346 -99.685188 -0.024496 0.999614 0.013074 -2.043013 0.523507 0.001686 0.852020 111.500572
0.850356 0.027342 -0.525497 -100.003754 -0.023618 0.999626 0.013793 -2.049423 0.525678 0.000683 0.850683 112.023003
0.849284 0.027514 -0.527218 -100.313972 -0.023052 0.999621 0.015033 -2.057299 0.527432 -0.000614 0.849597 112.530678
0.847975 0.026321 -0.529382 -100.602097 -0.021087 0.999651 0.015926 -2.067610 0.529616 -0.002341 0.848234 113.004280
0.846610 0.025419 -0.531606 -100.892982 -0.019987 0.999673 0.015971 -2.078298 0.531838 -0.002896 0.846841 113.463882
0.845444 0.023163 -0.533561 -101.157768 -0.017696 0.999725 0.015360 -2.086465 0.533771 -0.003544 0.845622 113.900024
0.844400 0.023626 -0.535192 -101.430283 -0.019956 0.999721 0.012647 -2.102696 0.535342 0.000001 0.844635 114.311211
0.843003 0.020969 -0.537501 -101.673744 -0.019421 0.999775 0.008544 -2.106835 0.537559 0.003236 0.843220 114.693520
0.840878 0.017954 -0.540927 -101.916016 -0.017274 0.999831 0.006333 -2.115185 0.540949 0.004019 0.841046 115.070503
0.838108 0.014600 -0.545308 -102.156273 -0.013278 0.999892 0.006364 -2.121425 0.545342 0.001907 0.838211 115.445976
0.834990 0.014912 -0.550063 -102.386383 -0.012991 0.999888 0.007388 -2.128379 0.550111 0.000977 0.835091 115.801727
0.831360 0.018750 -0.555419 -102.622452 -0.016546 0.999823 0.008987 -2.140811 0.555489 0.001718 0.831522 116.133026
0.827749 0.023998 -0.560585 -102.846024 -0.020543 0.999711 0.012464 -2.139050 0.560722 0.001199 0.828003 116.430908
0.823907 0.029538 -0.565955 -103.070305 -0.022787 0.999560 0.018994 -2.144065 0.566267 -0.002753 0.824218 116.734093
0.819448 0.031220 -0.572303 -103.274925 -0.021759 0.999490 0.023368 -2.153163 0.572741 -0.006696 0.819709 117.025185
0.814307 0.029218 -0.579698 -103.461548 -0.018067 0.999524 0.024999 -2.159155 0.580153 -0.009884 0.814448 117.289009
0.808151 0.027185 -0.588348 -103.645180 -0.014792 0.999556 0.025867 -2.163777 0.588790 -0.012202 0.808194 117.550079
0.800222 0.025464 -0.599162 -103.818542 -0.011706 0.999571 0.026847 -2.168201 0.599589 -0.014469 0.800177 117.778793
0.790426 0.026093 -0.612001 -104.000893 -0.011433 0.999547 0.027850 -2.174092 0.612451 -0.015016 0.790366 117.990898
0.778833 0.027440 -0.626631 -104.182213 -0.012790 0.999530 0.027873 -2.180927 0.627101 -0.013694 0.778818 118.176620
0.765918 0.027248 -0.642361 -104.347404 -0.013464 0.999562 0.026346 -2.193574 0.642798 -0.011530 0.765949 118.365303
0.751616 0.025581 -0.659105 -104.512589 -0.014516 0.999647 0.022244 -2.200799 0.659441 -0.007152 0.751722 118.513062
0.736810 0.021790 -0.675749 -104.667984 -0.014232 0.999759 0.016721 -2.204720 0.675950 -0.002703 0.736942 118.664680
0.721760 0.021218 -0.691818 -104.826477 -0.017762 0.999769 0.012132 -2.205246 0.691915 0.003532 0.721970 118.791702
0.706378 0.024525 -0.707410 -104.995117 -0.024941 0.999641 0.009751 -2.202363 0.707395 0.010755 0.706736 118.914864
0.689715 0.025982 -0.723615 -105.181877 -0.027751 0.999570 0.009440 -2.183564 0.723549 0.013570 0.690140 119.054543
0.671466 0.024289 -0.740637 -105.353012 -0.024869 0.999638 0.010236 -2.172700 0.740618 0.011545 0.671827 119.199875
0.652035 0.022824 -0.757845 -105.524773 -0.022207 0.999693 0.011001 -2.169749 0.757863 0.009657 0.652342 119.349937
0.630585 0.024218 -0.775742 -105.714844 -0.022289 0.999666 0.013091 -2.182231 0.775800 0.009035 0.630915 119.481461
0.606939 0.028576 -0.794235 -105.915718 -0.025837 0.999535 0.016218 -2.181997 0.794328 0.010677 0.607395 119.598869
0.583026 0.032481 -0.811804 -106.107437 -0.028064 0.999409 0.019832 -2.180882 0.811969 0.011219 0.583593 119.699593
0.557922 0.035386 -0.829139 -106.301453 -0.029867 0.999299 0.022550 -2.181957 0.829356 0.012183 0.558588 119.814705
0.532453 0.038551 -0.845581 -106.498589 -0.033311 0.999143 0.024577 -2.190247 0.845804 0.015081 0.533281 119.909622
0.506115 0.042617 -0.861413 -106.708672 -0.037622 0.998919 0.027315 -2.192167 0.861645 0.018584 0.507171 119.999084
0.478507 0.045467 -0.876906 -106.914658 -0.039704 0.998757 0.030119 -2.186734 0.877186 0.020404 0.479718 120.088196
0.449287 0.045126 -0.892247 -107.125153 -0.038627 0.998771 0.031063 -2.188416 0.892552 0.020509 0.450478 120.176704
0.417493 0.042708 -0.907676 -107.351662 -0.038107 0.998839 0.029470 -2.196666 0.907881 0.022286 0.418636 120.260445
0.383195 0.038479 -0.922866 -107.582680 -0.037652 0.998952 0.026017 -2.193531 0.922900 0.024778 0.384242 120.343704
0.344543 0.035508 -0.938099 -107.852142 -0.037407 0.999010 0.024075 -2.189656 0.938025 0.026796 0.345530 120.427490
0.303470 0.033954 -0.952236 -108.130882 -0.036838 0.999036 0.023883 -2.183815 0.952129 0.027830 0.304428 120.498680
0.259786 0.031581 -0.965150 -108.431221 -0.035904 0.999090 0.023028 -2.177763 0.964998 0.028671 0.260684 120.562981
0.212932 0.028432 -0.976653 -108.741127 -0.034763 0.999164 0.021508 -2.170496 0.976448 0.029372 0.213742 120.622459
0.163683 0.025976 -0.986171 -109.068726 -0.034213 0.999201 0.020640 -2.164622 0.985920 0.030361 0.164441 120.661766
0.113238 0.024832 -0.993258 -109.412209 -0.033715 0.999208 0.021137 -2.161052 0.992996 0.031094 0.113986 120.692657
0.060999 0.024960 -0.997826 -109.771065 -0.032858 0.999196 0.022986 -2.152417 0.997597 0.031385 0.061770 120.701630
0.007329 0.026076 -0.999633 -110.148582 -0.029818 0.999221 0.025846 -2.141801 0.999528 0.029618 0.008101 120.712029
-0.046698 0.027231 -0.998538 -110.533569 -0.026007 0.999256 0.028467 -2.141067 0.998570 0.027299 -0.045955 120.688950
-0.100617 0.028173 -0.994526 -110.926865 -0.021940 0.999293 0.030528 -2.134682 0.994683 0.024892 -0.099928 120.641945
-0.153850 0.029265 -0.987661 -111.319374 -0.018988 0.999289 0.032567 -2.137839 0.987912 0.023764 -0.153185 120.570946
-0.205390 0.030116 -0.978217 -111.726051 -0.016248 0.999284 0.034176 -2.131859 0.978545 0.022914 -0.204754 120.478065
-0.255433 0.030651 -0.966341 -112.139359 -0.012605 0.999307 0.035028 -2.119932 0.966745 0.021128 -0.254869 120.360779
-0.303960 0.031483 -0.952164 -112.574570 -0.007489 0.999344 0.035434 -2.108958 0.952655 0.017901 -0.303525 120.228195
-0.350829 0.032004 -0.935892 -113.013313 -0.002813 0.999375 0.035230 -2.100127 0.936435 0.014992 -0.350520 120.062218
-0.395208 0.033169 -0.917993 -113.456749 0.001743 0.999373 0.035359 -2.091971 0.918590 0.012374 -0.395018 119.865776
-0.436999 0.033948 -0.898821 -113.896645 0.005556 0.999370 0.035044 -2.079187 0.899445 0.010320 -0.436912 119.643196
-0.475312 0.034507 -0.879140 -114.348221 0.008148 0.999360 0.034821 -2.071504 0.879780 0.009387 -0.475289 119.379883
-0.508625 0.034220 -0.860308 -114.784065 0.008906 0.999366 0.034486 -2.061596 0.860942 0.009878 -0.508607 119.083702
-0.536694 0.033410 -0.843115 -115.234161 0.008782 0.999383 0.034013 -2.051158 0.843731 0.010850 -0.536656 118.766228
-0.558955 0.031571 -0.828597 -115.692200 0.007190 0.999422 0.033229 -2.036457 0.829167 0.012617 -0.558859 118.419540
-0.576711 0.029681 -0.816409 -116.168030 0.005551 0.999459 0.032415 -2.026722 0.816930 0.014162 -0.576564 118.058968
-0.590122 0.028788 -0.806801 -116.665359 0.004162 0.999459 0.032618 -2.012985 0.807303 0.015890 -0.589923 117.671539
