1.000000 0.000000 0.000000 0.000000 0.000000 1.000000 0.000000 0.000000 0.000000 0.000000 1.000000 0.000000
0.999981 0.000503 -0.006166 0.000845 -0.000503 1.000000 0.000097 0.001968 0.006166 -0.000094 0.999981 0.086065
0.999913 0.001192 -0.013139 -0.008107 -0.001191 0.999999 0.000028 0.000052 0.013139 -0.000012 0.999914 0.179844
0.999781 0.001354 -0.020883 -0.014802 -0.001362 0.999999 -0.000397 -0.004318 0.020882 0.000425 0.999782 0.277173
0.999549 0.001987 -0.029976 -0.019902 -0.002040 0.999996 -0.001741 -0.006640 0.029972 0.001802 0.999549 0.391437
0.999136 0.001775 -0.041522 -0.034133 -0.001914 0.999993 -0.003312 -0.004168 0.041515 0.003388 0.999132 0.509875
0.998465 0.001863 -0.055352 -0.046794 -0.002111 0.999988 -0.004420 -0.007312 0.055343 0.004530 0.998457 0.641517
0.997442 0.001737 -0.071462 -0.062039 -0.002083 0.999986 -0.004762 -0.006246 0.071453 0.004898 0.997432 0.786669
0.995932 0.000846 -0.090102 -0.079776 -0.001306 0.999986 -0.005049 -0.005997 0.090097 0.005146 0.995920 0.947394
0.993917 -0.000330 -0.110132 -0.098814 -0.000277 0.999985 -0.005494 -0.011232 0.110132 0.005491 0.993902 1.116607
0.991182 0.000012 -0.132510 -0.133501 -0.000842 0.999980 -0.006209 -0.018429 0.132507 0.006266 0.991162 1.289866
0.987674 0.002891 -0.156496 -0.179711 -0.004083 0.999965 -0.007299 -0.035527 0.156469 0.007848 0.987652 1.469974
0.983287 0.006518 -0.181945 -0.241227 -0.008330 0.999923 -0.009201 -0.043599 0.181871 0.010563 0.983266 1.655757
0.977861 0.009490 -0.209039 -0.308386 -0.011973 0.999872 -0.010615 -0.046713 0.208912 0.012883 0.977850 1.847433
