1.000000 0.000000 0.000000 0.000000 0.000000 1.000000 0.000000 0.000000 0.000000 0.000000 1.000000 0.000000
0.999981 0.000503 -0.006166 0.000845 -0.000503 1.000000 0.000097 0.001968 0.006166 -0.000094 0.999981 0.086065
0.999913 0.001192 -0.013139 -0.008107 -0.001191 0.999999 0.000028 0.000052 0.013139 -0.000012 0.999914 0.179844
0.999781 0.001354 -0.020883 -0.014802 -0.001362 0.999999 -0.000397 -0.004318 0.020882 0.000425 0.999782 0.277173
0.999549 0.001987 -0.029976 -0.019902 -0.002040 0.999996 -0.001741 -0.006640 0.029972 0.001802 0.999549 0.391437
0.999136 0.001775 -0.041522 -0.034133 -0.001914 0.999993 -0.003312 -0.004168 0.041515 0.003388 0.999132 0.509875
0.998465 0.001863 -0.055352 -0.046794 -0.002111 0.999988 -0.004420 -0.007312 0.055343 0.004530 0.998457 0.641517
0.997442 0.001737 -0.071462 -0.062039 -0.002083 0.999986 -0.004762 -0.006246 0.071453 0.004898 0.997432 0.786669
0.995932 0.000846 -0.090102 -0.079776 -0.001306 0.999986 -0.005049 -0.005997 0.090097 0.005146 0.995920 0.947394
0.993917 -0.000330 -0.110132 -0.098814 -0.000277 0.999985 -0.005494 -0.011232 0.110132 0.005491 0.993902 1.116607
0.991182 0.000012 -0.132510 -0.133501 -0.000842 0.999980 -0.006209 -0.018429 0.132507 0.006266 0.991162 1.289866
0.987674 0.002891 -0.156496 -0.179711 -0.004083 0.999965 -0.007299 -0.035527 0.156469 0.007848 0.987652 1.469974
0.983287 0.006518 -0.181945 -0.241227 -0.008330 0.999923 -0.009201 -0.043599 0.181871 0.010563 0.983266 1.655757
0.977861 0.009490 -0.209039 -0.308386 -0.011973 0.999872 -0.010615 -0.046713 0.208912 0.012883 0.977850 1.847433
0.971073 0.009863 -0.238579 -0.372233 -0.012952 0.999851 -0.011385 -0.047995 0.238431 0.014146 0.971056 2.046165
0.962988 0.011698 -0.269290 -0.455137 -0.015348 0.999817 -0.011455 -0.057028 0.269107 0.015165 0.962991 2.244061
0.953494 0.013000 -0.301131 -0.548250 -0.017177 0.999789 -0.011229 -0.057756 0.300921 0.015879 0.953517 2.449520
0.942197 0.015446 -0.334705 -0.648725 -0.020130 0.999742 -0.010531 -0.068915 0.334455 0.016660 0.942264 2.662501
0.929641 0.017578 -0.368047 -0.752825 -0.023068 0.999678 -0.010523 -0.076574 0.367743 0.018272 0.929748 2.858434
0.915755 0.019961 -0.401241 -0.876818 -0.026199 0.999606 -0.010066 -0.078627 0.400882 0.019731 0.915917 3.064391
0.899663 0.020114 -0.436121 -0.997729 -0.027388 0.999571 -0.010398 -0.074800 0.435725 0.021299 0.899828 3.268138
0.881223 0.015743 -0.472438 -1.120768 -0.024129 0.999640 -0.011695 -0.066532 0.472084 0.021705 0.881286 3.479819
0.859991 0.011854 -0.510171 -1.257183 -0.021177 0.999698 -0.012470 -0.077642 0.509869 0.021529 0.859982 3.693240
0.835156 0.013962 -0.549835 -1.423963 -0.023227 0.999681 -0.009894 -0.097716 0.549522 0.021034 0.835214 3.904885
0.806174 0.019175 -0.591367 -1.617333 -0.028485 0.999574 -0.006420 -0.109585 0.590992 0.022021 0.806377 4.097221
0.773634 0.021108 -0.633281 -1.812435 -0.031493 0.999491 -0.005158 -0.119427 0.632849 0.023934 0.773905 4.293446
0.737597 0.019537 -0.674959 -2.010469 -0.031580 0.999486 -0.005580 -0.112796 0.674503 0.025431 0.737834 4.483983
0.697862 0.015644 -0.716061 -2.223068 -0.028083 0.999590 -0.005532 -0.110267 0.715682 0.023970 0.698015 4.684443
0.655125 0.012197 -0.755422 -2.442326 -0.024353 0.999691 -0.004978 -0.120122 0.755128 0.021658 0.655219 4.870140
0.610134 0.011478 -0.792215 -2.684898 -0.023253 0.999724 -0.003423 -0.129258 0.791957 0.020510 0.610233 5.048868
0.561728 0.011733 -0.827239 -2.961311 -0.022387 0.999749 -0.001022 -0.135848 0.827019 0.019094 0.561850 5.229341
0.510440 0.011787 -0.859832 -3.245569 -0.021779 0.999763 0.000776 -0.148378 0.859637 0.018330 0.510576 5.374135
0.457118 0.012502 -0.889318 -3.554899 -0.022174 0.999751 0.002656 -0.150600 0.889129 0.018506 0.457281 5.519981
0.402083 0.013816 -0.915499 -3.890706 -0.022095 0.999741 0.005383 -0.156220 0.915337 0.018064 0.402284 5.647282
0.346226 0.015209 -0.938028 -4.228828 -0.023033 0.999705 0.007708 -0.163943 0.937868 0.018937 0.346474 5.750358
0.290593 0.017289 -0.956691 -4.593495 -0.022750 0.999679 0.011156 -0.164985 0.956576 0.018523 0.290893 5.849444
0.236322 0.018315 -0.971502 -4.960089 -0.019386 0.999712 0.014131 -0.165450 0.971482 0.015494 0.236609 5.916595
0.184984 0.018459 -0.982568 -5.338185 -0.017653 0.999725 0.015457 -0.178134 0.982583 0.014486 0.185259 5.978823
