1.000000 0.000000 0.000000 0.000000 0.000000 1.000000 0.000000 0.000000 0.000000 0.000000 1.000000 0.000000
0.999977 0.000335 -0.006831 0.000075 -0.000331 1.000000 0.000535 -0.004494 0.006831 -0.000533 0.999977 0.097957
0.999905 0.000828 -0.013780 -0.012004 -0.000821 1.000000 0.000459 -0.006137 0.013781 -0.000448 0.999905 0.197556
0.999769 0.000987 -0.021480 -0.017978 -0.000998 0.999999 -0.000494 -0.003870 0.021480 0.000515 0.999769 0.302305
0.999515 0.001664 -0.031092 -0.027319 -0.001728 0.999996 -0.002040 -0.001080 0.031089 0.002093 0.999514 0.411621
0.999097 0.002119 -0.042425 -0.045148 -0.002266 0.999992 -0.003428 -0.005316 0.042418 0.003521 0.999094 0.534416
0.998438 0.002412 -0.055813 -0.070002 -0.002637 0.999989 -0.003953 -0.010590 0.055802 0.004094 0.998433 0.663438
0.997409 0.002595 -0.071899 -0.099164 -0.002894 0.999988 -0.004049 -0.009927 0.071888 0.004246 0.997404 0.807333
0.995916 0.000405 -0.090283 -0.135661 -0.000746 0.999993 -0.003747 -0.015402 0.090281 0.003799 0.995909 0.968452
0.993903 -0.000579 -0.110254 -0.168425 0.000131 0.999992 -0.004071 -0.013981 0.110255 0.004031 0.993895 1.134779
0.991202 -0.000248 -0.132360 -0.218817 -0.000333 0.999990 -0.004369 -0.019074 0.132359 0.004375 0.991192 1.308372
0.987725 0.002943 -0.156177 -0.287222 -0.003887 0.999976 -0.005735 -0.024051 0.156156 0.006272 0.987712 1.499169
0.983459 0.007140 -0.180989 -0.367641 -0.008577 0.999938 -0.007156 -0.028939 0.180927 0.008589 0.983459 1.684594
0.978099 0.009794 -0.207911 -0.444241 -0.011695 0.999900 -0.007914 -0.037189 0.207812 0.010172 0.978116 1.880309
0.971369 0.010702 -0.237333 -0.519203 -0.013024 0.999881 -0.008217 -0.037830 0.237217 0.011073 0.971394 2.070105
0.963344 0.012440 -0.267982 -0.604893 -0.015124 0.999854 -0.007954 -0.037194 0.267844 0.011716 0.963391 2.260879
0.953883 0.014276 -0.299840 -0.695751 -0.017110 0.999830 -0.006830 -0.040658 0.299691 0.011646 0.953965 2.448441
0.942670 0.015773 -0.333354 -0.799622 -0.018835 0.999805 -0.005957 -0.037482 0.333195 0.011894 0.942783 2.635985
0.930178 0.018097 -0.366662 -0.910531 -0.021553 0.999753 -0.005334 -0.043839 0.366475 0.012864 0.930339 2.821133
0.916546 0.020621 -0.399398 -1.049098 -0.024525 0.999688 -0.004669 -0.043202 0.399177 0.014074 0.916766 3.026388
0.900502 0.020284 -0.434378 -1.180035 -0.024671 0.999686 -0.004464 -0.036261 0.434151 0.014736 0.900720 3.222924
0.882257 0.015093 -0.470527 -1.323978 -0.020160 0.999780 -0.005732 -0.027758 0.470337 0.014543 0.882367 3.427115
0.861042 0.010201 -0.508431 -1.465348 -0.015475 0.999861 -0.006147 -0.031931 0.508298 0.013160 0.861081 3.612115
0.836100 0.011759 -0.548450 -1.624945 -0.015963 0.999868 -0.002898 -0.040228 0.548344 0.011178 0.836178 3.786405
0.807083 0.017264 -0.590186 -1.811359 -0.020874 0.999782 0.000700 -0.043922 0.590069 0.011754 0.807267 3.960381
0.774471 0.020007 -0.632293 -2.006480 -0.023893 0.999712 0.002367 -0.047272 0.632158 0.013274 0.774726 4.127898
0.738362 0.018943 -0.674139 -2.222323 -0.023342 0.999724 0.002526 -0.043018 0.674001 0.013870 0.738600 4.303214
0.698243 0.014489 -0.715715 -2.445933 -0.017423 0.999843 0.003244 -0.040817 0.715649 0.010205 0.698385 4.476686
0.654994 0.011120 -0.755552 -2.680421 -0.012432 0.999915 0.003939 -0.043093 0.755532 0.006813 0.655077 4.639613
0.609395 0.010623 -0.792795 -2.939290 -0.010181 0.999933 0.005573 -0.040306 0.792801 0.004675 0.609462 4.797564
0.560290 0.011373 -0.828219 -3.211698 -0.007458 0.999934 0.008686 -0.043704 0.828263 0.001310 0.560338 4.945599
0.508717 0.011866 -0.860852 -3.499644 -0.006356 0.999930 0.010027 -0.036006 0.860910 0.000371 0.508757 5.069410
0.455081 0.012977 -0.890355 -3.801037 -0.005923 0.999916 0.011546 -0.027258 0.890430 0.000019 0.455120 5.183798
0.400012 0.015060 -0.916386 -4.148390 -0.004774 0.999886 0.014348 -0.022234 0.916497 -0.001365 0.400038 5.289347
0.344040 0.017375 -0.938794 -4.514171 -0.004706 0.999848 0.016780 -0.021315 0.938943 -0.001355 0.344070 5.384810
0.288578 0.020319 -0.957241 -4.903814 -0.002899 0.999789 0.020349 -0.015851 0.957452 -0.003097 0.288576 5.462905
0.234831 0.021876 -0.971790 -5.323771 0.001162 0.999740 0.022786 -0.009815 0.972035 -0.006480 0.234745 5.526153
0.183531 0.022642 -0.982753 -5.760025 0.004170 0.999708 0.023812 -0.010521 0.983005 -0.008468 0.183383 5.578844
