1.000000 0.000000 0.000000 0.000000 0.000000 1.000000 0.000000 0.000000 0.000000 0.000000 1.000000 0.000000
0.999977 0.000335 -0.006831 0.000075 -0.000331 1.000000 0.000535 -0.004494 0.006831 -0.000533 0.999977 0.097957
0.999905 0.000828 -0.013780 -0.012004 -0.000821 1.000000 0.000459 -0.006137 0.013781 -0.000448 0.999905 0.197556
0.999769 0.000987 -0.021480 -0.017978 -0.000998 0.999999 -0.000494 -0.003870 0.021480 0.000515 0.999769 0.302305
0.999515 0.001664 -0.031092 -0.027319 -0.001728 0.999996 -0.002040 -0.001080 0.031089 0.002093 0.999514 0.411621
0.999097 0.002119 -0.042425 -0.045148 -0.002266 0.999992 -0.003428 -0.005316 0.042418 0.003521 0.999094 0.534416
0.998438 0.002412 -0.055813 -0.070002 -0.002637 0.999989 -0.003953 -0.010590 0.055802 0.004094 0.998433 0.663438
0.997409 0.002595 -0.071899 -0.099164 -0.002894 0.999988 -0.004049 -0.009927 0.071888 0.004246 0.997404 0.807333
0.995916 0.000405 -0.090283 -0.135661 -0.000746 0.999993 -0.003747 -0.015402 0.090281 0.003799 0.995909 0.968452
0.993903 -0.000579 -0.110254 -0.168425 0.000131 0.999992 -0.004071 -0.013981 0.110255 0.004031 0.993895 1.134779
0.991202 -0.000248 -0.132360 -0.218817 -0.000333 0.999990 -0.004369 -0.019074 0.132359 0.004375 0.991192 1.308372
0.987725 0.002943 -0.156177 -0.287222 -0.003887 0.999976 -0.005735 -0.024051 0.156156 0.006272 0.987712 1.499169
0.983459 0.007140 -0.180989 -0.367641 -0.008577 0.999938 -0.007156 -0.028939 0.180927 0.008589 0.983459 1.684594
0.978099 0.009794 -0.207911 -0.444241 -0.011695 0.999900 -0.007914 -0.037189 0.207812 0.010172 0.978116 1.880309
