1.000000 0.000000 0.000000 0.000000 0.000000 1.000000 0.000000 0.000000 0.000000 0.000000 1.000000 0.000000
0.999977 0.000335 -0.006831 0.000075 -0.000331 1.000000 0.000535 -0.004494 0.006831 -0.000533 0.999977 0.097957
0.999905 0.000828 -0.013780 -0.012004 -0.000821 1.000000 0.000459 -0.006137 0.013781 -0.000448 0.999905 0.197556
0.999769 0.000987 -0.021480 -0.017978 -0.000998 0.999999 -0.000494 -0.003870 0.021480 0.000515 0.999769 0.302305
0.999515 0.001664 -0.031092 -0.027319 -0.001728 0.999996 -0.002040 -0.001080 0.031089 0.002093 0.999514 0.411621
0.999097 0.002119 -0.042425 -0.045148 -0.002266 0.999992 -0.003428 -0.005316 0.042418 0.003521 0.999094 0.534416
0.998438 0.002412 -0.055813 -0.070002 -0.002637 0.999989 -0.003953 -0.010590 0.055802 0.004094 0.998433 0.663438
0.997409 0.002595 -0.071899 -0.099164 -0.002894 0.999988 -0.004049 -0.009927 0.071888 0.004246 0.997404 0.807333
0.995916 0.000405 -0.090283 -0.135661 -0.000746 0.999993 -0.003747 -0.015402 0.090281 0.003799 0.995909 0.968452
0.993903 -0.000579 -0.110254 -0.168425 0.000131 0.999992 -0.004071 -0.013981 0.110255 0.004031 0.993895 1.134779
0.991202 -0.000248 -0.132360 -0.218817 -0.000333 0.999990 -0.004369 -0.019074 0.132359 0.004375 0.991192 1.308372
0.987725 0.002943 -0.156177 -0.287222 -0.003887 0.999976 -0.005735 -0.024051 0.156156 0.006272 0.987712 1.499169
0.983459 0.007140 -0.180989 -0.367641 -0.008577 0.999938 -0.007156 -0.028939 0.180927 0.008589 0.983459 1.684594
0.978099 0.009794 -0.207911 -0.444241 -0.011695 0.999900 -0.007914 -0.037189 0.207812 0.010172 0.978116 1.880309
0.971369 0.010702 -0.237333 -0.519203 -0.013024 0.999881 -0.008217 -0.037830 0.237217 0.011073 0.971394 2.070105
0.963344 0.012440 -0.267982 -0.604893 -0.015124 0.999854 -0.007954 -0.037194 0.267844 0.011716 0.963391 2.260879
0.953883 0.014276 -0.299840 -0.695751 -0.017110 0.999830 -0.006830 -0.040658 0.299691 0.011646 0.953965 2.448441
0.942670 0.015773 -0.333354 -0.799622 -0.018835 0.999805 -0.005957 -0.037482 0.333195 0.011894 0.942783 2.635985
0.930178 0.018097 -0.366662 -0.910531 -0.021553 0.999753 -0.005334 -0.043839 0.366475 0.012864 0.930339 2.821133
0.916546 0.020621 -0.399398 -1.049098 -0.024525 0.999688 -0.004669 -0.043202 0.399177 0.014074 0.916766 3.026388
0.900502 0.020284 -0.434378 -1.180035 -0.024671 0.999686 -0.004464 -0.036261 0.434151 0.014736 0.900720 3.222924
0.882257 0.015093 -0.470527 -1.323978 -0.020160 0.999780 -0.005732 -0.027758 0.470337 0.014543 0.882367 3.427115
0.861042 0.010201 -0.508431 -1.465348 -0.015475 0.999861 -0.006147 -0.031931 0.508298 0.013160 0.861081 3.612115
0.836100 0.011759 -0.548450 -1.624945 -0.015963 0.999868 -0.002898 -0.040228 0.548344 0.011178 0.836178 3.786405
0.807083 0.017264 -0.590186 -1.811359 -0.020874 0.999782 0.000700 -0.043922 0.590069 0.011754 0.807267 3.960381
0.774471 0.020007 -0.632293 -2.006480 -0.023893 0.999712 0.002367 -0.047272 0.632158 0.013274 0.774726 4.127898
0.738362 0.018943 -0.674139 -2.222323 -0.023342 0.999724 0.002526 -0.043018 0.674001 0.013870 0.738600 4.303214
0.698243 0.014489 -0.715715 -2.445933 -0.017423 0.999843 0.003244 -0.040817 0.715649 0.010205 0.698385 4.476686
0.654994 0.011120 -0.755552 -2.680421 -0.012432 0.999915 0.003939 -0.043093 0.755532 0.006813 0.655077 4.639613
0.609395 0.010623 -0.792795 -2.939290 -0.010181 0.999933 0.005573 -0.040306 0.792801 0.004675 0.609462 4.797564
0.560290 0.011373 -0.828219 -3.211698 -0.007458 0.999934 0.008686 -0.043704 0.828263 0.001310 0.560338 4.945599
0.508717 0.011866 -0.860852 -3.499644 -0.006356 0.999930 0.010027 -0.036006 0.860910 0.000371 0.508757 5.069410
0.455081 0.012977 -0.890355 -3.801037 -0.005923 0.999916 0.011546 -0.027258 0.890430 0.000019 0.455120 5.183798
0.400012 0.015060 -0.916386 -4.148390 -0.004774 0.999886 0.014348 -0.022234 0.916497 -0.001365 0.400038 5.289347
0.344040 0.017375 -0.938794 -4.514171 -0.004706 0.999848 0.016780 -0.021315 0.938943 -0.001355 0.344070 5.384810
0.288578 0.020319 -0.957241 -4.903814 -0.002899 0.999789 0.020349 -0.015851 0.957452 -0.003097 0.288576 5.462905
0.234831 0.021876 -0.971790 -5.323771 0.001162 0.999740 0.022786 -0.009815 0.972035 -0.006480 0.234745 5.526153
0.183531 0.022642 -0.982753 -5.760025 0.004170 0.999708 0.023812 -0.010521 0.983005 -0.008468 0.183383 5.578844
0.135850 0.023521 -0.990450 -6.239090 0.002330 0.999708 0.024060 -0.001274 0.990727 -0.005576 0.135755 5.611614
0.093363 0.023781 -0.995348 -6.752678 0.000596 0.999713 0.023942 0.013288 0.995632 -0.002829 0.093323 5.627335
0.055245 0.022285 -0.998224 -7.253329 -0.000191 0.999751 0.022309 0.022685 0.998473 -0.001041 0.055235 5.631373
0.020675 0.019362 -0.999599 -7.781526 0.001109 0.999811 0.019389 0.037713 0.999786 -0.001510 0.020650 5.623087
-0.010559 0.016629 -0.999806 -8.315436 0.001384 0.999861 0.016616 0.043590 0.999943 -0.001208 -0.010580 5.597571
-0.036873 0.014580 -0.999214 -8.868047 0.000781 0.999894 0.014561 0.052743 0.999320 -0.000243 -0.036881 5.556492
-0.057695 0.012570 -0.998255 -9.429859 0.000919 0.999921 0.012538 0.056529 0.998334 -0.000194 -0.057702 5.511970
-0.074316 0.011624 -0.997167 -10.003041 0.001315 0.999932 0.011558 0.067347 0.997234 -0.000453 -0.074326 5.471931
-0.087607 0.012171 -0.996081 -10.590243 0.002956 0.999924 0.011958 0.073191 0.996151 -0.001897 -0.087637 5.429012
-0.097349 0.013050 -0.995165 -11.197632 0.001659 0.999915 0.012950 0.077355 0.995249 -0.000391 -0.097362 5.371431
-0.104189 0.014354 -0.994454 -11.787358 0.000010 0.999896 0.014431 0.076944 0.994557 0.001494 -0.104178 5.311165
-0.108661 0.015452 -0.993959 -12.379828 -0.000105 0.999879 0.015555 0.079548 0.994079 0.001794 -0.108646 5.247646
-0.110419 0.015965 -0.993757 -12.996106 0.002422 0.999872 0.015794 0.091441 0.993882 -0.000663 -0.110443 5.190142
-0.109391 0.018077 -0.993834 -13.626236 0.004802 0.999833 0.017657 0.099898 0.993987 -0.002841 -0.109459 5.123914
-0.108030 0.020244 -0.993941 -14.287374 0.004756 0.999792 0.019846 0.109593 0.994136 -0.002583 -0.108104 5.055465
-0.106211 0.020127 -0.994140 -14.959842 0.002560 0.999797 0.019968 0.115229 0.994340 -0.000424 -0.106241 4.974458
-0.104553 0.017508 -0.994365 -15.644758 0.001143 0.999846 0.017485 0.123639 0.994519 0.000692 -0.104557 4.896850
-0.103491 0.017229 -0.994481 -16.334734 0.000237 0.999850 0.017297 0.132389 0.994630 0.001554 -0.103479 4.831601
-0.101746 0.019937 -0.994611 -17.039043 0.001060 0.999801 0.019932 0.142369 0.994810 0.000974 -0.101747 4.766203
-0.100050 0.023293 -0.994710 -17.768013 0.000806 0.999727 0.023329 0.155359 0.994982 0.001533 -0.100041 4.697813
-0.098095 0.025491 -0.994851 -18.522087 0.000203 0.999672 0.025594 0.158549 0.995177 0.002308 -0.098068 4.619759
-0.096432 0.024619 -0.995035 -19.285643 -0.000776 0.999692 0.024809 0.172994 0.995339 0.003165 -0.096383 4.547279
-0.094897 0.021545 -0.995254 -20.055487 -0.003217 0.999754 0.021949 0.183103 0.995482 0.005284 -0.094804 4.484405
-0.093386 0.021025 -0.995408 -20.832232 -0.004328 0.999759 0.021523 0.190851 0.995621 0.006318 -0.093272 4.417468
-0.091927 0.023299 -0.995493 -21.612381 -0.000346 0.999725 0.023430 0.202810 0.995766 0.002498 -0.091894 4.356030
-0.091112 0.025781 -0.995507 -22.401285 0.001781 0.999667 0.025725 0.204704 0.995839 0.000571 -0.091128 4.306039
-0.089739 0.027291 -0.995591 -23.205971 0.002996 0.999627 0.027132 0.213977 0.995961 -0.000548 -0.089788 4.240781
-0.089336 0.023136 -0.995733 -24.005461 0.003972 0.999730 0.022873 0.212672 0.995994 -0.001912 -0.089404 4.183472
-0.089466 0.016155 -0.995859 -24.810253 0.005751 0.999860 0.015704 0.214463 0.995973 -0.004322 -0.089546 4.130748
-0.089712 0.011596 -0.995900 -25.619606 0.008772 0.999903 0.010852 0.217432 0.995929 -0.007763 -0.089805 4.078041
-0.090554 0.012563 -0.995812 -26.407921 0.010067 0.999881 0.011699 0.216444 0.995841 -0.008966 -0.090670 4.021801
-0.090737 0.020046 -0.995673 -27.240360 0.009961 0.999766 0.019221 0.213328 0.995825 -0.008174 -0.090916 3.955321
-0.090894 0.027283 -0.995487 -28.106590 0.008326 0.999611 0.026636 0.216647 0.995826 -0.005868 -0.091086 3.872930
-0.091131 0.032724 -0.995301 -28.961716 0.006250 0.999459 0.032289 0.222912 0.995819 -0.003278 -0.091286 3.789351
-0.091576 0.032960 -0.995252 -29.809629 0.004290 0.999456 0.032704 0.230802 0.995789 -0.001275 -0.091668 3.711844
-0.092027 0.029578 -0.995317 -30.656437 0.004319 0.999561 0.029305 0.238398 0.995747 -0.001601 -0.092115 3.637383
-0.092124 0.026925 -0.995384 -31.516325 0.004029 0.999636 0.026667 0.248349 0.995739 -0.001554 -0.092199 3.550634
-0.092256 0.028298 -0.995333 -32.385113 0.002572 0.999600 0.028181 0.257337 0.995732 0.000040 -0.092292 3.467999
-0.092077 0.030394 -0.995288 -33.237999 0.002023 0.999538 0.030336 0.272209 0.995750 0.000780 -0.092096 3.389330
-0.091924 0.028985 -0.995344 -34.076519 0.001472 0.999579 0.028973 0.273654 0.995765 0.001198 -0.091928 3.318741
-0.091843 0.023585 -0.995494 -34.907776 0.000644 0.999721 0.023625 0.284549 0.995773 0.001529 -0.091832 3.251296
-0.092176 0.019882 -0.995544 -35.737469 -0.000571 0.999799 0.020020 0.284265 0.995743 0.002414 -0.092146 3.192946
-0.092170 0.020777 -0.995526 -36.571720 -0.000281 0.999782 0.020892 0.282703 0.995743 0.002206 -0.092144 3.136443
-0.091890 0.022916 -0.995505 -37.408550 0.000615 0.999736 0.022956 0.289577 0.995769 0.001497 -0.091880 3.072572
-0.091250 0.027715 -0.995442 -38.249695 0.000911 0.999615 0.027748 0.298831 0.995828 0.001625 -0.091240 2.991939
-0.090920 0.033309 -0.995301 -39.078560 0.001954 0.999444 0.033269 0.312012 0.995856 0.001080 -0.090935 2.925097
-0.091631 0.036764 -0.995114 -39.906204 0.002116 0.999323 0.036725 0.318576 0.995791 0.001260 -0.091646 2.867547
-0.091098 0.036544 -0.995171 -40.740959 0.002840 0.999332 0.036437 0.334629 0.995838 0.000493 -0.091141 2.790966
-0.091768 0.032043 -0.995265 -41.563889 0.002785 0.999487 0.031922 0.347002 0.995777 0.000158 -0.091810 2.736511
-0.091583 0.027731 -0.995411 -42.405788 0.002068 0.999615 0.027658 0.358545 0.995795 0.000474 -0.091605 2.659541
-0.092019 0.025100 -0.995441 -43.235764 -0.001562 0.999677 0.025351 0.363934 0.995756 0.003888 -0.091950 2.591184
-0.092679 0.023204 -0.995426 -44.067608 -0.005003 0.999705 0.023769 0.370860 0.995683 0.007183 -0.092535 2.510019
-0.093316 0.021299 -0.995409 -44.912613 -0.002467 0.999763 0.021623 0.373626 0.995633 0.004473 -0.093242 2.430530
-0.094362 0.017918 -0.995377 -45.745502 0.000763 0.999839 0.017926 0.371401 0.995538 0.000932 -0.094361 2.355404
-0.095336 0.016254 -0.995312 -46.588036 0.004856 0.999862 0.015864 0.379419 0.995433 -0.003321 -0.095402 2.284581
-0.097182 0.019838 -0.995069 -47.425205 0.005243 0.999798 0.019421 0.379648 0.995253 -0.003329 -0.097266 2.201394
-0.099171 0.026101 -0.994728 -48.275562 0.007277 0.999648 0.025505 0.382459 0.995044 -0.004710 -0.099326 2.122597
-0.101187 0.029805 -0.994421 -49.104362 0.009693 0.999533 0.028971 0.386465 0.994820 -0.006708 -0.101429 2.045779
-0.102751 0.029191 -0.994279 -49.930771 0.008855 0.999557 0.028431 0.388335 0.994668 -0.005883 -0.102964 1.958306
-0.103709 0.024980 -0.994294 -50.757778 0.005357 0.999684 0.024557 0.395463 0.994593 -0.002780 -0.103810 1.856457
-0.104873 0.020998 -0.994264 -51.568455 0.001138 0.999779 0.020994 0.404246 0.994485 0.001071 -0.104873 1.756785
-0.106325 0.019106 -0.994148 -52.388241 -0.002811 0.999806 0.019516 0.411916 0.994327 0.004870 -0.106250 1.657564
-0.107294 0.019944 -0.994027 -53.201775 -0.004066 0.999782 0.020498 0.416899 0.994219 0.006241 -0.107189 1.563502
-0.108061 0.021335 -0.993915 -54.013710 -0.004154 0.999751 0.021912 0.419992 0.994136 0.006497 -0.107945 1.471233
-0.108918 0.020739 -0.993834 -54.808765 -0.006379 0.999747 0.021561 0.424979 0.994030 0.008688 -0.108758 1.381116
-0.109635 0.020694 -0.993756 -55.601299 -0.006867 0.999744 0.021577 0.423886 0.993948 0.009190 -0.109465 1.290738
-0.110238 0.022684 -0.993646 -56.384274 -0.004704 0.999716 0.023345 0.423787 0.993894 0.007247 -0.110100 1.210310
-0.110693 0.025768 -0.993521 -57.155499 -0.003542 0.999647 0.026321 0.422911 0.993848 0.006432 -0.110563 1.133330
-0.110699 0.029914 -0.993404 -57.926323 -0.003971 0.999526 0.030541 0.425859 0.993846 0.007326 -0.110528 1.040361
-0.111497 0.032013 -0.993249 -58.698204 -0.003217 0.999464 0.032574 0.432152 0.993760 0.006827 -0.111334 0.957724
-0.112461 0.032010 -0.993140 -59.448799 -0.003377 0.999463 0.032596 0.434917 0.993650 0.007020 -0.112292 0.888305
-0.112616 0.029961 -0.993187 -60.203934 -0.002801 0.999532 0.030470 0.444236 0.993635 0.006213 -0.112480 0.800759
-0.112986 0.026528 -0.993242 -60.955429 -0.002213 0.999634 0.026950 0.447355 0.993594 0.005243 -0.112886 0.723692
-0.112828 0.023724 -0.993331 -61.685135 -0.002108 0.999707 0.024116 0.447644 0.993612 0.004815 -0.112745 0.643570
-0.111729 0.021636 -0.993503 -62.413036 -0.002595 0.999753 0.022064 0.447649 0.993735 0.005044 -0.111646 0.565797
-0.109726 0.020743 -0.993745 -63.101242 -0.005226 0.999756 0.021446 0.447053 0.993948 0.007547 -0.109591 0.500619
-0.106013 0.021943 -0.994123 -63.761570 -0.005301 0.999730 0.022632 0.442537 0.994351 0.007669 -0.105868 0.446867
-0.099891 0.023151 -0.994729 -64.433456 -0.004452 0.999709 0.023714 0.449195 0.994988 0.006797 -0.099759 0.378944
-0.093049 0.024701 -0.995355 -65.072746 -0.003406 0.999678 0.025126 0.448261 0.995656 0.005728 -0.092935 0.339346
-0.084398 0.026164 -0.996089 -65.717873 -0.004578 0.999634 0.026645 0.444941 0.996422 0.006808 -0.084247 0.292116
-0.072422 0.027735 -0.996988 -66.331078 -0.006388 0.999580 0.028271 0.445956 0.997354 0.008416 -0.072214 0.246982
-0.058175 0.029685 -0.997865 -66.937538 -0.009237 0.999499 0.030272 0.442485 0.998264 0.010979 -0.057872 0.228287
-0.039942 0.030906 -0.998724 -67.533234 -0.010325 0.999455 0.031342 0.446774 0.999149 0.011564 -0.039601 0.219151
-0.018654 0.031572 -0.999327 -68.101044 -0.011342 0.999430 0.031787 0.451579 0.999762 0.011928 -0.018285 0.240878
0.006412 0.032074 -0.999465 -68.663979 -0.010844 0.999429 0.032003 0.452046 0.999921 0.010633 0.006757 0.273048
0.035448 0.031829 -0.998865 -69.196159 -0.009173 0.999461 0.031522 0.453006 0.999329 0.008045 0.035721 0.321347
0.069370 0.031969 -0.997079 -69.698479 -0.007721 0.999474 0.031509 0.456788 0.997561 0.005512 0.069580 0.387720
0.106624 0.032186 -0.993778 -70.185204 -0.007286 0.999474 0.031589 0.464785 0.994273 0.003872 0.106803 0.476301
0.147572 0.031448 -0.988551 -70.649246 -0.007149 0.999502 0.030729 0.474892 0.989026 0.002532 0.147723 0.571186
0.192517 0.032282 -0.980763 -71.106133 -0.006338 0.999479 0.031654 0.484969 0.981273 0.000122 0.192621 0.698957
0.241442 0.030694 -0.969930 -71.548065 -0.003097 0.999519 0.030859 0.491452 0.970410 -0.004447 0.241421 0.836147
0.292306 0.025940 -0.955973 -71.975929 0.004694 0.999581 0.028558 0.492439 0.956313 -0.012836 0.292062 1.001871
0.344709 0.020164 -0.938493 -72.380859 0.009922 0.999635 0.025122 0.502348 0.938657 -0.017971 0.344383 1.180184
0.398123 0.015218 -0.917206 -72.783966 0.014803 0.999626 0.023011 0.513413 0.917213 -0.022739 0.397748 1.384341
0.450521 0.013914 -0.892657 -73.174950 0.014322 0.999637 0.022809 0.534410 0.892651 -0.023060 0.450159 1.603347
0.498473 0.013788 -0.866795 -73.538872 0.015610 0.999569 0.024878 0.527767 0.866764 -0.025931 0.498043 1.862854
0.544013 0.009533 -0.839023 -73.887642 0.023321 0.999377 0.026476 0.533789 0.838753 -0.033969 0.543452 2.141296
0.589099 0.002969 -0.808056 -74.231087 0.033987 0.999017 0.028448 0.538104 0.807346 -0.044222 0.588419 2.439293
0.632294 -0.002848 -0.774724 -74.552208 0.035873 0.999028 0.025605 0.548737 0.773898 -0.043981 0.631782 2.746861
0.673574 -0.007229 -0.739085 -74.846329 0.032482 0.999276 0.019829 0.549065 0.738406 -0.037364 0.673321 3.073823
0.714096 -0.014269 -0.699903 -75.121132 0.028952 0.999539 0.009162 0.556368 0.699449 -0.026806 0.714179 3.418277
0.754213 -0.016927 -0.656411 -75.417557 0.024270 0.999703 0.002107 0.557377 0.656181 -0.017520 0.754400 3.794747
0.791696 -0.017998 -0.610650 -75.676476 0.022689 0.999743 -0.000050 0.558050 0.610494 -0.013815 0.791900 4.199518
0.826388 -0.019126 -0.562776 -75.927452 0.022436 0.999748 -0.001030 0.558071 0.562654 -0.011775 0.826609 4.634577
0.857452 -0.018582 -0.514229 -76.148926 0.020030 0.999796 -0.002728 0.558593 0.514175 -0.007961 0.857649 5.083045
0.883991 -0.017956 -0.467158 -76.361496 0.019918 0.999801 -0.000739 0.553107 0.467079 -0.008652 0.884173 5.568826
0.905796 -0.011407 -0.423561 -76.562134 0.013076 0.999914 0.001036 0.544369 0.423513 -0.006477 0.905867 6.082550
0.924141 -0.006697 -0.381992 -76.771080 0.007294 0.999973 0.000117 0.540184 0.381981 -0.002894 0.924166 6.602080
0.938574 -0.001160 -0.345075 -76.995804 0.001941 0.999996 0.001919 0.540917 0.345071 -0.002471 0.938573 7.186113
0.949216 -0.000972 -0.314622 -77.205910 0.002460 0.999988 0.004332 0.535722 0.314614 -0.004886 0.949207 7.811810
0.956918 -0.001471 -0.290354 -77.372948 0.003335 0.999977 0.005923 0.532801 0.290338 -0.006636 0.956901 8.422533
0.963145 -0.001725 -0.268978 -77.549568 0.004034 0.999960 0.008032 0.535140 0.268954 -0.008821 0.963113 9.053139
0.968192 0.001902 -0.250202 -77.725075 0.000840 0.999941 0.010851 0.532113 0.250207 -0.010716 0.968133 9.694011
0.972083 0.007332 -0.234523 -77.899223 -0.004517 0.999911 0.012538 0.532951 0.234595 -0.011128 0.972030 10.353237
0.975356 0.010857 -0.220369 -78.077065 -0.007995 0.999872 0.013873 0.536271 0.220492 -0.011769 0.975318 11.031128
0.978449 0.009252 -0.206281 -78.246262 -0.006596 0.999886 0.013557 0.542379 0.206383 -0.011904 0.978399 11.729897
0.981164 0.009159 -0.192960 -78.365868 -0.006684 0.999887 0.013473 0.542300 0.193062 -0.011930 0.981114 12.413173
0.983969 0.009554 -0.178086 -78.504913 -0.007143 0.999874 0.014177 0.548903 0.178199 -0.012678 0.983913 13.135006
0.986486 0.011558 -0.163440 -78.641304 -0.009256 0.999847 0.014841 0.550288 0.163586 -0.013127 0.986442 13.873174
0.988561 0.011893 -0.150350 -78.761337 -0.010231 0.999878 0.011826 0.553245 0.150473 -0.010153 0.988562 14.614325
0.990225 0.012686 -0.138904 -78.881958 -0.011855 0.999907 0.006813 0.547269 0.138978 -0.005100 0.990282 15.378137
0.991574 0.009958 -0.129158 -78.988441 -0.010000 0.999950 0.000329 0.557311 0.129154 0.000965 0.991624 16.149643
0.992662 0.010071 -0.120499 -79.094704 -0.010132 0.999949 0.000109 0.557564 0.120494 0.001112 0.992713 16.929409
0.993456 0.012025 -0.113577 -79.195503 -0.011374 0.999915 0.006376 0.550801 0.113644 -0.005042 0.993509 17.730669
0.994031 0.016972 -0.107771 -79.307678 -0.015483 0.999773 0.014645 0.541183 0.107995 -0.012889 0.994068 18.535002
0.994482 0.017443 -0.103451 -79.399887 -0.015643 0.999712 0.018184 0.541029 0.103739 -0.016465 0.994468 19.332493
0.994868 0.015633 -0.099970 -79.485664 -0.013989 0.999756 0.017117 0.543947 0.100214 -0.015630 0.994843 20.124546
0.995210 0.014628 -0.096665 -79.570702 -0.013165 0.999789 0.015764 0.552066 0.096875 -0.014416 0.995192 20.913757
0.995495 0.013592 -0.093832 -79.644264 -0.011934 0.999763 0.018209 0.548594 0.094057 -0.017007 0.995422 21.697720
0.995761 0.012039 -0.091183 -79.724174 -0.010160 0.999727 0.021036 0.544422 0.091412 -0.020020 0.995612 22.497314
0.996083 0.009859 -0.087875 -79.796043 -0.007905 0.999714 0.022555 0.546047 0.088073 -0.021772 0.995876 23.284317
0.996332 0.009250 -0.085076 -79.862869 -0.007643 0.999786 0.019199 0.541787 0.085236 -0.018478 0.996189 24.057159
0.996468 0.011719 -0.083153 -79.938393 -0.010771 0.999872 0.011832 0.543506 0.083281 -0.010895 0.996467 24.845057
0.996630 0.011896 -0.081157 -80.012566 -0.011575 0.999923 0.004425 0.538748 0.081204 -0.003471 0.996691 25.626913
0.996757 0.012157 -0.079547 -80.083237 -0.012193 0.999926 0.000036 0.536839 0.079541 0.000934 0.996831 26.425962
0.996898 0.013593 -0.077519 -80.140007 -0.013517 0.999907 0.001509 0.532293 0.077532 -0.000457 0.996990 27.218447
0.997074 0.016854 -0.074561 -80.210312 -0.016476 0.999848 0.005690 0.517076 0.074646 -0.004445 0.997200 28.008339
0.997150 0.020656 -0.072562 -80.272179 -0.019932 0.999744 0.010691 0.508749 0.072764 -0.009214 0.997307 28.799147
0.997445 0.017760 -0.069194 -80.339096 -0.016934 0.999778 0.012519 0.505266 0.069401 -0.011316 0.997525 29.592041
0.997564 0.015144 -0.068099 -80.389122 -0.014322 0.999819 0.012533 0.497857 0.068277 -0.011527 0.997600 30.400150
0.997666 0.013345 -0.066968 -80.441437 -0.012534 0.999843 0.012515 0.493101 0.067124 -0.011646 0.997677 31.188488
0.997751 0.013296 -0.065699 -80.498428 -0.012624 0.999864 0.010626 0.493522 0.065832 -0.009773 0.997783 31.985924
0.997810 0.011693 -0.065100 -80.539352 -0.011133 0.999898 0.008958 0.495479 0.065198 -0.008214 0.997839 32.763412
0.997878 0.010522 -0.064256 -80.588425 -0.009954 0.999909 0.009152 0.488889 0.064347 -0.008493 0.997891 33.543915
0.997888 0.014204 -0.063389 -80.649109 -0.013586 0.999856 0.010167 0.484029 0.063524 -0.009284 0.997937 34.348133
0.997936 0.014382 -0.062582 -80.720734 -0.013816 0.999860 0.009470 0.475465 0.062709 -0.008586 0.997995 35.169945
0.997853 0.015557 -0.063613 -80.793526 -0.015007 0.999846 0.009113 0.469646 0.063745 -0.008139 0.997933 35.983509
0.997801 0.013527 -0.064890 -80.875031 -0.012960 0.999874 0.009144 0.475976 0.065006 -0.008283 0.997851 36.830517
0.997616 0.015908 -0.067145 -80.954987 -0.015347 0.999843 0.008864 0.476117 0.067275 -0.007812 0.997704 37.657677
0.997388 0.018778 -0.069750 -81.030968 -0.018208 0.999796 0.008790 0.468499 0.069901 -0.007497 0.997526 38.474606
0.997263 0.018506 -0.071575 -81.122536 -0.018274 0.999825 0.003898 0.466394 0.071635 -0.002579 0.997428 39.316200
0.997103 0.019002 -0.073656 -81.208786 -0.019037 0.999819 0.000218 0.465409 0.073647 0.001185 0.997284 40.166176
0.997002 0.017734 -0.075313 -81.286903 -0.017906 0.999838 -0.001600 0.464146 0.075273 0.002943 0.997159 41.029900
0.996876 0.016645 -0.077207 -81.363098 -0.016709 0.999860 -0.000192 0.459873 0.077193 0.001481 0.997015 41.890167
0.996709 0.016098 -0.079444 -81.432396 -0.016098 0.999870 0.000644 0.443543 0.079444 0.000637 0.996839 42.742081
0.996631 0.015013 -0.080628 -81.509430 -0.014848 0.999886 0.002642 0.435030 0.080658 -0.001436 0.996741 43.593071
0.996571 0.014124 -0.081528 -81.581573 -0.013646 0.999886 0.006420 0.429410 0.081609 -0.005285 0.996650 44.452347
0.996531 0.013504 -0.082117 -81.653618 -0.012641 0.999859 0.011014 0.426772 0.082254 -0.009937 0.996562 45.307899
0.996594 0.013128 -0.081419 -81.726158 -0.012069 0.999836 0.013489 0.418768 0.081582 -0.012461 0.996589 46.186089
0.996751 0.016361 -0.078868 -81.807922 -0.015347 0.999792 0.013448 0.417545 0.079071 -0.012194 0.996794 47.059696
0.996929 0.016356 -0.076584 -81.875465 -0.015478 0.999808 0.012040 0.417117 0.076766 -0.010818 0.996991 47.928505
0.997117 0.013716 -0.074629 -81.936020 -0.012992 0.999864 0.010182 0.408176 0.074759 -0.009183 0.997159 48.805565
0.997299 0.010096 -0.072757 -81.990440 -0.009460 0.999914 0.009087 0.392409 0.072842 -0.008375 0.997308 49.689072
0.997495 0.009091 -0.070155 -82.061768 -0.008512 0.999927 0.008557 0.392660 0.070227 -0.007939 0.997499 50.581161
0.997618 0.006334 -0.068691 -82.132217 -0.005564 0.999919 0.011408 0.383148 0.068758 -0.010998 0.997573 51.471897
0.997777 0.005020 -0.066456 -82.207108 -0.004139 0.999902 0.013383 0.385009 0.066517 -0.013078 0.997700 52.328526
0.997823 0.004424 -0.065795 -82.257240 -0.003555 0.999905 0.013325 0.386497 0.065848 -0.013062 0.997744 53.233543
0.997902 0.005818 -0.064478 -82.319664 -0.005183 0.999936 0.010013 0.382660 0.064533 -0.009658 0.997869 54.132236
0.997928 0.007967 -0.063847 -82.379349 -0.007718 0.999962 0.004146 0.373726 0.063877 -0.003645 0.997951 55.033520
0.998003 0.010737 -0.062246 -82.447319 -0.010804 0.999941 -0.000742 0.350033 0.062235 0.001413 0.998061 55.921204
0.997987 0.015621 -0.061466 -82.502838 -0.016064 0.999848 -0.006731 0.336602 0.061351 0.007705 0.998087 56.791130
0.998088 0.015637 -0.059791 -82.570900 -0.016105 0.999843 -0.007355 0.315601 0.059666 0.008304 0.998184 57.670231
0.998141 0.012528 -0.059649 -82.617462 -0.012626 0.999919 -0.001268 0.299954 0.059628 0.002019 0.998219 58.546917
0.998145 0.011508 -0.059790 -82.678207 -0.011061 0.999908 0.007795 0.283648 0.059874 -0.007119 0.998181 59.431934
0.998103 0.010631 -0.060639 -82.738823 -0.009699 0.999830 0.015658 0.271274 0.060795 -0.015040 0.998037 60.307159
0.998010 0.008393 -0.062502 -82.795921 -0.007574 0.999882 0.013332 0.267302 0.062607 -0.012832 0.997956 61.170513
0.997941 0.003303 -0.064052 -82.849319 -0.002687 0.999949 0.009703 0.261931 0.064081 -0.009511 0.997899 62.018345
0.997803 0.001607 -0.066230 -82.910622 -0.001060 0.999965 0.008285 0.254196 0.066241 -0.008196 0.997770 62.875816
0.997637 0.004170 -0.068584 -82.975922 -0.003769 0.999975 0.005980 0.240248 0.068607 -0.005707 0.997627 63.720039
0.997399 0.005300 -0.071882 -83.040306 -0.005116 0.999983 0.002748 0.227832 0.071895 -0.002374 0.997409 64.560776
0.997085 0.005510 -0.076103 -83.098656 -0.005591 0.999984 -0.000848 0.218751 0.076097 0.001271 0.997100 65.399277
0.996891 0.007402 -0.078450 -83.177513 -0.007787 0.999959 -0.004605 0.200483 0.078413 0.005202 0.996907 66.228363
0.996588 0.011933 -0.081675 -83.244194 -0.012343 0.999914 -0.004528 0.180651 0.081614 0.005520 0.996649 67.048317
0.996286 0.014969 -0.084792 -83.327438 -0.015258 0.999880 -0.002758 0.165844 0.084741 0.004041 0.996395 67.871094
0.995922 0.017416 -0.088522 -83.399330 -0.017229 0.999847 0.002879 0.155670 0.088559 -0.001342 0.996070 68.696289
0.995530 0.018020 -0.092710 -83.472099 -0.017305 0.999814 0.008508 0.141770 0.092846 -0.006866 0.995657 69.517288
0.995044 0.017404 -0.097901 -83.539803 -0.016332 0.999798 0.011741 0.138947 0.098085 -0.010084 0.995127 70.323822
0.994369 0.017208 -0.104566 -83.616646 -0.015999 0.999795 0.012389 0.137153 0.104757 -0.010646 0.994441 71.138138
0.993761 0.015369 -0.110468 -83.691963 -0.013645 0.999773 0.016339 0.128025 0.110694 -0.014729 0.993745 71.935349
0.993003 0.015909 -0.117015 -83.771111 -0.014180 0.999778 0.015595 0.125688 0.117237 -0.013827 0.993008 72.719902
0.992278 0.020297 -0.122359 -83.874374 -0.018601 0.999715 0.014987 0.118871 0.122628 -0.012595 0.992373 73.504173
0.991513 0.021917 -0.128146 -83.988495 -0.020635 0.999723 0.011322 0.114473 0.128358 -0.008582 0.991691 74.294312
0.990753 0.020170 -0.134170 -84.100731 -0.019204 0.999780 0.008488 0.109425 0.134311 -0.005833 0.990922 75.086945
0.990048 0.021963 -0.139004 -84.225159 -0.021183 0.999750 0.007084 0.104239 0.139125 -0.004069 0.990267 75.880966
0.989338 0.023772 -0.143681 -84.347725 -0.022312 0.999682 0.011767 0.106256 0.143915 -0.008435 0.989554 76.679832
0.988424 0.023851 -0.149827 -84.465652 -0.021677 0.999635 0.016128 0.101227 0.150157 -0.012694 0.988581 77.462494
0.987507 0.023569 -0.155801 -84.602371 -0.021044 0.999619 0.017840 0.100222 0.156162 -0.014339 0.987627 78.259277
0.986528 0.021009 -0.162236 -84.747345 -0.019005 0.999723 0.013892 0.100727 0.162483 -0.010622 0.986654 79.041809
0.985180 0.019236 -0.170443 -84.895409 -0.018400 0.999810 0.006484 0.102448 0.170536 -0.003251 0.985346 79.819061
0.983675 0.016964 -0.179153 -85.060997 -0.016413 0.999855 0.004556 0.100505 0.179204 -0.001541 0.983811 80.610817
0.981735 0.016606 -0.189529 -85.244644 -0.015638 0.999856 0.006604 0.105575 0.189611 -0.003520 0.981853 81.427467
0.979528 0.016898 -0.200599 -85.423294 -0.014637 0.999812 0.012750 0.107286 0.200777 -0.009553 0.979590 82.249863
0.976972 0.019190 -0.212502 -85.590240 -0.015194 0.999676 0.020421 0.107299 0.212825 -0.016722 0.976947 83.043236
0.974416 0.019856 -0.223872 -85.770309 -0.014929 0.999608 0.023677 0.108850 0.224254 -0.019729 0.974331 83.835503
0.971742 0.023428 -0.234881 -85.968452 -0.019519 0.999630 0.018953 0.109749 0.235238 -0.013832 0.971839 84.607330
0.968960 0.024460 -0.246004 -86.184418 -0.022933 0.999696 0.009069 0.120691 0.246151 -0.003146 0.969226 85.352554
0.965970 0.021662 -0.257744 -86.412735 -0.021322 0.999764 0.004114 0.122066 0.257773 0.001522 0.966204 86.114944
0.962731 0.020214 -0.269706 -86.620575 -0.018521 0.999790 0.008822 0.125368 0.269828 -0.003498 0.962902 86.855598
0.959455 0.021308 -0.281056 -86.842697 -0.017432 0.999715 0.016285 0.116658 0.281323 -0.010725 0.959553 87.600800
0.956003 0.021610 -0.292559 -87.085442 -0.015851 0.999631 0.022043 0.108667 0.292928 -0.016435 0.955993 88.346756
0.952157 0.018757 -0.305034 -87.324615 -0.013441 0.999719 0.019520 0.118521 0.305314 -0.014486 0.952141 89.083076
0.948562 0.016831 -0.316144 -87.567383 -0.012719 0.999806 0.015064 0.117143 0.316336 -0.010268 0.948592 89.801704
0.945796 0.012984 -0.324500 -87.822144 -0.010878 0.999906 0.008302 0.107435 0.324578 -0.004322 0.945849 90.515160
0.943250 0.008913 -0.331964 -88.074417 -0.008663 0.999960 0.002234 0.105564 0.331970 0.000769 0.943289 91.234978
0.940706 0.008666 -0.339111 -88.335114 -0.009052 0.999959 0.000443 0.095606 0.339101 0.002652 0.940746 91.952866
0.937950 0.013847 -0.346495 -88.613571 -0.014611 0.999893 0.000407 0.085209 0.346464 0.004681 0.938052 92.664711
0.935093 0.013688 -0.354138 -88.896408 -0.013617 0.999904 0.002691 0.073342 0.354141 0.002306 0.935189 93.387863
0.932026 0.013982 -0.362122 -89.170212 -0.011416 0.999892 0.009224 0.070951 0.362212 -0.004463 0.932085 94.107079
0.929506 0.015759 -0.368471 -89.462013 -0.010158 0.999802 0.017135 0.068382 0.368668 -0.012184 0.929481 94.832748
0.927079 0.025077 -0.374026 -89.771690 -0.017280 0.999558 0.024186 0.062947 0.374467 -0.015959 0.927103 95.552025
0.924779 0.031412 -0.379205 -90.092888 -0.025307 0.999458 0.021075 0.067586 0.379661 -0.009893 0.925073 96.262787
0.922711 0.027809 -0.384489 -90.396538 -0.024538 0.999609 0.013413 0.071261 0.384712 -0.002942 0.923032 96.970131
0.921085 0.019581 -0.388868 -90.706520 -0.018828 0.999806 0.005748 0.076803 0.388905 0.002028 0.921276 97.683372
0.919437 0.019930 -0.392731 -91.013931 -0.019416 0.999798 0.005282 0.075015 0.392757 0.002769 0.919638 98.397408
0.917490 0.025599 -0.396933 -91.331322 -0.023332 0.999672 0.010539 0.067997 0.397073 -0.000408 0.917787 99.106407
0.915253 0.027764 -0.401923 -91.657417 -0.023857 0.999607 0.014724 0.064597 0.402173 -0.003888 0.915555 99.825134
0.913115 0.023508 -0.407024 -91.967644 -0.020096 0.999718 0.012657 0.060970 0.407206 -0.003378 0.913330 100.535217
0.911162 0.020854 -0.411521 -92.290009 -0.020069 0.999779 0.006229 0.062293 0.411560 0.002584 0.911379 101.233261
0.909529 0.018544 -0.415227 -92.649727 -0.020586 0.999788 -0.000443 0.060037 0.415131 0.008951 0.909718 101.948418
0.907474 0.019133 -0.419671 -92.997887 -0.022069 0.999754 -0.002144 0.056981 0.419527 0.011207 0.907674 102.664406
0.905797 0.022044 -0.423138 -93.356834 -0.023271 0.999727 0.002268 0.044502 0.423072 0.007792 0.906062 103.385872
0.904050 0.023291 -0.426792 -93.718269 -0.023790 0.999708 0.004163 0.041006 0.426765 0.006389 0.904340 104.103035
0.902265 0.024295 -0.430497 -94.088417 -0.024660 0.999685 0.004731 0.033010 0.430476 0.006347 0.902579 104.815704
0.900639 0.022546 -0.433982 -94.462547 -0.023124 0.999725 0.003950 0.024134 0.433952 0.006478 0.900913 105.526215
0.898987 0.020640 -0.437488 -94.836746 -0.021499 0.999764 0.002988 0.020190 0.437447 0.006719 0.899219 106.239975
0.897402 0.020631 -0.440730 -95.218521 -0.021380 0.999766 0.003266 0.014626 0.440695 0.006491 0.897634 106.948639
0.895722 0.021683 -0.444085 -95.602325 -0.022353 0.999743 0.003726 0.007878 0.444052 0.006590 0.895977 107.648804
0.893987 0.022853 -0.447510 -95.991241 -0.023682 0.999713 0.003742 -0.004000 0.447467 0.007252 0.894271 108.357773
0.892289 0.020226 -0.451011 -96.390198 -0.022984 0.999736 -0.000637 -0.009902 0.450879 0.010935 0.892518 109.065834
0.891488 0.017874 -0.452692 -96.842178 -0.022736 0.999727 -0.005300 -0.021101 0.452474 0.015017 0.891651 109.773529
0.890205 0.016114 -0.455276 -97.234528 -0.022205 0.999721 -0.008035 -0.035172 0.455020 0.017262 0.890314 110.458679
0.889028 0.017885 -0.457504 -97.630180 -0.022291 0.999743 -0.004234 -0.047869 0.457310 0.013962 0.889198 111.141991
0.887580 0.021294 -0.460161 -98.002670 -0.021718 0.999755 0.004372 -0.056790 0.460141 0.006113 0.887825 111.823944
0.886905 0.022468 -0.461405 -98.385880 -0.018336 0.999742 0.013437 -0.061226 0.461587 -0.003457 0.887088 112.487434
0.886124 0.021638 -0.462943 -98.763283 -0.014948 0.999724 0.018114 -0.064807 0.463207 -0.009131 0.886203 113.148926
0.885073 0.017865 -0.465109 -99.118462 -0.011174 0.999791 0.017137 -0.060325 0.465317 -0.009970 0.885088 113.785240
0.883869 0.015805 -0.467468 -99.477699 -0.011014 0.999855 0.012980 -0.051031 0.467606 -0.006324 0.883915 114.417816
0.882314 0.013817 -0.470458 -99.796280 -0.010495 0.999898 0.009684 -0.046321 0.470544 -0.003607 0.882369 115.021896
0.881670 0.011592 -0.471725 -100.146515 -0.009050 0.999930 0.007657 -0.034940 0.471780 -0.002481 0.881713 115.617615
0.880706 0.009884 -0.473560 -100.465446 -0.007640 0.999949 0.006661 -0.027908 0.473602 -0.002249 0.880736 116.196938
0.879766 0.010092 -0.475300 -100.787598 -0.007531 0.999945 0.007292 -0.028306 0.475348 -0.002836 0.879793 116.756897
0.878889 0.009302 -0.476936 -101.092468 -0.006140 0.999948 0.008188 -0.025421 0.476987 -0.004268 0.878900 117.296768
0.877866 0.007385 -0.478849 -101.386299 -0.003889 0.999958 0.008292 -0.025279 0.478891 -0.005417 0.877858 117.814148
0.876922 0.005418 -0.480603 -101.664909 -0.001925 0.999968 0.007761 -0.018457 0.480630 -0.005881 0.876904 118.309975
0.875716 0.004363 -0.482807 -101.916275 -0.001425 0.999978 0.006452 -0.021375 0.482825 -0.004962 0.875703 118.772575
0.874803 0.004394 -0.484459 -102.170158 -0.003659 0.999990 0.002464 -0.023011 0.484465 -0.000383 0.874810 119.197655
0.873142 0.001429 -0.487464 -102.396660 -0.002764 0.999994 -0.002019 -0.024988 0.487458 0.003110 0.873141 119.611359
0.870691 -0.002435 -0.491825 -102.600845 0.000401 0.999991 -0.004240 -0.034326 0.491831 0.003494 0.870684 120.001305
0.868242 -0.006867 -0.496094 -102.813766 0.005406 0.999976 -0.004380 -0.035235 0.496112 0.001121 0.868258 120.379143
0.865080 -0.006107 -0.501596 -103.021454 0.005092 0.999981 -0.003393 -0.037991 0.501607 0.000381 0.865095 120.737839
0.861780 -0.002520 -0.507275 -103.234367 0.001906 0.999997 -0.001728 -0.044389 0.507278 0.000523 0.861782 121.075172
0.858477 0.003160 -0.512843 -103.433807 -0.002117 0.999994 0.002619 -0.051945 0.512848 -0.001163 0.858478 121.388130
0.854920 0.007924 -0.518699 -103.624893 -0.003666 0.999951 0.009233 -0.055097 0.518746 -0.005991 0.854907 121.689003
0.850600 0.009348 -0.525730 -103.809074 -0.002920 0.999911 0.013055 -0.059352 0.525805 -0.009570 0.850551 121.974838
0.845567 0.006039 -0.533834 -103.979271 0.001544 0.999904 0.013757 -0.058403 0.533866 -0.012457 0.845477 122.244911
0.839237 0.003666 -0.543753 -104.146614 0.004763 0.999889 0.014094 -0.055604 0.543745 -0.014418 0.839127 122.493698
0.830790 0.002014 -0.556582 -104.299065 0.007884 0.999851 0.015387 -0.062744 0.556530 -0.017172 0.830650 122.729637
0.821231 0.002363 -0.570591 -104.458954 0.008154 0.999841 0.015876 -0.064410 0.570538 -0.017690 0.821081 122.942680
0.810231 0.004028 -0.586097 -104.626282 0.005992 0.999867 0.015155 -0.065671 0.586080 -0.015790 0.810099 123.132965
0.797046 0.002545 -0.603913 -104.775352 0.006073 0.999907 0.012229 -0.069437 0.603887 -0.013415 0.796957 123.313934
0.783213 0.000224 -0.621754 -104.927437 0.005174 0.999963 0.006879 -0.073655 0.621732 -0.008605 0.783183 123.477654
0.768645 -0.002936 -0.639669 -105.067841 0.005123 0.999986 0.001566 -0.077849 0.639655 -0.004481 0.768649 123.633743
0.753966 -0.002455 -0.656909 -105.216454 0.000952 0.999996 -0.002643 -0.078114 0.656913 0.001367 0.753965 123.779434
0.738783 0.001704 -0.673941 -105.373375 -0.006643 0.999967 -0.004753 -0.080130 0.673911 0.007988 0.738770 123.916878
0.722035 0.003693 -0.691847 -105.533592 -0.009622 0.999943 -0.004704 -0.079806 0.691790 0.010054 0.722029 124.061142
0.703889 0.001975 -0.710307 -105.691772 -0.006689 0.999970 -0.003848 -0.077537 0.710279 0.007460 0.703881 124.207314
0.684017 0.000913 -0.729466 -105.848953 -0.003915 0.999989 -0.002419 -0.077394 0.729456 0.004510 0.684013 124.352043
0.662060 0.002150 -0.749448 -106.014748 -0.004197 0.999991 -0.000839 -0.071178 0.749439 0.003701 0.662063 124.485062
0.638687 0.007175 -0.769433 -106.193665 -0.008130 0.999964 0.002576 -0.075218 0.769423 0.004610 0.638722 124.604088
0.613920 0.010866 -0.789294 -106.364906 -0.010391 0.999930 0.005684 -0.071857 0.789300 0.004712 0.613990 124.723717
0.588467 0.013984 -0.808400 -106.543289 -0.012374 0.999889 0.008288 -0.074516 0.808426 0.005126 0.588575 124.835190
0.562448 0.017000 -0.826658 -106.724762 -0.015634 0.999829 0.009924 -0.074447 0.826685 0.007342 0.562617 124.940216
0.535936 0.021646 -0.843981 -106.913246 -0.020165 0.999714 0.012836 -0.076633 0.844018 0.010140 0.536219 125.032730
0.508861 0.024748 -0.860493 -107.102776 -0.022556 0.999627 0.015411 -0.080802 0.860553 0.011568 0.509229 125.112144
0.480141 0.024151 -0.876859 -107.300934 -0.021859 0.999640 0.015564 -0.082791 0.876919 0.011694 0.480496 125.188141
0.448871 0.021389 -0.893341 -107.509247 -0.022233 0.999671 0.012763 -0.086538 0.893320 0.014133 0.449199 125.257698
0.415589 0.017159 -0.909390 -107.736130 -0.022265 0.999714 0.008689 -0.084626 0.909280 0.016637 0.415853 125.322517
0.377814 0.014860 -0.925762 -107.985405 -0.022373 0.999726 0.006917 -0.080900 0.925611 0.018099 0.378043 125.384628
0.337843 0.013479 -0.941106 -108.252167 -0.022618 0.999725 0.006199 -0.072899 0.940931 0.019192 0.338055 125.439545
0.295304 0.010952 -0.955341 -108.538734 -0.022542 0.999736 0.004493 -0.061948 0.955137 0.020209 0.295473 125.489998
0.248951 0.008147 -0.968482 -108.843063 -0.022313 0.999747 0.002674 -0.054270 0.968259 0.020944 0.249069 125.530685
0.200083 0.005596 -0.979763 -109.155113 -0.022446 0.999747 0.001126 -0.045475 0.979522 0.021767 0.200158 125.561554
0.149846 0.005148 -0.988696 -109.489655 -0.022085 0.999754 0.001858 -0.041172 0.988463 0.021557 0.149922 125.578842
0.096983 0.006198 -0.995267 -109.847595 -0.021640 0.999757 0.004118 -0.034713 0.995051 0.021138 0.097094 125.584938
0.042002 0.007693 -0.999088 -110.231903 -0.019279 0.999790 0.006888 -0.021153 0.998932 0.018972 0.042141 125.588364
-0.013297 0.009344 -0.999868 -110.618309 -0.015858 0.999829 0.009555 -0.015042 0.999786 0.015983 -0.013146 125.569527
-0.068522 0.011158 -0.997587 -111.006050 -0.012128 0.999854 0.012016 -0.014440 0.997576 0.012922 -0.068377 125.526443
-0.122240 0.012397 -0.992423 -111.396568 -0.010463 0.999850 0.013778 -0.006889 0.992445 0.012068 -0.122092 125.449165
-0.174921 0.013528 -0.984489 -111.798286 -0.009484 0.999836 0.015424 0.000038 0.984537 0.012035 -0.174764 125.351082
-0.225859 0.014454 -0.974053 -112.228355 -0.006840 0.999842 0.016423 0.012751 0.974136 0.010372 -0.225724 125.233902
-0.275176 0.015935 -0.961262 -112.655609 -0.002454 0.999848 0.017277 0.019560 0.961391 0.007114 -0.275095 125.092331
-0.322479 0.016746 -0.946428 -113.091805 0.001571 0.999852 0.017157 0.031659 0.946575 0.004046 -0.322458 124.916824
-0.367492 0.019045 -0.929832 -113.536118 0.006104 0.999818 0.018066 0.033877 0.930007 0.000964 -0.367541 124.715500
-0.410260 0.020152 -0.911746 -113.990883 0.009260 0.999796 0.017931 0.047523 0.911921 -0.001086 -0.410363 124.489609
-0.449393 0.021329 -0.893079 -114.440407 0.011629 0.999770 0.018025 0.055059 0.893258 -0.002286 -0.449538 124.236656
-0.483670 0.020701 -0.875005 -114.890091 0.011033 0.999785 0.017555 0.069943 0.875181 -0.001164 -0.483795 123.955055
-0.512227 0.020444 -0.858607 -115.352348 0.010928 0.999791 0.017286 0.077665 0.858781 -0.000529 -0.512343 123.650421
-0.535426 0.019295 -0.844362 -115.847252 0.009363 0.999813 0.016910 0.085577 0.844530 0.001149 -0.535506 123.321297
-0.553321 0.017463 -0.832785 -116.334068 0.007560 0.999844 0.015943 0.092861 0.832934 0.002526 -0.553366 122.975960
-0.567500 0.017310 -0.823191 -116.843025 0.006451 0.999842 0.016577 0.098365 0.823348 0.004097 -0.567522 122.613602
-0.578777 0.017943 -0.815288 -117.358696 0.006911 0.999830 0.017097 0.107115 0.815456 0.004261 -0.578803 122.235916
-0.588672 0.018590 -0.808158 -117.887581 0.007242 0.999817 0.017723 0.118552 0.808339 0.004581 -0.588699 121.843857
