1.000000 0.000000 0.000000 0.000000 0.000000 1.000000 0.000000 0.000000 0.000000 0.000000 1.000000 0.000000
0.999884 -0.000161 -0.015257 0.002198 0.000212 0.999994 0.003320 0.001416 0.015256 -0.003323 0.999878 0.347766
0.999621 0.000085 -0.027537 -0.003856 0.000244 0.999928 0.011964 0.004958 0.027536 -0.011966 0.999549 0.704283
0.999187 0.003288 -0.040181 -0.027940 -0.002506 0.999807 0.019507 -0.001454 0.040238 -0.019391 0.999002 1.067331
0.998592 0.003852 -0.052902 -0.045132 -0.002774 0.999787 0.020446 -0.001131 0.052969 -0.020271 0.998390 1.393843
0.997867 0.004408 -0.065132 -0.064609 -0.003207 0.999823 0.018533 -0.001830 0.065202 -0.018284 0.997705 1.709688
0.996999 0.002628 -0.077369 -0.071338 -0.001297 0.999851 0.017238 0.003757 0.077403 -0.017086 0.996853 2.032919
0.996033 0.002694 -0.088942 -0.089786 -0.001347 0.999884 0.015203 -0.003936 0.088973 -0.015023 0.995921 2.347509
0.994945 0.004580 -0.100319 -0.128860 -0.003360 0.999918 0.012322 0.002342 0.100367 -0.011923 0.994879 2.651971
0.993749 0.007535 -0.111385 -0.175173 -0.006378 0.999922 0.010741 0.008102 0.111457 -0.009964 0.993719 2.962989
0.992448 0.006913 -0.122473 -0.203467 -0.006182 0.999961 0.006349 0.027731 0.122512 -0.005544 0.992452 3.263743
