1.000000 0.000000 0.000000 0.000000 0.000000 1.000000 0.000000 0.000000 0.000000 0.000000 1.000000 0.000000
0.999884 -0.000187 -0.015235 -0.003954 0.000238 0.999994 0.003361 0.001119 0.015234 -0.003365 0.999878 0.346943
0.999619 0.000093 -0.027591 -0.015949 0.000241 0.999927 0.012112 0.001968 0.027590 -0.012114 0.999546 0.703812
0.999179 0.003415 -0.040375 -0.047963 -0.002618 0.999801 0.019760 -0.010658 0.040435 -0.019638 0.998989 1.066572
0.998582 0.003944 -0.053088 -0.064638 -0.002850 0.999782 0.020671 -0.009256 0.053158 -0.020490 0.998376 1.392752
0.997852 0.004493 -0.065348 -0.084038 -0.003279 0.999821 0.018660 -0.008588 0.065420 -0.018405 0.997688 1.707508
0.996987 0.002451 -0.077524 -0.084204 -0.001160 0.999860 0.016687 0.006141 0.077554 -0.016547 0.996851 2.029778
0.996058 0.002277 -0.088677 -0.055701 -0.001113 0.999913 0.013173 0.020240 0.088700 -0.013022 0.995973 2.343308
0.994975 0.004212 -0.100037 -0.092453 -0.003212 0.999943 0.010152 0.028883 0.100074 -0.009780 0.994932 2.647048
0.993787 0.007151 -0.111073 -0.137573 -0.006225 0.999943 0.008677 0.036544 0.111129 -0.007932 0.993774 2.957877
0.992489 0.006600 -0.122153 -0.164744 -0.006170 0.999973 0.003899 0.064460 0.122175 -0.003116 0.992504 3.257140
