1.000000 0.000000 0.000000 0.000000 0.000000 1.000000 0.000000 0.000000 0.000000 0.000000 1.000000 0.000000
0.999908 0.000081 -0.013566 -0.005334 -0.000036 0.999994 0.003326 -0.000345 0.013566 -0.003325 0.999902 0.336810
0.999663 0.000328 -0.025950 -0.014924 -0.000023 0.999931 0.011723 0.005039 0.025953 -0.011719 0.999595 0.701932
0.999251 0.003212 -0.038559 -0.041047 -0.002474 0.999813 0.019178 -0.001845 0.038613 -0.019068 0.999072 1.068995
0.998674 0.003735 -0.051342 -0.062151 -0.002702 0.999793 0.020171 -0.001485 0.051407 -0.020006 0.998477 1.398827
0.997953 0.004277 -0.063808 -0.088067 -0.003112 0.999827 0.018343 -0.002438 0.063875 -0.018107 0.997794 1.719202
0.997087 0.002431 -0.076236 -0.104220 -0.001133 0.999854 0.017067 0.003354 0.076266 -0.016930 0.996944 2.051829
0.996104 0.002500 -0.088146 -0.130051 -0.001175 0.999886 0.015080 -0.004258 0.088174 -0.014918 0.995993 2.374606
0.995006 0.004420 -0.099721 -0.170624 -0.003215 0.999920 0.012243 0.002596 0.099767 -0.011862 0.994940 2.685148
0.993803 0.007297 -0.110915 -0.219584 -0.006133 0.999923 0.010829 0.009504 0.110985 -0.010081 0.993771 2.999832
0.992509 0.006815 -0.121982 -0.252236 -0.006014 0.999958 0.006938 0.027805 0.122024 -0.006152 0.992508 3.303378
