1.000000 0.000000 0.000000 0.000000 0.000000 1.000000 0.000000 0.000000 0.000000 0.000000 1.000000 0.000000
1.000000 0.000000 0.000000 0.000000 0.000000 1.000000 0.000000 0.000000 0.000000 0.000000 1.000000 0.000000
1.000000 0.000000 0.000000 0.000000 0.000000 1.000000 0.000000 0.000000 0.000000 0.000000 1.000000 0.000000
1.000000 0.000000 0.000000 0.000000 0.000000 1.000000 0.000000 0.000000 0.000000 0.000000 1.000000 0.000000
0.999179 0.003415 -0.040375 -0.047963 -0.002618 0.999801 0.019760 -0.010658 0.040435 -0.019638 0.998989 1.066572
0.997852 0.004493 -0.065348 -0.084038 -0.003279 0.999821 0.018660 -0.008588 0.065420 -0.018405 0.997688 1.707508
0.996987 0.002451 -0.077524 -0.084204 -0.001160 0.999860 0.016687 0.006141 0.077554 -0.016547 0.996851 2.029778
0.996058 0.002277 -0.088677 -0.055701 -0.001113 0.999913 0.013173 0.020240 0.088700 -0.013022 0.995973 2.343308
0.994975 0.004212 -0.100037 -0.092453 -0.003212 0.999943 0.010152 0.028883 0.100074 -0.009780 0.994932 2.647048
0.994975 0.004212 -0.100037 -0.092453 -0.003212 0.999943 0.010152 0.028883 0.100074 -0.009780 0.994932 2.647048
0.992090 0.008377 -0.125245 -0.268379 -0.007797 0.999956 0.005121 0.024951 0.125283 -0.004104 0.992113 3.261387
