1.000000 0.000000 0.000000 0.000000 0.000000 1.000000 0.000000 0.000000 0.000000 0.000000 1.000000 0.000000
1.000000 0.000000 0.000000 0.000000 0.000000 1.000000 0.000000 0.000000 0.000000 0.000000 1.000000 0.000000
1.000000 0.000000 0.000000 0.000000 0.000000 1.000000 0.000000 0.000000 0.000000 0.000000 1.000000 0.000000
1.000000 0.000000 0.000000 0.000000 0.000000 1.000000 0.000000 0.000000 0.000000 0.000000 1.000000 0.000000
0.999187 0.003288 -0.040181 -0.027940 -0.002506 0.999807 0.019507 -0.001454 0.040238 -0.019391 0.999002 1.067331
0.997867 0.004408 -0.065132 -0.064609 -0.003207 0.999823 0.018533 -0.001830 0.065202 -0.018284 0.997705 1.709688
0.996999 0.002628 -0.077369 -0.071338 -0.001297 0.999851 0.017238 0.003757 0.077403 -0.017086 0.996853 2.032919
0.996033 0.002694 -0.088942 -0.089786 -0.001347 0.999884 0.015203 -0.003936 0.088973 -0.015023 0.995921 2.347509
0.994945 0.004580 -0.100319 -0.128860 -0.003360 0.999918 0.012322 0.002342 0.100367 -0.011923 0.994879 2.651971
0.994945 0.004580 -0.100319 -0.128860 -0.003360 0.999918 0.012322 0.002342 0.100367 -0.011923 0.994879 2.651971
0.992120 0.008181 -0.125023 -0.244988 -0.007590 0.999958 0.005200 0.023068 0.125060 -0.004210 0.992140 3.263707
