1.000000 0.000000 0.000000 0.000000 0.000000 1.000000 0.000000 0.000000 0.000000 0.000000 1.000000 0.000000
0.999891 0.000156 -0.014769 -0.003547 -0.000096 0.999992 0.004105 -0.006930 0.014770 -0.004103 0.999883 0.350144
0.999618 0.000469 -0.027638 -0.013382 -0.000107 0.999914 0.013118 -0.001610 0.027642 -0.013110 0.999532 0.712088
0.999175 0.003246 -0.040489 -0.038174 -0.002363 0.999758 0.021848 -0.020330 0.040550 -0.021735 0.998941 1.083165
0.998550 0.003982 -0.053694 -0.064380 -0.002719 0.999718 0.023574 -0.025081 0.053773 -0.023394 0.998279 1.417581
0.997767 0.004824 -0.066609 -0.090675 -0.003389 0.999760 0.021641 -0.028895 0.066698 -0.021367 0.997544 1.739219
0.996847 0.002788 -0.079295 -0.113691 -0.001208 0.999800 0.019974 -0.016675 0.079334 -0.019815 0.996651 2.062642
0.995783 0.003267 -0.091687 -0.138889 -0.001613 0.999835 0.018109 -0.036886 0.091731 -0.017885 0.995623 2.382261
0.994618 0.005206 -0.103479 -0.186819 -0.003705 0.999885 0.014691 -0.028676 0.103544 -0.014228 0.994523 2.683244
0.993303 0.008915 -0.115191 -0.239959 -0.007433 0.999884 0.013288 -0.023902 0.115297 -0.012343 0.993254 2.998556
0.991910 0.008116 -0.126684 -0.288753 -0.007089 0.999938 0.008562 0.005958 0.126745 -0.007595 0.991906 3.303084
