1.000000 0.000000 0.000000 0.000000 0.000000 1.000000 0.000000 0.000000 0.000000 0.000000 1.000000 0.000000
0.999684 0.000385 -0.025123 -0.018777 -0.000305 0.999995 0.003190 -0.009443 0.025124 -0.003181 0.999679 0.318103
0.999296 0.000138 -0.037528 -0.048930 0.000343 0.999918 0.012831 -0.043884 0.037527 -0.012835 0.999213 0.627971
0.998678 0.004497 -0.051209 -0.106599 -0.003375 0.999753 0.021976 -0.101616 0.051295 -0.021774 0.998446 0.950089
0.997939 0.006967 -0.063795 -0.104271 -0.005528 0.999727 0.022702 -0.084229 0.063936 -0.022302 0.997705 1.239813
0.997190 0.007930 -0.074487 -0.090163 -0.006380 0.999759 0.021028 -0.049857 0.074636 -0.020494 0.997000 1.528507
0.996189 0.006847 -0.086948 -0.043417 -0.005276 0.999819 0.018285 0.046987 0.087057 -0.017757 0.996045 1.791472
0.995196 0.006577 -0.097682 0.085550 -0.005063 0.999863 0.015733 0.371814 0.097772 -0.015163 0.995093 2.032746
0.994078 0.008070 -0.108370 0.062079 -0.006750 0.999899 0.012534 0.418257 0.108460 -0.011728 0.994032 2.300469
0.992814 0.012379 -0.119027 0.023479 -0.011259 0.999886 0.010077 0.452569 0.119138 -0.008664 0.992840 2.583899
0.991334 0.011392 -0.130872 0.021179 -0.010881 0.999930 0.004615 0.562244 0.130916 -0.003151 0.991388 2.861943
