1.000000 0.000000 0.000000 0.000000 0.000000 1.000000 0.000000 0.000000 0.000000 0.000000 1.000000 0.000000
0.999871 0.000491 -0.016074 0.055240 -0.000432 0.999993 0.003659 0.024968 0.016076 -0.003652 0.999864 0.402408
0.999553 0.000945 -0.029889 0.099591 -0.000555 0.999915 0.013048 0.051336 0.029899 -0.013026 0.999468 0.798319
0.999007 0.006074 -0.044146 0.137850 -0.005200 0.999788 0.019899 0.090564 0.044257 -0.019649 0.998827 1.177750
0.998240 0.007018 -0.058893 0.177757 -0.005863 0.999787 0.019770 0.120192 0.059019 -0.019390 0.998069 1.532997
0.997252 0.008946 -0.073544 0.218119 -0.007737 0.999830 0.016706 0.146066 0.073681 -0.016091 0.997152 1.895436
0.996107 0.007079 -0.087866 0.249597 -0.005862 0.999883 0.014094 0.184091 0.087955 -0.013524 0.996033 2.260151
0.994780 0.008299 -0.101707 0.273193 -0.007257 0.999917 0.010610 0.201630 0.101787 -0.009816 0.994758 2.612748
0.993310 0.010536 -0.114994 0.293411 -0.009791 0.999927 0.007036 0.226124 0.115059 -0.005863 0.993341 2.948963
0.991551 0.015320 -0.128810 0.315179 -0.014861 0.999879 0.004523 0.262607 0.128864 -0.002570 0.991659 3.329251
0.989644 0.014771 -0.142782 0.369806 -0.015126 0.999885 -0.001400 0.299126 0.142744 0.003545 0.989753 3.700685
