1.000000 0.000000 0.000000 0.000000 0.000000 1.000000 0.000000 0.000000 0.000000 0.000000 1.000000 0.000000
1.000000 -0.000409 0.000260 -0.001940 0.000409 0.999999 0.001348 -0.022862 -0.000261 -0.001348 0.999999 1.287197
0.999999 -0.001613 0.000253 -0.003252 0.001612 0.999997 0.001685 -0.045870 -0.000256 -0.001685 0.999999 2.579537
0.999997 -0.002542 0.000211 -0.005983 0.002541 0.999997 0.000675 -0.071634 -0.000212 -0.000674 1.000000 3.868035
0.999997 -0.002336 0.000453 -0.012273 0.002336 0.999997 0.000681 -0.097091 -0.000454 -0.000679 1.000000 5.164015
0.999996 -0.002585 0.000627 -0.025405 0.002584 0.999996 0.001222 -0.117614 -0.000630 -0.001220 0.999999 6.481390
0.999992 -0.003738 0.001216 -0.036190 0.003735 0.999990 0.002458 -0.146316 -0.001226 -0.002454 0.999996 7.793213
0.999994 -0.003328 0.001065 -0.039596 0.003325 0.999990 0.002872 -0.170880 -0.001075 -0.002869 0.999995 9.104904
0.999996 -0.002641 0.000885 -0.050840 0.002639 0.999995 0.001584 -0.199544 -0.000889 -0.001582 0.999998 10.414595
0.999999 -0.000053 0.001207 -0.055497 0.000053 1.000000 -0.000114 -0.227383 -0.001207 0.000114 0.999999 11.712926
0.999994 0.002990 0.001718 -0.077764 -0.002988 0.999995 -0.000818 -0.259258 -0.001720 0.000813 0.999998 13.031145
0.999981 0.005847 0.001844 -0.097112 -0.005845 0.999982 -0.001099 -0.281556 -0.001850 0.001088 0.999998 14.357449
0.999974 0.006895 0.002185 -0.113362 -0.006895 0.999976 -0.000415 -0.307891 -0.002187 0.000400 0.999998 15.685367
0.999984 0.004960 0.002814 -0.118107 -0.004965 0.999986 0.001659 -0.329704 -0.002806 -0.001672 0.999995 17.027729
0.999994 0.001482 0.003158 -0.115349 -0.001492 0.999994 0.003279 -0.353679 -0.003153 -0.003284 0.999990 18.375904
0.999996 -0.000335 0.002812 -0.107174 0.000331 0.999999 0.001548 -0.384059 -0.002812 -0.001547 0.999995 19.718739
0.999996 -0.001036 0.002744 -0.114632 0.001037 0.999999 -0.000470 -0.406507 -0.002743 0.000473 0.999996 21.050293
0.999992 0.001047 0.003794 -0.129172 -0.001043 0.999999 -0.000931 -0.457220 -0.003795 0.000927 0.999992 22.386452
0.999980 0.004227 0.004708 -0.155660 -0.004228 0.999991 0.000116 -0.477129 -0.004707 -0.000136 0.999989 23.732504
0.999969 0.005641 0.005532 -0.177590 -0.005662 0.999977 0.003761 -0.507299 -0.005511 -0.003793 0.999978 25.095909
0.999976 0.003531 0.005903 -0.174705 -0.003559 0.999982 0.004886 -0.519063 -0.005885 -0.004907 0.999971 26.451490
0.999983 0.000570 0.005721 -0.155157 -0.000591 0.999993 0.003676 -0.542855 -0.005719 -0.003679 0.999977 27.793259
0.999981 0.000095 0.006142 -0.152766 -0.000102 0.999999 0.001183 -0.556722 -0.006141 -0.001183 0.999980 29.132381
0.999969 0.000146 0.007860 -0.168173 -0.000142 1.000000 -0.000428 -0.588175 -0.007860 0.000427 0.999969 30.447901
0.999957 0.002403 0.008983 -0.189826 -0.002391 0.999996 -0.001445 -0.612053 -0.008986 0.001423 0.999959 31.790855
0.999945 0.003240 0.010001 -0.187972 -0.003207 0.999989 -0.003309 -0.631411 -0.010011 0.003276 0.999945 33.137566
0.999933 0.004269 0.010794 -0.207031 -0.004239 0.999987 -0.002822 -0.667878 -0.010806 0.002776 0.999938 34.497570
0.999918 0.005013 0.011813 -0.226493 -0.004995 0.999986 -0.001617 -0.705730 -0.011820 0.001558 0.999929 35.823368
0.999899 0.006621 0.012588 -0.257426 -0.006617 0.999978 -0.000338 -0.738477 -0.012590 0.000255 0.999921 37.171276
0.999868 0.008678 0.013754 -0.298398 -0.008675 0.999962 -0.000291 -0.768788 -0.013756 0.000171 0.999905 38.512161
0.999840 0.010809 0.014249 -0.312674 -0.010802 0.999941 -0.000592 -0.798806 -0.014254 0.000438 0.999898 39.899864
0.999796 0.013116 0.015352 -0.349350 -0.013112 0.999914 -0.000394 -0.825915 -0.015356 0.000193 0.999882 41.254662
0.999770 0.014136 0.016128 -0.374133 -0.014131 0.999900 -0.000430 -0.854357 -0.016132 0.000202 0.999870 42.626881
0.999774 0.013324 0.016585 -0.382543 -0.013320 0.999911 -0.000340 -0.879425 -0.016588 0.000119 0.999862 43.991371
0.999767 0.013046 0.017226 -0.393545 -0.013029 0.999915 -0.001080 -0.901417 -0.017239 0.000856 0.999851 45.327778
0.999765 0.013351 0.017091 -0.406671 -0.013337 0.999911 -0.000966 -0.932300 -0.017102 0.000738 0.999853 46.705925
0.999752 0.013987 0.017328 -0.418779 -0.013983 0.999902 -0.000354 -0.959984 -0.017331 0.000111 0.999850 48.074684
0.999746 0.014518 0.017254 -0.430775 -0.014510 0.999895 -0.000613 -0.990979 -0.017261 0.000363 0.999851 49.450188
0.999734 0.015361 0.017186 -0.438068 -0.015345 0.999882 -0.001068 -1.019330 -0.017200 0.000804 0.999852 50.819019
0.999727 0.015694 0.017338 -0.450316 -0.015686 0.999877 -0.000605 -1.044854 -0.017345 0.000333 0.999849 52.180779
0.999736 0.015375 0.017053 -0.453459 -0.015383 0.999882 0.000356 -1.076538 -0.017046 -0.000618 0.999855 53.604691
0.999754 0.013917 0.017269 -0.447556 -0.013925 0.999903 0.000340 -1.102127 -0.017262 -0.000580 0.999851 54.966568
0.999784 0.011694 0.017181 -0.431420 -0.011689 0.999932 -0.000384 -1.124403 -0.017185 0.000183 0.999852 56.339439
0.999767 0.011653 0.018190 -0.436618 -0.011652 0.999932 -0.000174 -1.161104 -0.018190 -0.000038 0.999835 57.737381
0.999748 0.011040 0.019564 -0.431180 -0.011052 0.999939 0.000491 -1.195113 -0.019557 -0.000708 0.999808 59.114994
0.999729 0.010570 0.020748 -0.436331 -0.010597 0.999943 0.001193 -1.227231 -0.020734 -0.001412 0.999784 60.511005
0.999699 0.009876 0.022471 -0.432851 -0.009896 0.999951 0.000816 -1.257694 -0.022461 -0.001038 0.999747 61.884312
0.999682 0.008872 0.023621 -0.416170 -0.008868 0.999961 -0.000263 -1.283918 -0.023622 0.000053 0.999721 63.263748
0.999650 0.008848 0.024931 -0.400438 -0.008833 0.999961 -0.000737 -1.316493 -0.024936 0.000517 0.999689 64.638878
0.999602 0.009845 0.026450 -0.399680 -0.009828 0.999951 -0.000770 -1.346825 -0.026456 0.000510 0.999650 65.998909
0.999494 0.013294 0.028903 -0.417229 -0.013308 0.999911 0.000294 -1.387368 -0.028897 -0.000679 0.999582 67.354118
0.999308 0.019385 0.031752 -0.455861 -0.019451 0.999809 0.001770 -1.441032 -0.031712 -0.002387 0.999494 68.669189
0.999171 0.022235 0.034095 -0.456573 -0.022322 0.999748 0.002165 -1.467583 -0.034039 -0.002924 0.999416 69.997429
0.999073 0.024953 0.035087 -0.445136 -0.025012 0.999686 0.001246 -1.482671 -0.035044 -0.002123 0.999384 71.347916
0.998934 0.028160 0.036572 -0.437043 -0.028200 0.999602 0.000571 -1.513831 -0.036541 -0.001602 0.999331 72.731590
0.998813 0.029952 0.038406 -0.426100 -0.029977 0.999551 0.000077 -1.541757 -0.038386 -0.001228 0.999262 74.093132
0.998765 0.030719 0.039049 -0.393133 -0.030757 0.999527 0.000362 -1.572853 -0.039020 -0.001563 0.999237 75.470398
0.998752 0.030173 0.039790 -0.360737 -0.030193 0.999544 -0.000099 -1.601289 -0.039775 -0.001103 0.999208 76.820648
0.998745 0.028963 0.040863 -0.331859 -0.028942 0.999581 -0.001097 -1.631929 -0.040877 -0.000087 0.999164 78.125725
0.998716 0.028619 0.041800 -0.309163 -0.028571 0.999590 -0.001743 -1.660819 -0.041833 0.000546 0.999124 79.442444
0.998688 0.029052 0.042179 -0.276596 -0.029011 0.999578 -0.001588 -1.694110 -0.042208 0.000362 0.999109 80.798981
0.998673 0.029566 0.042166 -0.251639 -0.029507 0.999563 -0.002029 -1.732934 -0.042207 0.000782 0.999109 82.123627
0.998642 0.031034 0.041852 -0.227023 -0.030973 0.999518 -0.002095 -1.763402 -0.041897 0.000796 0.999122 83.444473
0.998666 0.030713 0.041513 -0.195850 -0.030644 0.999528 -0.002310 -1.781464 -0.041565 0.001034 0.999135 84.720940
0.998643 0.031266 0.041648 -0.184646 -0.031228 0.999511 -0.001554 -1.823804 -0.041677 0.000251 0.999131 86.031616
0.998725 0.029701 0.040826 -0.145189 -0.029657 0.999559 -0.001682 -1.837677 -0.040858 0.000470 0.999165 87.258308
0.998758 0.028246 0.041031 -0.130406 -0.028200 0.999601 -0.001716 -1.864608 -0.041063 0.000557 0.999156 88.450272
0.998822 0.026873 0.040398 -0.086198 -0.026803 0.999638 -0.002267 -1.891551 -0.040444 0.001181 0.999181 89.766304
0.998854 0.026210 0.040040 -0.047206 -0.026131 0.999655 -0.002488 -1.923713 -0.040091 0.001439 0.999195 91.075127
0.998829 0.027162 0.040031 -0.026683 -0.027060 0.999629 -0.003091 -1.954735 -0.040100 0.002004 0.999194 92.357994
0.998805 0.027446 0.040445 0.003910 -0.027330 0.999621 -0.003427 -1.985621 -0.040524 0.002318 0.999176 93.636795
0.998762 0.028346 0.040876 0.034363 -0.028201 0.999594 -0.004112 -2.018546 -0.040976 0.002954 0.999156 94.932289
0.998707 0.029068 0.041716 0.058667 -0.028928 0.999574 -0.003950 -2.050960 -0.041813 0.002738 0.999122 96.216423
0.998657 0.029914 0.042297 0.083223 -0.029803 0.999551 -0.003229 -2.082793 -0.042374 0.001964 0.999100 97.496338
0.998602 0.031299 0.042585 0.112878 -0.031216 0.999509 -0.002613 -2.108945 -0.042646 0.001280 0.999089 98.786423
0.998622 0.030310 0.042851 0.152038 -0.030168 0.999537 -0.003954 -2.139713 -0.042951 0.002656 0.999074 100.065300
0.998594 0.030158 0.043590 0.192201 -0.029906 0.999532 -0.006426 -2.172340 -0.043763 0.005113 0.999029 101.329216
0.998602 0.029981 0.043528 0.230728 -0.029663 0.999528 -0.007941 -2.202138 -0.043746 0.006639 0.999021 102.588028
0.998614 0.028852 0.044021 0.272524 -0.028536 0.999562 -0.007785 -2.236364 -0.044226 0.006518 0.999000 103.867218
0.998633 0.027046 0.044723 0.329346 -0.026770 0.999619 -0.006755 -2.269288 -0.044888 0.005549 0.998977 105.180939
0.998603 0.026088 0.045951 0.372750 -0.025820 0.999646 -0.006422 -2.311740 -0.046102 0.005226 0.998923 106.475357
0.998550 0.025895 0.047202 0.423741 -0.025560 0.999644 -0.007685 -2.346141 -0.047384 0.006467 0.998856 107.752678
0.998483 0.028126 0.047344 0.464606 -0.027691 0.999568 -0.009810 -2.385943 -0.047599 0.008484 0.998830 109.050735
0.998372 0.030372 0.048277 0.505889 -0.029822 0.999482 -0.012067 -2.422494 -0.048618 0.010608 0.998761 110.343437
0.998180 0.033553 0.050100 0.531221 -0.032979 0.999381 -0.012251 -2.468901 -0.050480 0.010577 0.998669 111.649101
0.998045 0.035554 0.051395 0.577810 -0.035041 0.999327 -0.010851 -2.516062 -0.051746 0.009029 0.998619 112.974838
0.997969 0.035994 0.052549 0.630666 -0.035547 0.999324 -0.009426 -2.559640 -0.052853 0.007538 0.998574 114.300941
0.997926 0.036093 0.053295 0.684936 -0.035653 0.999322 -0.009197 -2.603369 -0.053591 0.007278 0.998536 115.623535
0.997881 0.036465 0.053895 0.741907 -0.035964 0.999301 -0.010235 -2.637075 -0.054230 0.008275 0.998494 116.926811
0.997742 0.038364 0.055132 0.795602 -0.037815 0.999224 -0.010980 -2.678900 -0.055510 0.008870 0.998419 118.231743
0.997586 0.040350 0.056521 0.839593 -0.039777 0.999145 -0.011234 -2.727491 -0.056926 0.008959 0.998338 119.543884
0.997539 0.040738 0.057067 0.897114 -0.040116 0.999123 -0.012014 -2.774002 -0.057507 0.009696 0.998298 120.869370
0.997445 0.041889 0.057866 0.953742 -0.041213 0.999068 -0.012814 -2.820020 -0.058349 0.010396 0.998242 122.189445
0.997359 0.042221 0.059096 1.013321 -0.041515 0.999052 -0.013121 -2.865121 -0.059594 0.010633 0.998166 123.518929
0.997310 0.042364 0.059812 1.073116 -0.041687 0.999052 -0.012529 -2.908765 -0.060286 0.010002 0.998131 124.851234
0.997253 0.042547 0.060632 1.131191 -0.041907 0.999052 -0.011775 -2.956814 -0.061076 0.009202 0.998091 126.177376
0.997251 0.041959 0.061068 1.199054 -0.041317 0.999077 -0.011737 -3.002498 -0.061504 0.009182 0.998065 127.499847
0.997274 0.040870 0.061427 1.265278 -0.040208 0.999120 -0.011972 -3.045065 -0.061862 0.009470 0.998040 128.826141
0.997294 0.040776 0.061173 1.332140 -0.040153 0.999129 -0.011389 -3.092513 -0.061584 0.008902 0.998062 130.166962
0.997329 0.040636 0.060692 1.399372 -0.040013 0.999134 -0.011446 -3.135659 -0.061104 0.008987 0.998091 131.475571
0.997398 0.040032 0.059952 1.463041 -0.039412 0.999157 -0.011491 -3.181078 -0.060361 0.009098 0.998135 132.809967
0.997495 0.039645 0.058590 1.533907 -0.039047 0.999173 -0.011320 -3.216800 -0.058990 0.009004 0.998218 134.131805
0.997500 0.040252 0.058082 1.592364 -0.039636 0.999146 -0.011714 -3.260035 -0.058504 0.009383 0.998243 135.429642
0.997520 0.041304 0.056985 1.653342 -0.040702 0.999103 -0.011676 -3.298921 -0.057416 0.009327 0.998307 136.752884
0.997505 0.042732 0.056186 1.703118 -0.042108 0.999038 -0.012242 -3.340294 -0.056655 0.009846 0.998345 138.077805
0.997500 0.043646 0.055584 1.759269 -0.042986 0.998991 -0.013022 -3.374786 -0.056096 0.010600 0.998369 139.411423
0.997620 0.041940 0.054737 1.815448 -0.041144 0.999032 -0.015589 -3.409269 -0.055338 0.013300 0.998379 140.706284
0.997836 0.037717 0.053865 1.880440 -0.036875 0.999183 -0.016546 -3.455422 -0.054445 0.014524 0.998411 142.023468
0.998033 0.032629 0.053526 1.950853 -0.031880 0.999382 -0.014778 -3.503209 -0.053975 0.013043 0.998457 143.353958
0.998248 0.027385 0.052457 2.035166 -0.026682 0.999545 -0.014048 -3.543535 -0.052818 0.012624 0.998524 144.629013
0.998383 0.024298 0.051383 2.112486 -0.023449 0.999580 -0.017050 -3.580936 -0.051776 0.015817 0.998533 145.933151
0.998354 0.025356 0.051441 2.177709 -0.024348 0.999501 -0.020133 -3.624707 -0.051925 0.018847 0.998473 147.180984
0.998201 0.028803 0.052587 2.218569 -0.027650 0.999364 -0.022539 -3.675630 -0.053202 0.021044 0.998362 148.496094
0.998128 0.029556 0.053545 2.269118 -0.028350 0.999330 -0.023151 -3.725112 -0.054194 0.021590 0.998297 149.794296
0.998096 0.029025 0.054430 2.337810 -0.027869 0.999372 -0.021871 -3.764917 -0.055031 0.020312 0.998278 151.057770
0.998132 0.026600 0.054997 2.409090 -0.025538 0.999475 -0.019917 -3.818921 -0.055498 0.018475 0.998288 152.351425
0.998174 0.025235 0.054871 2.482105 -0.024213 0.999522 -0.019215 -3.871330 -0.055330 0.017851 0.998309 153.674698
0.998167 0.024821 0.055204 2.547116 -0.023793 0.999533 -0.019194 -3.926655 -0.055654 0.017845 0.998291 154.975967
0.998053 0.027238 0.056107 2.607889 -0.026224 0.999481 -0.018733 -3.981615 -0.056588 0.017225 0.998249 156.288818
0.997900 0.030653 0.057068 2.663853 -0.029580 0.999371 -0.019555 -4.036914 -0.057632 0.017826 0.998179 157.626999
0.997721 0.034111 0.058218 2.709247 -0.032895 0.999223 -0.021720 -4.086286 -0.058913 0.019755 0.998068 158.898834
0.997533 0.037641 0.059257 2.761305 -0.036361 0.999085 -0.022540 -4.143634 -0.060051 0.020330 0.997988 160.228226
0.997351 0.040475 0.060443 2.806589 -0.039233 0.998997 -0.021584 -4.202058 -0.061256 0.019155 0.997938 161.531067
0.997186 0.043954 0.060732 2.855207 -0.042710 0.998853 -0.021632 -4.275121 -0.061613 0.018977 0.997920 162.864487
0.997149 0.045426 0.060249 2.921556 -0.044044 0.998740 -0.024065 -4.322281 -0.061266 0.021343 0.997893 164.198853
0.997012 0.048927 0.059774 2.973581 -0.047427 0.998530 -0.026257 -4.386382 -0.060971 0.023344 0.997867 165.539337
0.996800 0.053152 0.059710 3.017971 -0.051579 0.998288 -0.027582 -4.441499 -0.061073 0.024414 0.997835 166.881454
0.996523 0.057772 0.060029 3.059636 -0.056228 0.998050 -0.027095 -4.498213 -0.061478 0.023626 0.997829 168.217819
0.996345 0.059832 0.060965 3.110967 -0.058391 0.997977 -0.025152 -4.558984 -0.062346 0.021500 0.997823 169.583252
0.996274 0.060842 0.061118 3.172307 -0.059528 0.997960 -0.023085 -4.620290 -0.062398 0.019361 0.997864 170.935211
0.996437 0.059598 0.059669 3.242941 -0.058346 0.998043 -0.022506 -4.679641 -0.060894 0.018944 0.997964 172.301926
0.996611 0.058637 0.057699 3.311697 -0.057443 0.998103 -0.022144 -4.746449 -0.058888 0.018755 0.998088 173.683838
0.996788 0.058434 0.054760 3.382772 -0.057074 0.998030 -0.026063 -4.792768 -0.056175 0.022854 0.998159 175.039764
0.996843 0.059049 0.053069 3.435910 -0.057518 0.997896 -0.029935 -4.847682 -0.054725 0.026788 0.998142 176.403168
0.996570 0.064100 0.052332 3.471820 -0.062533 0.997560 -0.031057 -4.914274 -0.054195 0.027678 0.998147 177.782028
0.996378 0.067523 0.051695 3.510810 -0.065966 0.997332 -0.031254 -4.957797 -0.053667 0.027731 0.998174 179.133636
0.996085 0.071173 0.052433 3.544235 -0.069746 0.997156 -0.028568 -5.032313 -0.054317 0.024799 0.998216 180.489304
0.995982 0.072051 0.053185 3.591990 -0.070738 0.997152 -0.026161 -5.096608 -0.054919 0.022294 0.998242 181.847015
0.995968 0.071929 0.053608 3.650013 -0.070644 0.997176 -0.025495 -5.153601 -0.055291 0.021605 0.998237 183.208527
0.996030 0.070512 0.054342 3.701078 -0.069246 0.997290 -0.024837 -5.214721 -0.055946 0.020975 0.998213 184.561523
0.996083 0.069595 0.054550 3.764669 -0.068356 0.997366 -0.024251 -5.273803 -0.056094 0.020428 0.998217 185.922592
0.996103 0.068988 0.054957 3.836546 -0.067756 0.997414 -0.023982 -5.341510 -0.056469 0.020165 0.998201 187.286713
0.996112 0.068039 0.055965 3.898143 -0.066833 0.997496 -0.023144 -5.401015 -0.057399 0.019314 0.998164 188.647400
0.996200 0.066328 0.056447 3.973030 -0.065223 0.997645 -0.021216 -5.470524 -0.057722 0.017454 0.998180 190.026077
0.996322 0.064448 0.056468 4.046402 -0.063344 0.997768 -0.021118 -5.527815 -0.057703 0.017464 0.998181 191.402451
0.996204 0.066671 0.055962 4.116467 -0.065355 0.997548 -0.025039 -5.580750 -0.057494 0.021287 0.998119 192.766800
0.995803 0.072633 0.055687 4.164410 -0.071061 0.997029 -0.029714 -5.636431 -0.057680 0.025632 0.998006 194.120453
0.994982 0.082044 0.057261 4.186071 -0.080411 0.996302 -0.030257 -5.700592 -0.059532 0.025501 0.997901 195.490494
0.994175 0.089908 0.059427 4.203215 -0.088414 0.995709 -0.027324 -5.770265 -0.061629 0.021910 0.997859 196.874619
0.993891 0.092238 0.060605 4.247226 -0.090844 0.995542 -0.025372 -5.830403 -0.062675 0.019711 0.997839 198.287018
0.993928 0.092195 0.060068 4.319891 -0.090831 0.995551 -0.025050 -5.888277 -0.062110 0.019441 0.997880 199.687836
0.994127 0.090861 0.058790 4.403136 -0.089501 0.995663 -0.025381 -5.948120 -0.060841 0.019970 0.997948 201.095139
0.994248 0.090223 0.057721 4.475843 -0.088871 0.995715 -0.025572 -6.018483 -0.059781 0.020295 0.998005 202.515625
0.994166 0.091627 0.056903 4.544501 -0.090256 0.995574 -0.026208 -6.085999 -0.059053 0.020920 0.998036 203.942307
0.993878 0.094936 0.056513 4.598583 -0.093571 0.995265 -0.026319 -6.149867 -0.058744 0.020870 0.998055 205.332062
0.993622 0.097533 0.056585 4.655396 -0.096182 0.995021 -0.026123 -6.206253 -0.058851 0.020514 0.998056 206.742157
0.993564 0.098292 0.056299 4.720786 -0.096891 0.994926 -0.027098 -6.266911 -0.058677 0.021469 0.998046 208.172867
0.993604 0.098209 0.055737 4.793666 -0.096751 0.994906 -0.028292 -6.326878 -0.058232 0.022719 0.998045 209.615280
0.993607 0.098437 0.055281 4.853013 -0.096974 0.994877 -0.028555 -6.396053 -0.057808 0.023012 0.998062 211.032333
0.993497 0.099478 0.055384 4.885611 -0.098002 0.994771 -0.028756 -6.464106 -0.057955 0.023141 0.998051 212.458481
0.993357 0.100533 0.055987 4.921506 -0.099033 0.994663 -0.028964 -6.538077 -0.058600 0.023227 0.998011 213.898071
0.993306 0.100981 0.056091 4.980539 -0.099427 0.994597 -0.029857 -6.594474 -0.058803 0.024081 0.997979 215.300110
0.993166 0.102462 0.055884 5.030603 -0.100909 0.994445 -0.029954 -6.666301 -0.058642 0.024111 0.997988 216.772522
0.993102 0.103024 0.055978 5.083467 -0.101434 0.994373 -0.030547 -6.731224 -0.058810 0.024659 0.997965 218.221542
0.992886 0.104836 0.056443 5.116833 -0.103229 0.994184 -0.030683 -6.798130 -0.059331 0.024638 0.997934 219.630905
0.992779 0.105376 0.057327 5.155732 -0.103725 0.994121 -0.031059 -6.858102 -0.060263 0.024889 0.997872 221.050461
0.992781 0.105379 0.057278 5.214324 -0.103682 0.994101 -0.031844 -6.926990 -0.060295 0.025676 0.997850 222.515900
0.992701 0.105787 0.057904 5.268440 -0.104043 0.994046 -0.032360 -6.992407 -0.060982 0.026099 0.997798 223.955566
0.992611 0.106327 0.058464 5.320288 -0.104604 0.994006 -0.031794 -7.071735 -0.061495 0.025444 0.997783 225.433548
0.992472 0.107231 0.059175 5.369648 -0.105499 0.993915 -0.031675 -7.143194 -0.062211 0.025194 0.997745 226.885712
0.992280 0.108848 0.059433 5.427376 -0.107081 0.993730 -0.032167 -7.216128 -0.062562 0.025554 0.997714 228.347794
0.992112 0.109994 0.060120 5.483862 -0.108171 0.993591 -0.032788 -7.291677 -0.063341 0.026026 0.997653 229.827606
0.991614 0.113325 0.062130 5.500219 -0.111514 0.993251 -0.031888 -7.375639 -0.065324 0.024692 0.997559 231.262833
0.991241 0.115567 0.063926 5.536904 -0.113834 0.993043 -0.030129 -7.450333 -0.066963 0.022588 0.997500 232.710953
0.991234 0.115443 0.064243 5.599089 -0.113708 0.993060 -0.030056 -7.518558 -0.067267 0.022487 0.997482 234.204041
0.991106 0.116041 0.065135 5.656324 -0.114150 0.992946 -0.032060 -7.577633 -0.068396 0.024340 0.997361 235.658249
0.990923 0.117139 0.065951 5.724919 -0.115128 0.992785 -0.033511 -7.652239 -0.069401 0.025614 0.997260 237.138947
0.990544 0.120228 0.066088 5.794127 -0.118217 0.992421 -0.033559 -7.725971 -0.069621 0.025429 0.997249 238.654831
0.990215 0.122634 0.066597 5.846848 -0.120636 0.992140 -0.033251 -7.795604 -0.070151 0.024891 0.997226 240.114914
0.989797 0.125742 0.067017 5.908188 -0.123730 0.991754 -0.033382 -7.864522 -0.070662 0.024749 0.997193 241.570740
0.989367 0.129017 0.067145 5.973605 -0.126941 0.991316 -0.034331 -7.926195 -0.070991 0.025442 0.997152 243.055908
0.988843 0.132700 0.067673 6.032817 -0.130536 0.990808 -0.035482 -7.982316 -0.071760 0.026252 0.997076 244.495224
0.988307 0.136413 0.068119 6.113119 -0.134193 0.990294 -0.036190 -8.055910 -0.072394 0.026626 0.997021 245.978531
0.987834 0.139957 0.067788 6.189317 -0.137683 0.989780 -0.037147 -8.118624 -0.072295 0.027362 0.997008 247.405670
0.987620 0.141370 0.067985 6.266490 -0.139023 0.989555 -0.038111 -8.188862 -0.072663 0.028188 0.996958 248.842667
0.987473 0.142111 0.068560 6.326650 -0.139770 0.989461 -0.037836 -8.265410 -0.073214 0.027779 0.996929 250.304611
0.987524 0.141479 0.069135 6.404915 -0.139107 0.989547 -0.038031 -8.340684 -0.073793 0.027940 0.996882 251.776062
0.987642 0.140301 0.069852 6.465261 -0.137833 0.989687 -0.038999 -8.414082 -0.074604 0.028889 0.996795 253.150726
0.988080 0.136927 0.070342 6.564072 -0.134240 0.990074 -0.041625 -8.433773 -0.075344 0.031686 0.996654 254.312668
0.987995 0.136442 0.072448 6.586404 -0.133764 0.990180 -0.040630 -8.490188 -0.077280 0.030451 0.996544 255.446350
0.987929 0.136386 0.073445 6.675467 -0.133734 0.990213 -0.039914 -8.562870 -0.078170 0.029610 0.996500 256.802765
0.988019 0.135100 0.074605 6.777089 -0.132328 0.990360 -0.040951 -8.630118 -0.079419 0.030588 0.996372 258.056030
0.988037 0.134480 0.075488 6.879440 -0.131570 0.990404 -0.042302 -8.711204 -0.080452 0.031864 0.996249 259.478546
0.987786 0.135566 0.076822 6.965779 -0.132573 0.990248 -0.042829 -8.804613 -0.081879 0.032121 0.996125 260.932312
0.987327 0.137826 0.078674 7.031811 -0.134779 0.989949 -0.042834 -8.904965 -0.083787 0.031688 0.995980 262.397125
0.987099 0.138625 0.080123 7.140920 -0.135480 0.989826 -0.043465 -8.994628 -0.085333 0.032050 0.995837 263.854462
0.986755 0.140240 0.081529 7.217878 -0.137030 0.989600 -0.043753 -9.084770 -0.086817 0.032002 0.995710 265.282379
0.986535 0.140760 0.083282 7.305624 -0.137418 0.989508 -0.044609 -9.167822 -0.088687 0.032564 0.995527 266.713074
0.986554 0.139947 0.084412 7.407588 -0.136451 0.989584 -0.045884 -9.252769 -0.089954 0.033749 0.995374 268.183197
0.986591 0.138744 0.085957 7.505837 -0.135056 0.989706 -0.047358 -9.335421 -0.091643 0.035114 0.995173 269.689758
0.986427 0.138786 0.087754 7.607523 -0.135046 0.989712 -0.047242 -9.437142 -0.093408 0.034750 0.995021 271.165253
0.986309 0.138859 0.088951 7.710375 -0.135142 0.989732 -0.046553 -9.536653 -0.094502 0.033895 0.994947 272.667114
0.986287 0.138261 0.090125 7.829027 -0.134469 0.989808 -0.046894 -9.631809 -0.095690 0.034132 0.994826 274.132050
0.986596 0.135989 0.090192 7.962096 -0.131870 0.989996 -0.050188 -9.714972 -0.096115 0.037621 0.994659 275.570312
0.986635 0.135891 0.089915 8.087240 -0.131538 0.989909 -0.052708 -9.806273 -0.096171 0.040176 0.994554 277.081482
0.986613 0.136013 0.089969 8.184131 -0.131662 0.989894 -0.052677 -9.914959 -0.096224 0.040126 0.994551 278.607544
0.986735 0.134987 0.090185 8.277820 -0.130545 0.989999 -0.053484 -10.009512 -0.096503 0.041001 0.994488 280.070465
0.986976 0.133636 0.089557 8.413557 -0.129077 0.990112 -0.054927 -10.092510 -0.096012 0.042652 0.994466 281.540619
0.986834 0.134409 0.089959 8.517728 -0.129792 0.989994 -0.055371 -10.198858 -0.096501 0.042967 0.994405 283.019562
0.986663 0.135246 0.090576 8.589686 -0.130628 0.989897 -0.055139 -10.309622 -0.097119 0.042572 0.994362 284.496155
0.986515 0.135893 0.091224 8.692737 -0.131221 0.989803 -0.055424 -10.407312 -0.097825 0.042706 0.994287 285.909882
0.986690 0.134782 0.090981 8.826052 -0.130195 0.989983 -0.054618 -10.482772 -0.097431 0.042046 0.994354 287.303925
0.986359 0.137210 0.090933 8.939002 -0.132727 0.989699 -0.053660 -10.584255 -0.097359 0.040859 0.994410 288.786926
0.986190 0.138470 0.090861 9.079481 -0.133965 0.989516 -0.053961 -10.683901 -0.097380 0.041043 0.994401 290.263062
0.985918 0.139382 0.092398 9.194558 -0.134786 0.989387 -0.054274 -10.792020 -0.098982 0.041056 0.994242 291.791931
0.986114 0.137927 0.092498 9.335344 -0.133264 0.989561 -0.054855 -10.892979 -0.099099 0.041767 0.994201 293.310333
0.986261 0.136700 0.092744 9.471520 -0.131875 0.989665 -0.056323 -10.987351 -0.099485 0.043318 0.994096 294.735107
0.986807 0.134626 0.089932 9.670177 -0.129672 0.989809 -0.058854 -11.070598 -0.096939 0.046415 0.994207 296.133911
0.986870 0.134864 0.088876 9.803030 -0.129796 0.989690 -0.060557 -11.159303 -0.096127 0.048226 0.994200 297.566864
0.987279 0.136018 0.082334 10.036018 -0.131140 0.989421 -0.062029 -11.258640 -0.089900 0.050443 0.994673 299.018341
0.987186 0.138109 0.079931 10.161598 -0.133359 0.989125 -0.062020 -11.357274 -0.087628 0.050565 0.994869 300.518372
0.986888 0.139883 0.080530 10.255284 -0.135339 0.989018 -0.059388 -11.467580 -0.087953 0.047710 0.994981 302.070892
0.986782 0.139971 0.081671 10.355342 -0.135524 0.989093 -0.057692 -11.566642 -0.088856 0.045861 0.994988 303.601868
0.986687 0.140499 0.081901 10.477370 -0.136026 0.989013 -0.057879 -11.673425 -0.089134 0.045968 0.994958 305.142914
0.986537 0.141165 0.082565 10.596315 -0.136453 0.988816 -0.060194 -11.779988 -0.090139 0.048118 0.994766 306.667725
0.986477 0.141373 0.082924 10.708676 -0.136588 0.988759 -0.060821 -11.898991 -0.090591 0.048672 0.994698 308.219086
0.986328 0.141614 0.084273 10.804201 -0.136750 0.988728 -0.060963 -12.019622 -0.091957 0.048606 0.994576 309.753998
0.986071 0.142669 0.085492 10.917311 -0.137714 0.988572 -0.061325 -12.145877 -0.093264 0.048697 0.994450 311.313202
0.985753 0.144284 0.086446 11.020606 -0.139218 0.988316 -0.062048 -12.270612 -0.094389 0.049129 0.994322 312.869080
0.985505 0.145211 0.087711 11.124979 -0.140000 0.988150 -0.062925 -12.396322 -0.095809 0.049734 0.994157 314.399841
0.985421 0.144662 0.089540 11.228174 -0.139481 0.988303 -0.061666 -12.525865 -0.097414 0.048278 0.994072 315.973480
0.985416 0.143826 0.090941 11.333348 -0.138672 0.988477 -0.060688 -12.654298 -0.098622 0.047192 0.994005 317.527771
0.985438 0.143687 0.090918 11.452209 -0.138451 0.988457 -0.061514 -12.782373 -0.098708 0.048030 0.993957 319.090363
0.985205 0.144833 0.091618 11.580145 -0.139571 0.988301 -0.061486 -12.919947 -0.099451 0.047789 0.993894 320.646057
0.984999 0.146299 0.091507 11.702864 -0.140862 0.988001 -0.063334 -13.042422 -0.099675 0.049494 0.993788 322.214600
0.984746 0.148363 0.090904 11.822269 -0.142697 0.987565 -0.065982 -13.174838 -0.099563 0.052004 0.993671 323.778229
0.984549 0.149496 0.091178 11.943528 -0.143798 0.987391 -0.066190 -13.303666 -0.099924 0.052056 0.993632 325.344604
0.984407 0.150165 0.091620 12.058853 -0.144698 0.987425 -0.063680 -13.437166 -0.100030 0.049430 0.993756 326.931732
0.984157 0.151342 0.092364 12.157737 -0.146076 0.987368 -0.061377 -13.567021 -0.100487 0.046913 0.993832 328.505585
0.984112 0.152373 0.091143 12.284452 -0.147041 0.987145 -0.062647 -13.693282 -0.099517 0.048250 0.993865 330.077209
0.984145 0.152277 0.090945 12.397068 -0.146784 0.987074 -0.064345 -13.816605 -0.099567 0.049975 0.993775 331.582397
0.984275 0.151705 0.090491 12.516379 -0.146332 0.987205 -0.063355 -13.945419 -0.098944 0.049117 0.993880 333.121552
0.984394 0.150930 0.090490 12.633351 -0.145573 0.987329 -0.063165 -14.079911 -0.098877 0.049006 0.993892 334.669281
0.984413 0.150995 0.090170 12.776980 -0.145548 0.987263 -0.064245 -14.209402 -0.098722 0.050120 0.993852 336.202423
0.984433 0.150617 0.090591 12.895597 -0.145087 0.987292 -0.064842 -14.344346 -0.099206 0.050689 0.993775 337.750488
0.984372 0.150575 0.091316 13.009289 -0.144972 0.987285 -0.065203 -14.470657 -0.099973 0.050946 0.993685 339.274261
0.984376 0.150357 0.091633 13.124236 -0.144718 0.987310 -0.065384 -14.607184 -0.100301 0.051102 0.993644 340.844025
0.984384 0.149990 0.092142 13.256885 -0.144255 0.987332 -0.066069 -14.744797 -0.100884 0.051745 0.993552 342.380707
0.984251 0.150451 0.092816 13.373229 -0.144562 0.987208 -0.067243 -14.877017 -0.101746 0.052767 0.993410 343.932251
0.984073 0.150840 0.094067 13.490696 -0.144889 0.987162 -0.067218 -15.009043 -0.102998 0.052518 0.993294 345.464264
0.983966 0.151106 0.094753 13.617373 -0.145039 0.987088 -0.067976 -15.144078 -0.103801 0.053143 0.993177 347.020752
0.983951 0.150558 0.095772 13.741446 -0.144273 0.987093 -0.069514 -15.279621 -0.105002 0.054581 0.992973 348.567566
0.983823 0.150497 0.097177 13.869305 -0.144195 0.987145 -0.068945 -15.409475 -0.106303 0.053817 0.992876 350.092773
0.983889 0.149412 0.098171 13.990008 -0.143161 0.987365 -0.067940 -15.552879 -0.107081 0.052791 0.992848 351.659454
0.983796 0.149254 0.099344 14.107533 -0.142837 0.987346 -0.068887 -15.686976 -0.108368 0.053581 0.992666 353.217590
0.983597 0.150369 0.099629 14.248986 -0.143878 0.987155 -0.069453 -15.825826 -0.108793 0.053980 0.992598 354.809174
0.983190 0.152182 0.100888 14.372829 -0.145669 0.986918 -0.069095 -15.960858 -0.110083 0.053237 0.992496 356.391205
0.982755 0.153308 0.103392 14.490609 -0.146725 0.986798 -0.068571 -16.089897 -0.112540 0.052218 0.992274 357.909363
0.982489 0.154341 0.104371 14.622440 -0.147696 0.986644 -0.068695 -16.227489 -0.113580 0.052077 0.992163 359.500854
0.982172 0.155997 0.104893 14.770348 -0.149178 0.986328 -0.070023 -16.356394 -0.114383 0.053127 0.992015 361.054016
0.981965 0.156108 0.106652 14.900837 -0.149131 0.986295 -0.070580 -16.497051 -0.116209 0.053402 0.991788 362.630890
0.981659 0.157446 0.107502 15.050512 -0.150362 0.986068 -0.071141 -16.634489 -0.117205 0.053672 0.991656 364.202911
0.981390 0.158535 0.108354 15.206851 -0.151407 0.985906 -0.071171 -16.781239 -0.118110 0.053441 0.991561 365.805634
0.981160 0.159265 0.109364 15.358583 -0.152117 0.985816 -0.070910 -16.924191 -0.119107 0.052938 0.991469 367.369415
0.980838 0.160568 0.110335 15.511827 -0.153305 0.985590 -0.071477 -17.072426 -0.120222 0.053193 0.991321 368.941620
0.980464 0.162264 0.111175 15.674686 -0.154855 0.985282 -0.072378 -17.212017 -0.121283 0.053748 0.991162 370.469727
0.980143 0.163485 0.112212 15.815333 -0.156011 0.985092 -0.072487 -17.347624 -0.122390 0.053542 0.991037 372.004120
0.979743 0.165569 0.112656 15.982503 -0.158171 0.984800 -0.071773 -17.487514 -0.122827 0.052500 0.991038 373.555206
0.979426 0.166814 0.113573 16.137251 -0.159417 0.984624 -0.071421 -17.635382 -0.123741 0.051846 0.990959 375.146210
0.979257 0.167552 0.113939 16.295670 -0.160092 0.984487 -0.071804 -17.781740 -0.124202 0.052074 0.990890 376.726166
0.979101 0.168010 0.114601 16.450817 -0.160544 0.984429 -0.071592 -17.930744 -0.124844 0.051698 0.990829 378.293182
