1.000000 0.000000 0.000000 0.000000 0.000000 1.000000 0.000000 0.000000 0.000000 0.000000 1.000000 0.000000
1.000000 -0.000439 -0.000116 0.007042 0.000439 0.999999 0.001514 -0.025549 0.000115 -0.001514 0.999999 1.318176
0.999998 -0.001760 -0.000555 0.015208 0.001761 0.999997 0.001888 -0.048715 0.000551 -0.001889 0.999998 2.631446
0.999995 -0.002815 -0.001126 0.019296 0.002816 0.999996 0.000930 -0.077090 0.001124 -0.000933 0.999999 3.971109
0.999996 -0.002766 -0.001129 0.018687 0.002767 0.999996 0.001054 -0.104292 0.001126 -0.001057 0.999999 5.279566
0.999995 -0.002873 -0.001165 0.010484 0.002874 0.999995 0.001497 -0.123610 0.001160 -0.001501 0.999998 6.609272
0.999991 -0.004039 -0.001130 0.010149 0.004042 0.999989 0.002517 -0.150379 0.001120 -0.002522 0.999996 7.942711
0.999992 -0.003639 -0.001511 0.007592 0.003644 0.999989 0.002927 -0.174849 0.001500 -0.002933 0.999995 9.263927
0.999994 -0.003012 -0.001883 -0.006635 0.003015 0.999994 0.001685 -0.203756 0.001878 -0.001691 0.999997 10.584520
0.999998 -0.000312 -0.001833 -0.006706 0.000312 1.000000 0.000044 -0.231969 0.001833 -0.000044 0.999998 11.907107
0.999995 0.002598 -0.001742 -0.029006 -0.002599 0.999996 -0.000624 -0.264682 0.001740 0.000628 0.999998 13.245830
0.999986 0.004980 -0.001716 -0.052788 -0.004981 0.999987 -0.000666 -0.289893 0.001713 0.000675 0.999998 14.580807
0.999981 0.005931 -0.001703 -0.068296 -0.005931 0.999982 0.000099 -0.316794 0.001703 -0.000089 0.999999 15.931218
0.999991 0.003933 -0.001429 -0.069489 -0.003930 0.999990 0.002359 -0.339474 0.001439 -0.002353 0.999996 17.294188
0.999999 0.000013 -0.001452 -0.070462 -0.000007 0.999990 0.004466 -0.364939 0.001452 -0.004466 0.999989 18.662273
0.999996 -0.002060 -0.001928 -0.071510 0.002066 0.999993 0.003004 -0.395371 0.001922 -0.003008 0.999994 20.020752
0.999992 -0.003213 -0.002318 -0.076288 0.003216 0.999994 0.001192 -0.418545 0.002314 -0.001200 0.999997 21.381350
0.999998 -0.001218 -0.001670 -0.094695 0.001219 0.999999 0.000734 -0.466292 0.001669 -0.000736 0.999998 22.743546
0.999998 0.001696 -0.001250 -0.110306 -0.001694 0.999997 0.002018 -0.484861 0.001254 -0.002016 0.999997 24.121166
0.999996 0.002607 -0.000932 -0.117165 -0.002601 0.999981 0.005640 -0.509555 0.000947 -0.005638 0.999984 25.522898
0.999999 0.000325 -0.001127 -0.112716 -0.000317 0.999976 0.006955 -0.519598 0.001129 -0.006955 0.999975 26.914228
0.999994 -0.003037 -0.001618 -0.098348 0.003047 0.999976 0.006145 -0.547659 0.001599 -0.006150 0.999980 28.291470
0.999991 -0.003916 -0.001650 -0.108016 0.003923 0.999985 0.003831 -0.562880 0.001635 -0.003838 0.999991 29.684906
0.999991 -0.004227 -0.001024 -0.120711 0.004229 0.999988 0.002333 -0.591288 0.001014 -0.002338 0.999997 31.061016
0.999998 -0.001839 -0.000483 -0.143921 0.001840 0.999997 0.001260 -0.613488 0.000481 -0.001261 0.999999 32.442169
1.000000 -0.000688 0.000158 -0.154291 0.000688 1.000000 -0.000348 -0.639759 -0.000157 0.000348 1.000000 33.832027
1.000000 -0.000552 -0.000077 -0.163945 0.000552 1.000000 0.000015 -0.661339 0.000077 -0.000015 1.000000 35.234177
1.000000 -0.000566 -0.000093 -0.167934 0.000566 0.999999 0.000976 -0.689754 0.000093 -0.000976 1.000000 36.609585
1.000000 0.000573 -0.000400 -0.180595 -0.000572 0.999997 0.002405 -0.715346 0.000401 -0.002405 0.999997 38.010311
0.999997 0.002209 -0.000792 -0.194400 -0.002207 0.999995 0.002261 -0.737702 0.000797 -0.002259 0.999997 39.418495
0.999991 0.004255 -0.000645 -0.224126 -0.004254 0.999989 0.001963 -0.763109 0.000654 -0.001960 0.999998 40.821335
0.999982 0.006011 -0.000793 -0.247576 -0.006010 0.999980 0.001919 -0.783294 0.000805 -0.001915 0.999998 42.229221
0.999979 0.006368 -0.001154 -0.262960 -0.006366 0.999978 0.001730 -0.804834 0.001165 -0.001723 0.999998 43.641018
0.999984 0.005333 -0.001817 -0.270834 -0.005330 0.999984 0.001783 -0.827333 0.001827 -0.001773 0.999997 45.044804
0.999987 0.004627 -0.002350 -0.284047 -0.004624 0.999989 0.001175 -0.851141 0.002355 -0.001164 0.999997 46.448044
0.999985 0.004434 -0.003215 -0.300676 -0.004430 0.999989 0.001421 -0.880298 0.003221 -0.001407 0.999994 47.855663
0.999984 0.004181 -0.003745 -0.325299 -0.004173 0.999989 0.002204 -0.901435 0.003754 -0.002189 0.999991 49.260094
0.999981 0.004252 -0.004421 -0.352566 -0.004243 0.999989 0.002038 -0.927516 0.004429 -0.002019 0.999988 50.656990
0.999973 0.004222 -0.005983 -0.366968 -0.004210 0.999989 0.001972 -0.952506 0.005991 -0.001947 0.999980 52.094193
0.999967 0.003946 -0.007160 -0.385167 -0.003927 0.999989 0.002669 -0.974289 0.007170 -0.002641 0.999971 53.505672
0.999965 0.002480 -0.007939 -0.403911 -0.002450 0.999990 0.003679 -0.993659 0.007948 -0.003660 0.999962 54.930965
0.999962 0.000130 -0.008758 -0.421180 -0.000095 0.999992 0.004002 -1.013516 0.008758 -0.004001 0.999954 56.357616
0.999950 -0.002506 -0.009730 -0.433739 0.002539 0.999991 0.003426 -1.032333 0.009721 -0.003451 0.999947 57.803097
0.999949 -0.003118 -0.009633 -0.456632 0.003152 0.999989 0.003593 -1.057752 0.009621 -0.003623 0.999947 59.240345
0.999948 -0.004464 -0.009137 -0.472057 0.004502 0.999981 0.004139 -1.082068 0.009118 -0.004180 0.999950 60.676159
0.999943 -0.005920 -0.008904 -0.490594 0.005961 0.999972 0.004632 -1.103320 0.008876 -0.004685 0.999950 62.112480
0.999940 -0.007194 -0.008210 -0.505936 0.007230 0.999965 0.004321 -1.128303 0.008179 -0.004380 0.999957 63.532616
0.999935 -0.008353 -0.007753 -0.524602 0.008379 0.999960 0.003279 -1.150680 0.007726 -0.003344 0.999965 64.971207
0.999934 -0.008815 -0.007406 -0.540113 0.008837 0.999957 0.002929 -1.178944 0.007380 -0.002995 0.999968 66.402542
0.999942 -0.008358 -0.006795 -0.567091 0.008378 0.999961 0.002861 -1.200186 0.006771 -0.002918 0.999973 67.825142
0.999959 -0.006453 -0.006406 -0.589620 0.006476 0.999973 0.003588 -1.222101 0.006382 -0.003630 0.999973 69.269211
