1.000000 0.000000 0.000000 0.000000 0.000000 1.000000 0.000000 0.000000 0.000000 0.000000 1.000000 0.000000
1.000000 -0.000495 0.000149 0.001865 0.000495 0.999999 0.001552 -0.024703 -0.000150 -0.001552 0.999999 1.280807
0.999998 -0.001895 0.000133 0.003272 0.001895 0.999996 0.002023 -0.049357 -0.000137 -0.002023 0.999998 2.570330
0.999995 -0.003087 0.000258 -0.002647 0.003087 0.999994 0.001232 -0.077891 -0.000262 -0.001232 0.999999 3.858257
0.999995 -0.003057 0.000319 -0.006355 0.003056 0.999994 0.001362 -0.104550 -0.000323 -0.001361 0.999999 5.153430
0.999995 -0.003280 0.000453 -0.016052 0.003279 0.999993 0.001927 -0.123997 -0.000459 -0.001925 0.999998 6.469626
0.999989 -0.004551 0.000858 -0.020603 0.004548 0.999985 0.003169 -0.152239 -0.000872 -0.003165 0.999995 7.782684
0.999991 -0.004173 0.000609 -0.021459 0.004170 0.999985 0.003675 -0.176914 -0.000624 -0.003672 0.999993 9.091664
0.999994 -0.003519 0.000394 -0.035407 0.003518 0.999991 0.002423 -0.205342 -0.000403 -0.002422 0.999997 10.402163
0.999999 -0.001092 0.000792 -0.043458 0.001091 0.999999 0.000832 -0.233584 -0.000793 -0.000832 0.999999 11.700330
0.999998 0.001873 0.001133 -0.064403 -0.001873 0.999998 0.000124 -0.264682 -0.001133 -0.000126 0.999999 13.019452
0.999990 0.004321 0.001219 -0.084202 -0.004321 0.999991 0.000021 -0.289426 -0.001219 -0.000026 0.999999 14.344730
0.999985 0.005247 0.001547 -0.099003 -0.005248 0.999986 0.000770 -0.315034 -0.001543 -0.000778 0.999999 15.671818
0.999993 0.003125 0.002177 -0.102052 -0.003131 0.999991 0.002989 -0.336365 -0.002167 -0.002995 0.999993 17.013081
0.999997 -0.000829 0.002395 -0.100936 0.000816 0.999987 0.005035 -0.360554 -0.002399 -0.005033 0.999984 18.358826
0.999993 -0.003012 0.002212 -0.095642 0.003004 0.999989 0.003626 -0.391317 -0.002223 -0.003620 0.999991 19.700224
0.999989 -0.004132 0.002137 -0.101666 0.004129 0.999990 0.001819 -0.413670 -0.002145 -0.001810 0.999996 21.027555
0.999993 -0.002079 0.003140 -0.116360 0.002075 0.999997 0.001354 -0.461245 -0.003143 -0.001347 0.999994 22.359560
0.999993 0.000781 0.003753 -0.134717 -0.000791 0.999996 0.002584 -0.478533 -0.003751 -0.002587 0.999990 23.704813
0.999988 0.001595 0.004574 -0.147365 -0.001624 0.999979 0.006332 -0.502920 -0.004564 -0.006340 0.999969 25.059994
0.999988 -0.000910 0.004837 -0.144297 0.000873 0.999970 0.007642 -0.512362 -0.004844 -0.007638 0.999959 26.415016
0.999980 -0.004138 0.004707 -0.135524 0.004105 0.999968 0.006924 -0.540318 -0.004735 -0.006904 0.999965 27.759649
0.999975 -0.004791 0.005233 -0.143159 0.004766 0.999977 0.004727 -0.556976 -0.005255 -0.004702 0.999975 29.102409
0.999966 -0.004759 0.006799 -0.168361 0.004737 0.999983 0.003259 -0.588949 -0.006815 -0.003227 0.999972 30.428246
0.999964 -0.002437 0.008090 -0.195180 0.002419 0.999994 0.002311 -0.609024 -0.008096 -0.002292 0.999965 31.764330
0.999952 -0.001169 0.009686 -0.217244 0.001162 0.999999 0.000711 -0.636196 -0.009687 -0.000699 0.999953 33.104744
0.999946 -0.000430 0.010346 -0.225720 0.000419 0.999999 0.001046 -0.661923 -0.010347 -0.001042 0.999946 34.461063
0.999937 0.000073 0.011204 -0.238148 -0.000098 0.999997 0.002257 -0.693738 -0.011204 -0.002257 0.999935 35.784435
0.999926 0.001455 0.012082 -0.266872 -0.001500 0.999992 0.003712 -0.721255 -0.012076 -0.003730 0.999920 37.122173
0.999908 0.003336 0.013125 -0.299508 -0.003385 0.999987 0.003707 -0.745312 -0.013112 -0.003751 0.999907 38.466038
0.999890 0.005624 0.013707 -0.317498 -0.005673 0.999978 0.003518 -0.771790 -0.013687 -0.003596 0.999900 39.847507
0.999862 0.007700 0.014736 -0.349089 -0.007758 0.999962 0.003862 -0.793420 -0.014706 -0.003976 0.999884 41.202877
0.999843 0.008678 0.015451 -0.368591 -0.008740 0.999954 0.003934 -0.818249 -0.015417 -0.004069 0.999873 42.569801
0.999844 0.007844 0.015795 -0.374065 -0.007909 0.999960 0.004077 -0.839781 -0.015763 -0.004201 0.999867 43.930508
0.999833 0.007341 0.016712 -0.392210 -0.007403 0.999966 0.003672 -0.864969 -0.016685 -0.003796 0.999854 45.263821
0.999835 0.007360 0.016609 -0.401784 -0.007425 0.999965 0.003896 -0.890964 -0.016580 -0.004019 0.999854 46.632565
0.999831 0.007235 0.016914 -0.416921 -0.007318 0.999961 0.004850 -0.913834 -0.016878 -0.004973 0.999845 47.994095
0.999826 0.007652 0.017031 -0.429963 -0.007732 0.999959 0.004655 -0.939631 -0.016995 -0.004786 0.999844 49.361332
0.999823 0.008007 0.017002 -0.439863 -0.008085 0.999957 0.004532 -0.964437 -0.016965 -0.004668 0.999845 50.732327
0.999820 0.008215 0.017102 -0.450730 -0.008305 0.999952 0.005196 -0.989332 -0.017059 -0.005337 0.999840 52.101391
0.999830 0.007411 0.016879 -0.452076 -0.007519 0.999952 0.006332 -1.011975 -0.016831 -0.006458 0.999838 53.518810
0.999839 0.005352 0.017112 -0.450245 -0.005466 0.999963 0.006644 -1.032603 -0.017076 -0.006737 0.999831 54.881935
0.999845 0.003087 0.017314 -0.443807 -0.003193 0.999976 0.006116 -1.052018 -0.017295 -0.006170 0.999831 56.249672
0.999827 0.002733 0.018421 -0.450570 -0.002850 0.999976 0.006286 -1.078169 -0.018403 -0.006338 0.999811 57.638233
0.999801 0.002074 0.019841 -0.445919 -0.002215 0.999972 0.007112 -1.105620 -0.019826 -0.007154 0.999778 59.013680
0.999777 0.001399 0.021079 -0.450261 -0.001565 0.999968 0.007855 -1.128027 -0.021067 -0.007886 0.999747 60.406784
0.999735 0.000990 0.022991 -0.452671 -0.001163 0.999971 0.007510 -1.153736 -0.022983 -0.007535 0.999707 61.774914
0.999699 0.000433 0.024520 -0.447367 -0.000593 0.999979 0.006518 -1.178047 -0.024517 -0.006530 0.999678 63.142269
0.999662 0.001197 0.025966 -0.436934 -0.001362 0.999979 0.006355 -1.209319 -0.025958 -0.006389 0.999643 64.513664
0.999617 0.002315 0.027591 -0.437309 -0.002493 0.999976 0.006418 -1.232613 -0.027575 -0.006484 0.999599 65.863739
0.999556 0.004962 0.029372 -0.440652 -0.005180 0.999960 0.007353 -1.258443 -0.029334 -0.007502 0.999542 67.215691
0.999464 0.008392 0.031629 -0.457740 -0.008664 0.999926 0.008485 -1.284242 -0.031556 -0.008754 0.999464 68.526382
0.999350 0.012239 0.033902 -0.462758 -0.012551 0.999881 0.008993 -1.309625 -0.033788 -0.009413 0.999385 69.861961
0.999248 0.015821 0.035391 -0.463426 -0.016127 0.999835 0.008398 -1.331972 -0.035252 -0.008963 0.999338 71.202690
0.999118 0.019312 0.037283 -0.460803 -0.019613 0.999778 0.007737 -1.355646 -0.037125 -0.008462 0.999275 72.560402
0.999010 0.021190 0.039119 -0.449080 -0.021491 0.999743 0.007274 -1.377408 -0.038955 -0.008108 0.999208 73.916435
0.998953 0.022370 0.039904 -0.421327 -0.022694 0.999713 0.007696 -1.404247 -0.039721 -0.008593 0.999174 75.284065
0.998930 0.021865 0.040741 -0.387921 -0.022179 0.999728 0.007263 -1.423836 -0.040571 -0.008159 0.999143 76.626640
0.998915 0.020629 0.041753 -0.356852 -0.020906 0.999762 0.006211 -1.445709 -0.041615 -0.007077 0.999109 77.913086
0.998876 0.020509 0.042726 -0.333606 -0.020769 0.999768 0.005657 -1.468306 -0.042600 -0.006538 0.999071 79.229050
0.998853 0.020819 0.043117 -0.299897 -0.021088 0.999761 0.005788 -1.490646 -0.042987 -0.006691 0.999053 80.573280
0.998845 0.021032 0.043209 -0.274079 -0.021283 0.999759 0.005362 -1.518988 -0.043086 -0.006275 0.999052 81.882698
0.998834 0.022308 0.042806 -0.242939 -0.022565 0.999730 0.005518 -1.542859 -0.042672 -0.006478 0.999068 83.203758
0.998824 0.022788 0.042783 -0.221433 -0.023063 0.999716 0.005946 -1.570313 -0.042635 -0.006925 0.999067 84.476715
0.998867 0.021492 0.042459 -0.191318 -0.021795 0.999740 0.006665 -1.590410 -0.042305 -0.007583 0.999076 85.788017
0.998919 0.019548 0.042175 -0.161500 -0.019864 0.999778 0.007071 -1.608477 -0.042028 -0.007901 0.999085 87.031441
0.998935 0.017619 0.042643 -0.150510 -0.017941 0.999813 0.007173 -1.626792 -0.042509 -0.007930 0.999065 88.200874
0.998964 0.016421 0.042450 -0.115543 -0.016727 0.999837 0.006871 -1.647953 -0.042330 -0.007574 0.999075 89.506004
0.998978 0.015804 0.042335 -0.080089 -0.016104 0.999847 0.006761 -1.670554 -0.042222 -0.007436 0.999081 90.788345
0.998965 0.016636 0.042329 -0.056020 -0.016913 0.999838 0.006201 -1.690383 -0.042219 -0.006910 0.999085 92.065125
0.998936 0.016856 0.042924 -0.025360 -0.017123 0.999836 0.005860 -1.710721 -0.042818 -0.006589 0.999061 93.321854
0.998900 0.017696 0.043436 0.005848 -0.017942 0.999825 0.005289 -1.735404 -0.043335 -0.006063 0.999042 94.609184
0.998853 0.018288 0.044256 0.035770 -0.018546 0.999813 0.005442 -1.755319 -0.044148 -0.006257 0.999005 95.883759
0.998827 0.018670 0.044678 0.066365 -0.018970 0.999800 0.006307 -1.777853 -0.044551 -0.007147 0.998982 97.149719
0.998795 0.019686 0.044957 0.097263 -0.020027 0.999774 0.007145 -1.795786 -0.044806 -0.008037 0.998963 98.432785
0.998800 0.018389 0.045382 0.138177 -0.018684 0.999807 0.006088 -1.818019 -0.045262 -0.006929 0.998951 99.711777
0.998767 0.018245 0.046164 0.181621 -0.018432 0.999823 0.003642 -1.837916 -0.046089 -0.004488 0.998927 100.967972
0.998771 0.017755 0.046276 0.218433 -0.017884 0.999837 0.002380 -1.858897 -0.046226 -0.003205 0.998926 102.219116
0.998771 0.016262 0.046813 0.265363 -0.016402 0.999862 0.002596 -1.880718 -0.046765 -0.003361 0.998900 103.495918
0.998766 0.013540 0.047789 0.319666 -0.013741 0.999898 0.003868 -1.902184 -0.047732 -0.004520 0.998850 104.790894
0.998722 0.012332 0.049011 0.367571 -0.012554 0.999912 0.004232 -1.930707 -0.048955 -0.004841 0.998789 106.086014
0.998658 0.011972 0.050386 0.419891 -0.012146 0.999921 0.003149 -1.955118 -0.050344 -0.003756 0.998725 107.360260
0.998609 0.014147 0.050791 0.458240 -0.014227 0.999898 0.001217 -1.985385 -0.050769 -0.001938 0.998709 108.649551
0.998518 0.016455 0.051883 0.498027 -0.016446 0.999865 -0.000594 -2.016666 -0.051886 -0.000260 0.998653 109.940041
0.998372 0.019684 0.053539 0.531283 -0.019667 0.999806 -0.000849 -2.046508 -0.053546 -0.000205 0.998565 111.242378
0.998266 0.021450 0.054812 0.584113 -0.021515 0.999768 0.000600 -2.077677 -0.054786 -0.001779 0.998497 112.557556
0.998199 0.021725 0.055921 0.643167 -0.021876 0.999758 0.002088 -2.104501 -0.055862 -0.003307 0.998433 113.876648
0.998156 0.021728 0.056677 0.701198 -0.021894 0.999758 0.002318 -2.133720 -0.056613 -0.003555 0.998390 115.193390
0.998104 0.022240 0.057394 0.758018 -0.022372 0.999748 0.001649 -2.160725 -0.057343 -0.002930 0.998350 116.496361
0.997975 0.024426 0.058731 0.813936 -0.024527 0.999699 0.000994 -2.190653 -0.058689 -0.002433 0.998273 117.799484
0.997846 0.026581 0.059976 0.868361 -0.026669 0.999644 0.000667 -2.221691 -0.059937 -0.002265 0.998200 119.107292
0.997790 0.027242 0.060610 0.927772 -0.027288 0.999628 -0.000078 -2.253772 -0.060589 -0.001576 0.998162 120.420654
0.997708 0.028396 0.061414 0.989325 -0.028394 0.999596 -0.000903 -2.283514 -0.061415 -0.000843 0.998112 121.735130
0.997629 0.028531 0.062626 1.053361 -0.028515 0.999593 -0.001160 -2.313267 -0.062634 -0.000629 0.998036 123.056976
0.997584 0.028515 0.063355 1.117727 -0.028548 0.999592 -0.000388 -2.344111 -0.063340 -0.001421 0.997991 124.389191
0.997549 0.028238 0.064017 1.187418 -0.028318 0.999599 0.000350 -2.372843 -0.063981 -0.002162 0.997949 125.708260
0.997548 0.027465 0.064367 1.260555 -0.027549 0.999620 0.000417 -2.402781 -0.064331 -0.002189 0.997926 127.023460
0.997571 0.025902 0.064669 1.332321 -0.025972 0.999663 0.000236 -2.431463 -0.064641 -0.001915 0.997907 128.348831
0.997604 0.025219 0.064428 1.408260 -0.025333 0.999679 0.000955 -2.462544 -0.064383 -0.002585 0.997922 129.681915
0.997646 0.024653 0.063987 1.478003 -0.024764 0.999693 0.000947 -2.493763 -0.063944 -0.002529 0.997950 130.985107
0.997720 0.023736 0.063178 1.549233 -0.023843 0.999715 0.000944 -2.524973 -0.063138 -0.002448 0.998002 132.320007
0.997821 0.022787 0.061924 1.624039 -0.022922 0.999736 0.001463 -2.549250 -0.061875 -0.002879 0.998080 133.639572
0.997848 0.022940 0.061431 1.688413 -0.023068 0.999733 0.001377 -2.579820 -0.061383 -0.002791 0.998110 134.932968
0.997906 0.023357 0.060323 1.756216 -0.023500 0.999722 0.001655 -2.607259 -0.060268 -0.003070 0.998178 136.255478
0.997935 0.024306 0.059459 1.813333 -0.024425 0.999701 0.001279 -2.636050 -0.059410 -0.002728 0.998230 137.585114
0.997964 0.024592 0.058853 1.875159 -0.024681 0.999695 0.000793 -2.656707 -0.058815 -0.002243 0.998266 138.911453
0.998045 0.022630 0.058258 1.930351 -0.022576 0.999744 -0.001587 -2.682882 -0.058279 0.000268 0.998300 140.216766
0.998196 0.017773 0.057351 2.003855 -0.017660 0.999841 -0.002467 -2.713044 -0.057386 0.001450 0.998351 141.534027
0.998308 0.011536 0.056987 2.083451 -0.011533 0.999933 -0.000387 -2.741878 -0.056988 -0.000271 0.998375 142.853195
0.998419 0.005370 0.055948 2.173126 -0.005419 0.999985 0.000728 -2.771237 -0.055943 -0.001030 0.998433 144.128387
0.998472 0.002476 0.055199 2.245152 -0.002381 0.999996 -0.001786 -2.802271 -0.055204 0.001652 0.998474 145.424942
0.998445 0.003382 0.055648 2.303806 -0.003138 0.999985 -0.004482 -2.838055 -0.055662 0.004301 0.998440 146.690262
0.998363 0.006754 0.056801 2.351916 -0.006384 0.999957 -0.006690 -2.871660 -0.056844 0.006317 0.998363 148.000427
0.998303 0.006983 0.057808 2.407828 -0.006583 0.999953 -0.007109 -2.903095 -0.057855 0.006717 0.998302 149.296356
0.998263 0.005065 0.058699 2.482148 -0.004771 0.999975 -0.005159 -2.933977 -0.058724 0.004870 0.998262 150.573486
0.998250 0.000712 0.059129 2.562348 -0.000566 0.999997 -0.002491 -2.972204 -0.059131 0.002454 0.998247 151.866837
0.998256 -0.002390 0.058990 2.644967 0.002480 0.999996 -0.001453 -3.006886 -0.058986 0.001597 0.998258 153.188110
0.998244 -0.003688 0.059114 2.719869 0.003747 0.999993 -0.000888 -3.043704 -0.059111 0.001108 0.998251 154.485519
0.998198 -0.001566 0.059985 2.787871 0.001588 0.999999 -0.000313 -3.077017 -0.059985 0.000408 0.998199 155.789093
0.998138 0.001595 0.060980 2.851275 -0.001533 0.999998 -0.001058 -3.107997 -0.060982 0.000963 0.998138 157.122513
0.998037 0.005602 0.062373 2.898457 -0.005417 0.999980 -0.003133 -3.139244 -0.062389 0.002789 0.998048 158.382446
0.997946 0.008859 0.063441 2.956118 -0.008642 0.999956 -0.003685 -3.176235 -0.063470 0.003129 0.997979 159.707367
0.997873 0.010864 0.064281 3.016831 -0.010718 0.999939 -0.002615 -3.207803 -0.064306 0.001920 0.997928 161.004166
0.997837 0.013370 0.064355 3.079709 -0.013216 0.999909 -0.002810 -3.246970 -0.064387 0.001953 0.997923 162.314590
0.997823 0.015219 0.064176 3.143617 -0.014933 0.999876 -0.004925 -3.281070 -0.064244 0.003956 0.997926 163.638062
0.997771 0.019301 0.063885 3.198475 -0.018886 0.999797 -0.007085 -3.323660 -0.064009 0.005862 0.997932 164.967255
0.997682 0.023427 0.063891 3.247419 -0.022945 0.999703 -0.008268 -3.357735 -0.064066 0.006783 0.997923 166.286896
0.997562 0.027627 0.064078 3.297675 -0.027198 0.999601 -0.007569 -3.393017 -0.064262 0.005808 0.997916 167.584381
0.997475 0.029287 0.064706 3.359981 -0.028983 0.999564 -0.005637 -3.423737 -0.064843 0.003747 0.997888 168.917435
0.997457 0.029651 0.064803 3.429517 -0.029472 0.999559 -0.003707 -3.455401 -0.064884 0.001787 0.997891 170.245468
0.997594 0.028078 0.063392 3.502743 -0.027950 0.999605 -0.002911 -3.492435 -0.063449 0.001133 0.997984 171.589584
0.997779 0.026408 0.061146 3.584227 -0.026294 0.999651 -0.002669 -3.528144 -0.061195 0.001056 0.998125 172.959396
0.997901 0.027118 0.058809 3.652593 -0.026804 0.999622 -0.006127 -3.562423 -0.058953 0.004538 0.998250 174.311417
0.997937 0.028872 0.057349 3.708012 -0.028353 0.999550 -0.009827 -3.600527 -0.057607 0.008181 0.998306 175.679428
0.997823 0.033893 0.056580 3.751443 -0.033333 0.999386 -0.010817 -3.644376 -0.056912 0.008908 0.998339 177.056381
0.997722 0.037340 0.056178 3.792120 -0.036835 0.999271 -0.009999 -3.685799 -0.056511 0.007907 0.998371 178.412369
0.997625 0.039809 0.056216 3.850572 -0.039446 0.999193 -0.007549 -3.722895 -0.056471 0.005314 0.998390 179.768661
0.997567 0.040311 0.056875 3.906207 -0.040091 0.999184 -0.004992 -3.761155 -0.057030 0.002700 0.998369 181.129257
0.997556 0.039831 0.057401 3.964246 -0.039648 0.999204 -0.004324 -3.788791 -0.057528 0.002037 0.998342 182.449936
0.997590 0.038534 0.057701 4.029691 -0.038380 0.999256 -0.003773 -3.819506 -0.057804 0.001549 0.998327 183.792572
0.997619 0.037189 0.058078 4.093074 -0.037080 0.999308 -0.002950 -3.854679 -0.058148 0.000789 0.998308 185.137756
0.997620 0.036300 0.058621 4.168558 -0.036212 0.999341 -0.002555 -3.894425 -0.058675 0.000426 0.998277 186.494553
0.997622 0.034755 0.059513 4.237499 -0.034729 0.999396 -0.001477 -3.928123 -0.059528 -0.000593 0.998226 187.850937
0.997682 0.032479 0.059801 4.321169 -0.032567 0.999469 0.000500 -3.968005 -0.059753 -0.002446 0.998210 189.220184
0.997736 0.030453 0.059959 4.396969 -0.030555 0.999533 0.000797 -3.999306 -0.059906 -0.002627 0.998201 190.587234
0.997657 0.032693 0.060095 4.455122 -0.032601 0.999465 -0.002501 -4.035410 -0.060144 0.000536 0.998190 191.956253
0.997399 0.039460 0.060314 4.494834 -0.039110 0.999211 -0.006972 -4.069083 -0.060542 0.004595 0.998155 193.309021
0.996899 0.048664 0.061848 4.526793 -0.048295 0.998805 -0.007445 -4.103628 -0.062136 0.004435 0.998058 194.676804
0.996393 0.056349 0.063454 4.566523 -0.056161 0.998410 -0.004736 -4.133545 -0.063620 0.001155 0.997974 196.055069
0.996235 0.058225 0.064232 4.626827 -0.058177 0.998303 -0.002613 -4.163678 -0.064275 -0.001133 0.997932 197.459991
0.996327 0.057386 0.063549 4.708213 -0.057367 0.998351 -0.002131 -4.191045 -0.063566 -0.001522 0.997976 198.859756
0.996556 0.054774 0.062264 4.797457 -0.054742 0.998498 -0.002222 -4.224242 -0.062292 -0.001194 0.998057 200.266708
0.996673 0.053871 0.061168 4.877643 -0.053819 0.998548 -0.002488 -4.261238 -0.061213 -0.000812 0.998124 201.687698
0.996667 0.054962 0.060278 4.954412 -0.054877 0.998488 -0.003065 -4.297311 -0.060356 -0.000253 0.998177 203.116043
0.996582 0.056948 0.059839 5.019720 -0.056876 0.998377 -0.002917 -4.332900 -0.059908 -0.000497 0.998204 204.511978
0.996489 0.058679 0.059719 5.085653 -0.058643 0.998276 -0.002359 -4.362483 -0.059754 -0.001151 0.998212 205.912750
0.996482 0.059048 0.059467 5.157780 -0.058970 0.998255 -0.003070 -4.394960 -0.059545 -0.000448 0.998226 207.338867
0.996515 0.058907 0.059057 5.230429 -0.058776 0.998263 -0.003967 -4.426957 -0.059188 0.000482 0.998247 208.779602
0.996554 0.058685 0.058621 5.296134 -0.058536 0.998276 -0.004265 -4.463376 -0.058770 0.000819 0.998271 210.191727
0.996511 0.059439 0.058596 5.343965 -0.059280 0.998232 -0.004444 -4.497046 -0.058757 0.000955 0.998272 211.613174
0.996456 0.060036 0.058923 5.398128 -0.059865 0.998196 -0.004666 -4.533171 -0.059097 0.001122 0.998252 213.035629
0.996445 0.060016 0.059120 5.456665 -0.059823 0.998196 -0.005022 -4.566743 -0.059315 0.001467 0.998238 214.442337
0.996415 0.060871 0.058757 5.520701 -0.060679 0.998145 -0.005038 -4.601922 -0.058955 0.001455 0.998260 215.909119
0.996408 0.061056 0.058684 5.583188 -0.060846 0.998133 -0.005358 -4.638212 -0.058901 0.001768 0.998262 217.360794
0.996344 0.061965 0.058815 5.630698 -0.061753 0.998077 -0.005415 -4.671837 -0.059038 0.001763 0.998254 218.776138
0.996297 0.061947 0.059624 5.678834 -0.061731 0.998078 -0.005453 -4.705017 -0.059847 0.001752 0.998206 220.191528
0.996314 0.061655 0.059645 5.744474 -0.061400 0.998095 -0.006099 -4.738826 -0.059907 0.002414 0.998201 221.655258
0.996309 0.061264 0.060122 5.808017 -0.061004 0.998119 -0.006160 -4.775873 -0.060386 0.002470 0.998172 223.097961
0.996304 0.061153 0.060326 5.876626 -0.060929 0.998127 -0.005542 -4.815434 -0.060552 0.001846 0.998163 224.572403
0.996225 0.061667 0.061090 5.929477 -0.061461 0.998096 -0.005261 -4.852150 -0.061298 0.001487 0.998118 226.020691
0.996148 0.062673 0.061336 5.988904 -0.062454 0.998033 -0.005485 -4.890777 -0.061560 0.001634 0.998102 227.478607
0.996064 0.063383 0.061965 6.053123 -0.063123 0.997987 -0.006145 -4.925957 -0.062229 0.002210 0.998059 228.953629
0.995857 0.065445 0.063133 6.087241 -0.065232 0.997855 -0.005432 -4.962316 -0.063353 0.001291 0.997990 230.400467
0.995740 0.065965 0.064420 6.138674 -0.065864 0.997822 -0.003683 -4.991560 -0.064523 -0.000575 0.997916 231.853790
0.995760 0.065342 0.064748 6.205533 -0.065254 0.997863 -0.003472 -5.023973 -0.064837 -0.000768 0.997896 233.342270
0.995630 0.066219 0.065850 6.260222 -0.066035 0.997805 -0.004980 -5.057786 -0.066036 0.000610 0.997817 234.782562
0.995530 0.066684 0.066881 6.329205 -0.066409 0.997772 -0.006330 -5.092364 -0.067155 0.001860 0.997741 236.246231
0.995422 0.067847 0.067318 6.397799 -0.067599 0.997695 -0.005958 -5.128424 -0.067567 0.001380 0.997714 237.737137
0.995414 0.067681 0.067610 6.470201 -0.067475 0.997707 -0.005323 -5.161226 -0.067815 0.000737 0.997698 239.176376
0.995330 0.068326 0.068189 6.539980 -0.068146 0.997663 -0.004967 -5.200621 -0.068369 0.000297 0.997660 240.616364
0.995249 0.069433 0.068253 6.612078 -0.069253 0.997587 -0.005013 -5.240526 -0.068436 0.000263 0.997656 242.080582
0.995054 0.071339 0.069120 6.676758 -0.071158 0.997452 -0.005081 -5.278326 -0.069307 0.000138 0.997595 243.515411
0.994904 0.072832 0.069723 6.761197 -0.072651 0.997344 -0.005132 -5.319499 -0.069912 0.000040 0.997553 244.974716
0.994810 0.074014 0.069822 6.838354 -0.073814 0.997257 -0.005445 -5.352926 -0.070033 0.000262 0.997545 246.392578
0.994836 0.073273 0.070229 6.921279 -0.073065 0.997312 -0.005538 -5.390617 -0.070446 0.000378 0.997515 247.847260
0.994883 0.072481 0.070383 6.998106 -0.072313 0.997370 -0.004944 -5.420182 -0.070556 -0.000171 0.997508 249.329208
0.994952 0.070862 0.071054 7.079341 -0.070718 0.997486 -0.004543 -5.458324 -0.071197 -0.000505 0.997462 250.801086
0.994965 0.069852 0.071870 7.155032 -0.069660 0.997557 -0.005174 -5.494803 -0.072056 0.000142 0.997401 252.158478
0.994867 0.070159 0.072919 7.201135 -0.069872 0.997535 -0.006487 -5.525599 -0.073195 0.001358 0.997317 253.271500
0.994806 0.069371 0.074495 7.254426 -0.069187 0.997591 -0.005051 -5.560193 -0.074666 -0.000129 0.997209 254.438980
0.994824 0.067478 0.075973 7.339307 -0.067394 0.997720 -0.003665 -5.591173 -0.076047 -0.001474 0.997103 255.718445
0.994811 0.066064 0.077377 7.428204 -0.065919 0.997815 -0.004430 -5.621258 -0.077501 -0.000693 0.996992 256.964203
0.994740 0.065635 0.078636 7.530079 -0.065397 0.997844 -0.005601 -5.658337 -0.078834 0.000429 0.996888 258.368286
0.994566 0.066476 0.080120 7.628824 -0.066201 0.997788 -0.006084 -5.696024 -0.080347 0.000747 0.996767 259.801361
0.994337 0.067791 0.081840 7.719275 -0.067498 0.997699 -0.006349 -5.735970 -0.082082 0.000789 0.996625 261.248901
0.994122 0.068984 0.083445 7.828811 -0.068671 0.997617 -0.006621 -5.781213 -0.083703 0.000852 0.996490 262.719177
0.993883 0.070587 0.084934 7.912433 -0.070261 0.997505 -0.006823 -5.820301 -0.085204 0.000814 0.996363 264.136292
0.993688 0.071112 0.086764 8.007143 -0.070743 0.997468 -0.007320 -5.856156 -0.087065 0.001136 0.996202 265.567322
0.993552 0.071219 0.088222 8.106664 -0.070779 0.997459 -0.008106 -5.898049 -0.088575 0.001810 0.996068 267.028809
