1.000000 0.000000 0.000000 0.000000 0.000000 1.000000 0.000000 0.000000 0.000000 0.000000 1.000000 0.000000
1.000000 -0.000561 0.000332 -0.005668 0.000561 0.999999 0.001620 -0.025531 -0.000333 -0.001619 0.999999 1.288678
0.999998 -0.001800 0.000223 -0.001772 0.001799 0.999996 0.001966 -0.048200 -0.000226 -0.001965 0.999998 2.584293
0.999996 -0.002858 0.000281 -0.011226 0.002858 0.999995 0.001096 -0.076043 -0.000284 -0.001095 0.999999 3.882997
0.999996 -0.002651 0.000518 -0.019117 0.002651 0.999996 0.001120 -0.101008 -0.000521 -0.001119 0.999999 5.177224
0.999996 -0.002838 0.000576 -0.027939 0.002837 0.999995 0.001651 -0.121503 -0.000581 -0.001649 0.999998 6.498771
0.999992 -0.003902 0.001073 -0.036175 0.003899 0.999988 0.002837 -0.148934 -0.001084 -0.002833 0.999995 7.811887
0.999993 -0.003496 0.000924 -0.039424 0.003493 0.999989 0.003251 -0.172733 -0.000935 -0.003248 0.999994 9.121076
0.999996 -0.002845 0.000795 -0.057173 0.002843 0.999994 0.002010 -0.202408 -0.000801 -0.002008 0.999998 10.433908
0.999999 -0.000311 0.001059 -0.061749 0.000311 1.000000 0.000333 -0.230196 -0.001059 -0.000333 0.999999 11.739260
0.999996 0.002545 0.001440 -0.083052 -0.002544 0.999997 -0.000367 -0.261573 -0.001441 0.000363 0.999999 13.060779
0.999986 0.005112 0.001504 -0.102362 -0.005111 0.999987 -0.000482 -0.286061 -0.001507 0.000474 0.999999 14.389913
0.999979 0.006151 0.001838 -0.119046 -0.006152 0.999981 0.000223 -0.311463 -0.001837 -0.000234 0.999998 15.717328
0.999988 0.004218 0.002522 -0.127450 -0.004224 0.999988 0.002386 -0.334062 -0.002512 -0.002397 0.999994 17.057894
0.999996 0.000719 0.002742 -0.120293 -0.000730 0.999992 0.004008 -0.356977 -0.002739 -0.004010 0.999988 18.409611
0.999996 -0.001304 0.002434 -0.111467 0.001298 0.999996 0.002496 -0.388154 -0.002437 -0.002493 0.999994 19.751097
0.999995 -0.002042 0.002246 -0.114300 0.002041 0.999998 0.000482 -0.409491 -0.002247 -0.000478 0.999997 21.089024
0.999995 0.000047 0.003276 -0.130512 -0.000047 1.000000 0.000017 -0.459094 -0.003276 -0.000017 0.999995 22.426245
0.999986 0.003240 0.004210 -0.159815 -0.003245 0.999994 0.001109 -0.478288 -0.004207 -0.001122 0.999991 23.764812
0.999978 0.004516 0.004952 -0.176034 -0.004540 0.999978 0.004800 -0.506695 -0.004931 -0.004822 0.999976 25.121449
0.999983 0.002469 0.005287 -0.175013 -0.002500 0.999979 0.005956 -0.519016 -0.005272 -0.005969 0.999968 26.477753
0.999987 -0.000719 0.005108 -0.170528 0.000692 0.999986 0.005198 -0.548837 -0.005111 -0.005194 0.999973 27.830872
0.999983 -0.001457 0.005602 -0.174655 0.001441 0.999995 0.002913 -0.562887 -0.005607 -0.002905 0.999980 29.169407
0.999976 -0.001391 0.006742 -0.175058 0.001383 0.999998 0.001156 -0.589284 -0.006744 -0.001146 0.999977 30.495817
0.999970 0.001024 0.007632 -0.196941 -0.001025 0.999999 0.000147 -0.613742 -0.007632 -0.000155 0.999971 31.855150
0.999961 0.001990 0.008657 -0.204190 -0.001976 0.999997 -0.001614 -0.635755 -0.008660 0.001596 0.999961 33.218826
0.999951 0.003003 0.009472 -0.225835 -0.002991 0.999995 -0.001298 -0.668070 -0.009476 0.001269 0.999954 34.574158
0.999939 0.003707 0.010397 -0.246825 -0.003707 0.999993 -0.000052 -0.705135 -0.010397 0.000014 0.999946 35.902683
0.999928 0.005160 0.010837 -0.274213 -0.005175 0.999986 0.001295 -0.736171 -0.010830 -0.001351 0.999940 37.272068
0.999902 0.007418 0.011843 -0.316494 -0.007435 0.999971 0.001392 -0.768113 -0.011832 -0.001480 0.999929 38.619724
0.999870 0.009836 0.012755 -0.340073 -0.009852 0.999951 0.001235 -0.799289 -0.012742 -0.001361 0.999918 39.986462
0.999838 0.011994 0.013424 -0.368172 -0.012014 0.999927 0.001423 -0.823762 -0.013406 -0.001584 0.999909 41.357059
0.999812 0.013046 0.014313 -0.393005 -0.013068 0.999914 0.001420 -0.850549 -0.014293 -0.001607 0.999897 42.713947
0.999820 0.012300 0.014448 -0.400307 -0.012321 0.999923 0.001415 -0.873999 -0.014429 -0.001593 0.999895 44.096939
0.999816 0.012044 0.014930 -0.415794 -0.012058 0.999927 0.000839 -0.898777 -0.014919 -0.001019 0.999888 45.458481
0.999809 0.012556 0.014998 -0.441085 -0.012573 0.999920 0.001050 -0.930716 -0.014983 -0.001238 0.999887 46.834541
0.999791 0.013286 0.015510 -0.467242 -0.013315 0.999910 0.001786 -0.961516 -0.015485 -0.001992 0.999878 48.198017
0.999793 0.013553 0.015183 -0.475259 -0.013578 0.999907 0.001524 -0.988620 -0.015161 -0.001730 0.999884 49.583504
0.999786 0.014420 0.014829 -0.482858 -0.014442 0.999895 0.001407 -1.017993 -0.014807 -0.001620 0.999889 50.966324
0.999784 0.014803 0.014601 -0.494151 -0.014832 0.999888 0.001930 -1.044165 -0.014571 -0.002146 0.999892 52.355705
0.999799 0.014319 0.014036 -0.491310 -0.014359 0.999893 0.002775 -1.070740 -0.013995 -0.002976 0.999898 53.774628
0.999826 0.012486 0.013825 -0.482901 -0.012528 0.999917 0.002926 -1.093423 -0.013787 -0.003099 0.999900 55.161346
0.999856 0.010138 0.013588 -0.470947 -0.010171 0.999946 0.002318 -1.112834 -0.013564 -0.002455 0.999905 56.555241
0.999842 0.010265 0.014538 -0.483065 -0.010304 0.999944 0.002571 -1.148877 -0.014510 -0.002720 0.999891 57.960979
0.999821 0.009878 0.016109 -0.491030 -0.009933 0.999945 0.003336 -1.183195 -0.016075 -0.003496 0.999865 59.339394
0.999810 0.009401 0.017069 -0.496212 -0.009470 0.999947 0.003970 -1.211999 -0.017031 -0.004131 0.999846 60.755360
0.999775 0.009110 0.019143 -0.506255 -0.009180 0.999951 0.003586 -1.242819 -0.019110 -0.003761 0.999810 62.113564
0.999778 0.007655 0.019626 -0.479481 -0.007705 0.999967 0.002477 -1.260549 -0.019606 -0.002627 0.999804 63.526245
0.999747 0.008166 0.020953 -0.471834 -0.008214 0.999964 0.002233 -1.294476 -0.020934 -0.002404 0.999778 64.904526
0.999720 0.008837 0.021958 -0.464206 -0.008886 0.999958 0.002102 -1.318039 -0.021939 -0.002297 0.999757 66.282166
0.999628 0.012687 0.024134 -0.484851 -0.012770 0.999913 0.003280 -1.359637 -0.024090 -0.003587 0.999703 67.653992
0.999469 0.018524 0.026822 -0.528646 -0.018661 0.999814 0.004841 -1.409493 -0.026728 -0.005339 0.999628 68.992645
0.999375 0.021360 0.028182 -0.518430 -0.021516 0.999755 0.005220 -1.432398 -0.028064 -0.005823 0.999589 70.340591
0.999258 0.024522 0.029687 -0.526339 -0.024667 0.999686 0.004512 -1.453565 -0.029567 -0.005241 0.999549 71.685921
0.999146 0.027619 0.030746 -0.516580 -0.027748 0.999608 0.003784 -1.476910 -0.030629 -0.004634 0.999520 73.074181
0.999043 0.029389 0.032385 -0.510428 -0.029512 0.999559 0.003330 -1.501123 -0.032273 -0.004282 0.999470 74.430611
0.998994 0.030422 0.032956 -0.483929 -0.030560 0.999526 0.003677 -1.530758 -0.032829 -0.004681 0.999450 75.811348
0.998987 0.029826 0.033695 -0.460675 -0.029953 0.999546 0.003271 -1.555569 -0.033582 -0.004277 0.999427 77.160881
0.998990 0.028694 0.034580 -0.438380 -0.028786 0.999583 0.002170 -1.586645 -0.034503 -0.003163 0.999400 78.510620
0.998963 0.028647 0.035394 -0.423497 -0.028719 0.999586 0.001523 -1.614593 -0.035336 -0.002538 0.999372 79.847702
0.998931 0.029196 0.035831 -0.402443 -0.029275 0.999570 0.001704 -1.644570 -0.035766 -0.002751 0.999356 81.206154
0.998939 0.029559 0.035329 -0.373924 -0.029623 0.999560 0.001288 -1.677992 -0.035275 -0.002334 0.999375 82.548546
0.998923 0.030890 0.034610 -0.347423 -0.030955 0.999520 0.001327 -1.705029 -0.034552 -0.002397 0.999400 83.897438
0.998925 0.031081 0.034405 -0.331712 -0.031154 0.999513 0.001591 -1.733476 -0.034339 -0.002661 0.999407 85.205597
0.998973 0.030151 0.033825 -0.309100 -0.030241 0.999540 0.002158 -1.755365 -0.033745 -0.003178 0.999425 86.540581
0.999035 0.028840 0.033122 -0.285145 -0.028936 0.999578 0.002422 -1.776726 -0.033038 -0.003378 0.999448 87.780403
0.999095 0.027277 0.032637 -0.264626 -0.027370 0.999622 0.002402 -1.803433 -0.032560 -0.003293 0.999464 89.053780
0.999148 0.025800 0.032225 -0.234953 -0.025878 0.999663 0.001993 -1.827055 -0.032163 -0.002825 0.999479 90.363281
0.999168 0.025513 0.031821 -0.205296 -0.025585 0.999671 0.001848 -1.856964 -0.031763 -0.002661 0.999492 91.671127
0.999153 0.026318 0.031626 -0.190824 -0.026373 0.999651 0.001321 -1.883681 -0.031580 -0.002154 0.999499 92.986481
0.999139 0.026643 0.031790 -0.168961 -0.026687 0.999643 0.000966 -1.908786 -0.031753 -0.001814 0.999494 94.287834
0.999101 0.027604 0.032185 -0.150784 -0.027630 0.999618 0.000351 -1.940421 -0.032163 -0.001240 0.999482 95.595314
0.999066 0.027954 0.032936 -0.133862 -0.027981 0.999608 0.000342 -1.963010 -0.032913 -0.001263 0.999457 96.883987
0.999015 0.028607 0.033908 -0.129378 -0.028667 0.999588 0.001267 -1.992825 -0.033858 -0.002238 0.999424 98.149330
0.998975 0.029734 0.034132 -0.111033 -0.029819 0.999553 0.001986 -2.015096 -0.034058 -0.003001 0.999415 99.450401
0.999000 0.028622 0.034341 -0.082416 -0.028669 0.999589 0.000880 -2.042723 -0.034301 -0.001864 0.999410 100.738853
0.998978 0.028493 0.035096 -0.053946 -0.028455 0.999594 -0.001578 -2.069263 -0.035127 0.000578 0.999383 102.010597
0.998989 0.028202 0.035008 -0.026784 -0.028114 0.999600 -0.003011 -2.094468 -0.035079 0.002024 0.999382 103.273781
0.999006 0.027052 0.035433 0.008513 -0.026972 0.999632 -0.002749 -2.124949 -0.035494 0.001790 0.999368 104.571259
0.999026 0.025235 0.036210 0.051653 -0.025193 0.999681 -0.001616 -2.153920 -0.036239 0.000703 0.999343 105.886841
0.999009 0.024361 0.037248 0.087089 -0.024329 0.999703 -0.001302 -2.188155 -0.037268 0.000395 0.999305 107.187592
0.998965 0.024131 0.038558 0.123835 -0.024057 0.999708 -0.002379 -2.220632 -0.038604 0.001449 0.999254 108.476761
0.998900 0.026500 0.038686 0.156818 -0.026347 0.999643 -0.004468 -2.253795 -0.038790 0.003444 0.999241 109.783470
0.998801 0.028801 0.039575 0.188824 -0.028566 0.999571 -0.006499 -2.287644 -0.039746 0.005361 0.999195 111.084824
0.998642 0.031901 0.041183 0.206287 -0.031652 0.999477 -0.006683 -2.326175 -0.041374 0.005370 0.999129 112.381683
0.998514 0.033944 0.042643 0.237259 -0.033751 0.999417 -0.005247 -2.366824 -0.042796 0.003800 0.999077 113.711899
0.998445 0.034297 0.043946 0.272047 -0.034161 0.999409 -0.003841 -2.403548 -0.044052 0.002334 0.999027 115.026543
0.998412 0.034368 0.044635 0.316281 -0.034239 0.999407 -0.003647 -2.439588 -0.044734 0.002113 0.998997 116.350639
0.998376 0.034615 0.045247 0.360271 -0.034447 0.999396 -0.004497 -2.470131 -0.045375 0.002931 0.998966 117.661346
0.998242 0.036762 0.046502 0.399484 -0.036562 0.999318 -0.005132 -2.509237 -0.046659 0.003423 0.998905 118.980843
0.998098 0.038951 0.047773 0.436091 -0.038737 0.999235 -0.005402 -2.550717 -0.047947 0.003541 0.998844 120.299995
0.998052 0.039288 0.048471 0.478064 -0.039028 0.999218 -0.006305 -2.587579 -0.048681 0.004401 0.998805 121.622917
0.997977 0.040345 0.049144 0.527142 -0.040038 0.999172 -0.007198 -2.623183 -0.049394 0.005216 0.998766 122.948097
0.997902 0.040778 0.050286 0.576543 -0.040446 0.999153 -0.007605 -2.658885 -0.050553 0.005555 0.998706 124.271729
0.997830 0.041417 0.051188 0.618235 -0.041123 0.999131 -0.006793 -2.703670 -0.051425 0.004673 0.998666 125.609322
0.997788 0.041449 0.051966 0.664355 -0.041186 0.999133 -0.006119 -2.741102 -0.052175 0.003965 0.998630 126.948036
0.997789 0.040921 0.052363 0.719276 -0.040658 0.999155 -0.006063 -2.780500 -0.052567 0.003920 0.998610 128.266846
0.997822 0.039740 0.052655 0.776567 -0.039465 0.999201 -0.006250 -2.817777 -0.052861 0.004158 0.998593 129.601364
0.997834 0.039605 0.052525 0.830789 -0.039366 0.999209 -0.005570 -2.858015 -0.052704 0.003490 0.998604 130.927490
0.997854 0.039789 0.052000 0.888197 -0.039557 0.999202 -0.005488 -2.899654 -0.052177 0.003419 0.998632 132.248932
0.997916 0.039287 0.051184 0.939345 -0.039054 0.999222 -0.005561 -2.937562 -0.051363 0.003550 0.998674 133.577011
0.998014 0.038667 0.049722 1.001367 -0.038447 0.999246 -0.005376 -2.964699 -0.049892 0.003454 0.998749 134.913406
0.998025 0.039222 0.049068 1.050071 -0.038996 0.999224 -0.005574 -3.003819 -0.049249 0.003649 0.998780 136.225204
0.998038 0.040212 0.047991 1.094653 -0.040003 0.999185 -0.005323 -3.038739 -0.048166 0.003393 0.998834 137.549255
0.998022 0.041740 0.047019 1.138906 -0.041502 0.999120 -0.006028 -3.069115 -0.047229 0.004065 0.998876 138.886002
0.998021 0.042416 0.046431 1.178417 -0.042156 0.999089 -0.006569 -3.098962 -0.046668 0.004599 0.998900 140.223267
0.998134 0.040719 0.045498 1.226477 -0.040345 0.999144 -0.009105 -3.124831 -0.045829 0.007253 0.998923 141.515442
0.998343 0.036428 0.044556 1.281043 -0.036009 0.999300 -0.010176 -3.158695 -0.044896 0.008555 0.998955 142.824005
0.998545 0.031062 0.044086 1.345578 -0.030720 0.999493 -0.008414 -3.196941 -0.044325 0.007048 0.998992 144.171646
0.998744 0.025638 0.043041 1.418096 -0.025337 0.999651 -0.007526 -3.231465 -0.043219 0.006426 0.999045 145.451599
0.998863 0.022659 0.041941 1.480945 -0.022237 0.999697 -0.010511 -3.260497 -0.042167 0.009567 0.999065 146.766113
0.998828 0.023859 0.042116 1.523326 -0.023318 0.999640 -0.013288 -3.304118 -0.042418 0.012290 0.999024 148.051193
0.998692 0.027366 0.043186 1.553831 -0.026710 0.999520 -0.015696 -3.346804 -0.043595 0.014522 0.998944 149.382111
0.998635 0.028013 0.044089 1.593248 -0.027322 0.999495 -0.016208 -3.389163 -0.044521 0.014981 0.998896 150.675156
0.998618 0.027133 0.045013 1.651627 -0.026489 0.999539 -0.014828 -3.425368 -0.045395 0.013616 0.998876 151.979507
0.998658 0.024705 0.045524 1.708139 -0.024142 0.999626 -0.012875 -3.469561 -0.045825 0.011759 0.998880 153.267502
0.998705 0.023200 0.045281 1.771406 -0.022674 0.999670 -0.012101 -3.512513 -0.045547 0.011059 0.998901 154.576950
0.998693 0.022670 0.045800 1.819773 -0.022151 0.999685 -0.011793 -3.563045 -0.046053 0.010763 0.998881 155.896637
0.998593 0.025066 0.046726 1.868606 -0.024562 0.999634 -0.011329 -3.609090 -0.046993 0.010165 0.998843 157.209595
0.998448 0.028683 0.047740 1.910884 -0.028128 0.999529 -0.012254 -3.652315 -0.048069 0.010892 0.998785 158.539185
0.998265 0.032685 0.048971 1.941586 -0.032022 0.999385 -0.014256 -3.700911 -0.049407 0.012663 0.998698 159.830338
0.998103 0.036193 0.049798 1.985282 -0.035483 0.999257 -0.015067 -3.750494 -0.050307 0.013272 0.998646 161.179214
0.997938 0.039189 0.050825 2.018279 -0.038517 0.999158 -0.014124 -3.803143 -0.051336 0.012137 0.998608 162.503937
0.997797 0.042490 0.050947 2.061337 -0.041813 0.999023 -0.014281 -3.864155 -0.051504 0.012119 0.998599 163.858841
0.997726 0.044300 0.050788 2.107341 -0.043496 0.998912 -0.016823 -3.903583 -0.051478 0.014575 0.998568 165.164810
0.997594 0.048000 0.050030 2.151528 -0.047092 0.998707 -0.019173 -3.956956 -0.050886 0.016771 0.998564 166.509537
0.997389 0.052086 0.050014 2.179989 -0.051128 0.998487 -0.020244 -4.011540 -0.050993 0.017634 0.998543 167.864105
0.997131 0.056493 0.050375 2.206714 -0.055573 0.998264 -0.019488 -4.061733 -0.051388 0.016632 0.998540 169.149155
0.996942 0.058958 0.051286 2.243011 -0.058127 0.998155 -0.017550 -4.113402 -0.052226 0.014515 0.998530 170.526520
0.996878 0.059877 0.051461 2.290630 -0.059156 0.998130 -0.015425 -4.165233 -0.052288 0.012332 0.998556 171.876480
0.997010 0.058770 0.050174 2.346897 -0.058100 0.998202 -0.014713 -4.216376 -0.050949 0.011754 0.998632 173.252823
0.997208 0.057294 0.047899 2.408674 -0.056659 0.998288 -0.014502 -4.264933 -0.048648 0.011748 0.998747 174.645126
0.997336 0.057356 0.045077 2.462603 -0.056578 0.998230 -0.018345 -4.302380 -0.046050 0.015746 0.998815 175.987091
0.997347 0.058475 0.043357 2.503555 -0.057549 0.998094 -0.022299 -4.346119 -0.044579 0.019745 0.998811 177.356491
0.997103 0.063358 0.042090 2.536729 -0.062403 0.997772 -0.023617 -4.400086 -0.043493 0.020922 0.998835 178.746521
0.996876 0.067141 0.041590 2.556877 -0.066210 0.997532 -0.023379 -4.443310 -0.043057 0.020552 0.998861 180.091125
0.996672 0.070005 0.041770 2.589853 -0.069175 0.997383 -0.021006 -4.498677 -0.043131 0.018047 0.998906 181.450027
0.996576 0.070927 0.042493 2.623861 -0.070197 0.997363 -0.018440 -4.556091 -0.043689 0.015394 0.998927 182.814011
0.996592 0.070563 0.042715 2.670673 -0.069860 0.997399 -0.017745 -4.602316 -0.043856 0.014701 0.998930 184.181915
0.996661 0.069369 0.043074 2.714484 -0.068682 0.997490 -0.017228 -4.650110 -0.044161 0.014212 0.998923 185.539459
0.996716 0.068422 0.043313 2.761930 -0.067761 0.997564 -0.016537 -4.701685 -0.044339 0.013547 0.998925 186.907028
0.996737 0.067831 0.043764 2.818048 -0.067178 0.997609 -0.016238 -4.758880 -0.044760 0.013245 0.998910 188.270340
0.996762 0.066752 0.044821 2.865899 -0.066127 0.997694 -0.015287 -4.812010 -0.045739 0.012274 0.998878 189.648300
0.996851 0.065176 0.045169 2.926635 -0.064630 0.997819 -0.013456 -4.870259 -0.045948 0.010495 0.998889 191.042068
0.996984 0.063175 0.045066 2.986482 -0.062640 0.997949 -0.013185 -4.918999 -0.045806 0.010322 0.998897 192.436066
0.996865 0.065379 0.044563 3.039586 -0.064684 0.997763 -0.016856 -4.965839 -0.045566 0.013921 0.998864 193.813339
0.996470 0.071349 0.044228 3.077764 -0.070446 0.997280 -0.021665 -5.007668 -0.045653 0.018473 0.998787 195.166306
0.995663 0.080979 0.045806 3.081150 -0.080029 0.996545 -0.022204 -5.061451 -0.047446 0.018441 0.998704 196.523407
0.994878 0.088941 0.048033 3.077344 -0.088115 0.995928 -0.019054 -5.122934 -0.049532 0.014724 0.998664 197.899933
0.994622 0.091267 0.048972 3.114254 -0.090529 0.995747 -0.017088 -5.172009 -0.050323 0.012563 0.998654 199.322220
0.994685 0.090917 0.048333 3.172716 -0.090211 0.995784 -0.016602 -5.221773 -0.049638 0.012154 0.998693 200.734543
0.994867 0.089570 0.047078 3.236348 -0.088869 0.995902 -0.016789 -5.271845 -0.048389 0.012519 0.998750 202.151352
0.994986 0.088826 0.045966 3.292702 -0.088129 0.995964 -0.016986 -5.330989 -0.047290 0.012849 0.998799 203.580475
0.994920 0.090063 0.044969 3.346359 -0.089350 0.995844 -0.017632 -5.385864 -0.046370 0.013525 0.998833 205.012314
0.994718 0.092536 0.044423 3.389720 -0.091840 0.995621 -0.017467 -5.442553 -0.045844 0.013295 0.998860 206.443375
0.994480 0.095055 0.044422 3.426264 -0.094377 0.995389 -0.017111 -5.487790 -0.045844 0.012824 0.998866 207.837692
0.994396 0.096047 0.044168 3.472913 -0.095341 0.995285 -0.017812 -5.539630 -0.045671 0.013501 0.998865 209.269882
0.994438 0.095808 0.043743 3.523907 -0.095066 0.995295 -0.018735 -5.590158 -0.045333 0.014473 0.998867 210.717087
0.994423 0.096203 0.043229 3.564765 -0.095453 0.995251 -0.019097 -5.647697 -0.044861 0.014864 0.998883 212.150238
0.994309 0.097370 0.043218 3.584263 -0.096613 0.995135 -0.019295 -5.703589 -0.044886 0.015010 0.998879 213.576935
0.994229 0.098148 0.043301 3.619344 -0.097381 0.995056 -0.019487 -5.761479 -0.045000 0.015158 0.998872 215.033661
0.994155 0.098787 0.043551 3.647761 -0.097995 0.994986 -0.019973 -5.815103 -0.045306 0.015588 0.998852 216.457916
0.994034 0.100126 0.043254 3.682029 -0.099332 0.994851 -0.020123 -5.871592 -0.045046 0.015706 0.998861 217.931458
0.993952 0.100910 0.043324 3.712916 -0.100095 0.994765 -0.020581 -5.925020 -0.045174 0.016120 0.998849 219.382248
0.993790 0.102448 0.043429 3.736151 -0.101629 0.994608 -0.020673 -5.978040 -0.045312 0.016131 0.998843 220.813324
0.993707 0.102927 0.044195 3.758385 -0.102092 0.994558 -0.020766 -6.034488 -0.046092 0.016124 0.998807 222.249710
0.993704 0.102869 0.044398 3.789418 -0.101999 0.994554 -0.021431 -6.091437 -0.046360 0.016767 0.998784 223.717575
0.993632 0.103310 0.044976 3.822126 -0.102416 0.994504 -0.021745 -6.146672 -0.046975 0.017000 0.998751 225.167831
0.993535 0.103982 0.045568 3.854592 -0.103112 0.994447 -0.021056 -6.211837 -0.047504 0.016221 0.998739 226.639267
0.993395 0.104996 0.046287 3.884688 -0.104123 0.994345 -0.020895 -6.269779 -0.048219 0.015938 0.998710 228.100357
0.993234 0.106418 0.046490 3.922029 -0.105532 0.994191 -0.021126 -6.332622 -0.048468 0.016077 0.998695 229.576401
0.993098 0.107438 0.047045 3.962215 -0.106511 0.994072 -0.021809 -6.390732 -0.049109 0.016647 0.998655 231.055984
0.992707 0.110287 0.048674 3.965287 -0.109371 0.993777 -0.021101 -6.452066 -0.050699 0.015623 0.998592 232.492416
0.992358 0.112566 0.050538 3.979589 -0.111723 0.993554 -0.019203 -6.515803 -0.052373 0.013410 0.998538 233.936203
0.992318 0.112704 0.051022 4.015408 -0.111860 0.993540 -0.019107 -6.570359 -0.052845 0.013253 0.998515 235.417389
0.992229 0.113232 0.051569 4.067117 -0.112283 0.993455 -0.020964 -6.621149 -0.053605 0.015011 0.998449 236.884995
0.992034 0.114539 0.052440 4.109993 -0.113501 0.993286 -0.022363 -6.681973 -0.054650 0.016233 0.998374 238.375168
0.991666 0.117439 0.052976 4.148257 -0.116416 0.992956 -0.022024 -6.747100 -0.055189 0.015673 0.998353 239.857040
0.991359 0.119789 0.053466 4.180061 -0.118798 0.992689 -0.021358 -6.812617 -0.055634 0.014822 0.998341 241.347534
0.991012 0.122485 0.053777 4.235579 -0.121494 0.992363 -0.021325 -6.866044 -0.055978 0.014600 0.998325 242.821808
0.990601 0.125669 0.054003 4.287490 -0.124647 0.991959 -0.021907 -6.920947 -0.056322 0.014969 0.998300 244.309280
0.990034 0.129979 0.054203 4.332122 -0.128938 0.991402 -0.022307 -6.981592 -0.056636 0.015096 0.998281 245.819580
0.989481 0.133861 0.054855 4.383007 -0.132769 0.990878 -0.023113 -7.035677 -0.057448 0.015587 0.998227 247.279755
0.989012 0.137359 0.054663 4.439152 -0.136239 0.990392 -0.023725 -7.092926 -0.057396 0.016017 0.998223 248.733322
0.988902 0.138146 0.054675 4.510163 -0.137009 0.990278 -0.024046 -7.156994 -0.057465 0.016289 0.998215 250.235291
0.988750 0.139205 0.054721 4.567205 -0.138101 0.990140 -0.023485 -7.222447 -0.057451 0.015664 0.998225 251.728638
0.988605 0.139934 0.055481 4.609407 -0.138835 0.990044 -0.023204 -7.299456 -0.058175 0.015237 0.998190 253.201462
0.988780 0.138594 0.055733 4.669946 -0.137417 0.990211 -0.024454 -7.346084 -0.058577 0.016520 0.998146 254.613266
0.988993 0.136901 0.056141 4.733563 -0.135569 0.990402 -0.026911 -7.356936 -0.059286 0.019004 0.998060 255.806793
0.988886 0.136982 0.057802 4.758604 -0.135689 0.990417 -0.025754 -7.409606 -0.060776 0.017624 0.997996 257.055420
0.988924 0.136316 0.058720 4.832169 -0.135077 0.990530 -0.024606 -7.473835 -0.061518 0.016402 0.997971 258.490814
0.988995 0.135360 0.059723 4.895325 -0.134049 0.990648 -0.025446 -7.534024 -0.062609 0.017160 0.997891 259.829102
0.989112 0.134378 0.060001 4.993095 -0.132971 0.990755 -0.026876 -7.589891 -0.063058 0.018605 0.997836 261.290009
0.988854 0.135644 0.061387 5.050872 -0.134177 0.990578 -0.027437 -7.659983 -0.064530 0.018895 0.997737 262.757812
0.988455 0.137674 0.063269 5.096062 -0.136159 0.990300 -0.027677 -7.732994 -0.066465 0.018742 0.997613 264.214874
0.988181 0.138913 0.064812 5.178095 -0.137342 0.990125 -0.028112 -7.808513 -0.068077 0.018878 0.997501 265.704132
0.987788 0.141063 0.066147 5.226079 -0.139463 0.989825 -0.028235 -7.882135 -0.069457 0.018665 0.997410 267.161224
0.987584 0.141585 0.068050 5.281832 -0.139912 0.989746 -0.028768 -7.951226 -0.071425 0.018890 0.997267 268.614075
0.987439 0.141828 0.069640 5.327998 -0.140063 0.989699 -0.029631 -8.022042 -0.073125 0.019505 0.997132 270.107422
0.987420 0.141269 0.071021 5.407320 -0.139398 0.989761 -0.030672 -8.092731 -0.074627 0.020386 0.997003 271.617493
0.987354 0.140998 0.072465 5.495684 -0.139105 0.989806 -0.030559 -8.171771 -0.076035 0.020092 0.996903 273.133514
0.987303 0.140852 0.073444 5.581735 -0.138982 0.989840 -0.030004 -8.244824 -0.076924 0.019416 0.996848 274.651764
0.987275 0.140339 0.074791 5.664441 -0.138442 0.989916 -0.030002 -8.323269 -0.078247 0.019266 0.996748 276.118286
0.987576 0.138207 0.074788 5.777891 -0.136048 0.990144 -0.033250 -8.383967 -0.078646 0.022662 0.996645 277.562653
0.987807 0.136826 0.074276 5.912138 -0.134463 0.990266 -0.035960 -8.441779 -0.078473 0.025534 0.996589 279.053894
0.987836 0.136845 0.073846 6.003526 -0.134499 0.990264 -0.035883 -8.529607 -0.078037 0.025514 0.996624 280.607025
0.987975 0.135987 0.073576 6.084904 -0.133602 0.990365 -0.036449 -8.608165 -0.077824 0.026181 0.996623 282.088715
0.988020 0.135918 0.073088 6.169154 -0.133481 0.990350 -0.037280 -8.686095 -0.077450 0.027078 0.996628 283.583313
0.987877 0.136843 0.073306 6.248168 -0.134386 0.990220 -0.037488 -8.769381 -0.077719 0.027182 0.996605 285.072205
0.987788 0.137629 0.073028 6.331738 -0.135187 0.990114 -0.037410 -8.848894 -0.077454 0.027081 0.996628 286.544739
0.987674 0.138353 0.073199 6.413345 -0.135905 0.990014 -0.037455 -8.934440 -0.077650 0.027045 0.996614 288.038147
0.987698 0.138339 0.072908 6.515548 -0.135985 0.990044 -0.036339 -9.003687 -0.077209 0.025978 0.996676 289.504150
0.987314 0.140622 0.073739 6.568984 -0.138362 0.989765 -0.034935 -9.091859 -0.077897 0.024289 0.996665 291.048248
0.987149 0.141672 0.073932 6.675313 -0.139398 0.989615 -0.035089 -9.169106 -0.078135 0.024332 0.996646 292.549255
0.986992 0.142333 0.074748 6.792736 -0.139988 0.989508 -0.035751 -9.237407 -0.079052 0.024822 0.996561 294.076599
0.987161 0.141099 0.074861 6.904840 -0.138718 0.989673 -0.036126 -9.317078 -0.079185 0.025277 0.996539 295.605011
0.987396 0.139526 0.074716 7.020947 -0.137050 0.989861 -0.037328 -9.393391 -0.079167 0.026617 0.996506 297.088043
0.987806 0.137693 0.072659 7.188986 -0.135100 0.990045 -0.039493 -9.460536 -0.077374 0.029195 0.996575 298.541199
0.987875 0.137551 0.071990 7.289639 -0.134857 0.990014 -0.041052 -9.526764 -0.076918 0.030846 0.996560 300.006195
0.988036 0.138652 0.067534 7.463211 -0.135980 0.989791 -0.042689 -9.595809 -0.072764 0.032995 0.996803 301.497589
0.987931 0.140239 0.065766 7.555207 -0.137657 0.989577 -0.042294 -9.679445 -0.071011 0.032730 0.996938 303.021179
0.987723 0.141542 0.066106 7.641128 -0.139149 0.989482 -0.039534 -9.761227 -0.071006 0.029850 0.997029 304.571564
0.987685 0.141173 0.067448 7.717778 -0.138881 0.989596 -0.037564 -9.837273 -0.072049 0.027734 0.997015 306.148132
0.987581 0.141733 0.067792 7.816792 -0.139430 0.989518 -0.037599 -9.915795 -0.072411 0.027680 0.996991 307.692871
0.987545 0.141719 0.068346 7.909996 -0.139265 0.989469 -0.039438 -9.998665 -0.073215 0.029429 0.996882 309.235443
0.987474 0.142132 0.068506 8.002614 -0.139617 0.989388 -0.040221 -10.083705 -0.073496 0.030152 0.996840 310.805511
0.987386 0.142245 0.069533 8.084754 -0.139702 0.989378 -0.040184 -10.176521 -0.074510 0.029963 0.996770 312.363953
0.987205 0.143017 0.070516 8.178514 -0.140432 0.989267 -0.040373 -10.276461 -0.075533 0.029954 0.996693 313.958557
0.986932 0.144429 0.071448 8.257828 -0.141775 0.989052 -0.040944 -10.371674 -0.076579 0.030279 0.996604 315.531891
0.986774 0.145012 0.072445 8.343972 -0.142274 0.988950 -0.041655 -10.468567 -0.077685 0.030797 0.996502 317.095551
0.986741 0.144566 0.073774 8.435396 -0.141879 0.989056 -0.040471 -10.564055 -0.078817 0.029467 0.996453 318.688080
0.986791 0.143777 0.074644 8.529045 -0.141134 0.989199 -0.039578 -10.661839 -0.079528 0.028520 0.996424 320.280243
0.986841 0.143617 0.074290 8.632535 -0.140919 0.989197 -0.040388 -10.758931 -0.079288 0.029388 0.996418 321.850769
0.986615 0.144721 0.075147 8.726606 -0.142005 0.989044 -0.040329 -10.863040 -0.080160 0.029118 0.996357 323.415466
0.986425 0.146185 0.074809 8.829162 -0.143324 0.988771 -0.042305 -10.950085 -0.080153 0.031009 0.996300 324.990784
0.986197 0.147914 0.074414 8.916407 -0.144891 0.988445 -0.044521 -11.054831 -0.080139 0.033125 0.996233 326.583466
0.986020 0.148971 0.074645 9.013095 -0.145937 0.988287 -0.044614 -11.151258 -0.080417 0.033097 0.996212 328.158203
0.985882 0.149643 0.075120 9.100579 -0.146793 0.988269 -0.042153 -11.249142 -0.080547 0.030531 0.996283 329.742859
0.985664 0.150992 0.075289 9.185555 -0.148323 0.988134 -0.039889 -11.345991 -0.080419 0.028150 0.996364 331.333527
0.985608 0.151793 0.074398 9.277857 -0.149078 0.987983 -0.040818 -11.440546 -0.079700 0.029139 0.996393 332.897003
0.985685 0.151581 0.073813 9.368259 -0.148772 0.987971 -0.042197 -11.536016 -0.079321 0.030612 0.996379 334.438141
0.985822 0.150981 0.073203 9.463861 -0.148261 0.988085 -0.041302 -11.630563 -0.078567 0.029863 0.996461 335.996521
0.985946 0.150171 0.073203 9.553425 -0.147469 0.988215 -0.041046 -11.730472 -0.078505 0.029673 0.996472 337.554596
0.985974 0.149946 0.073293 9.651968 -0.147189 0.988229 -0.041698 -11.828643 -0.078683 0.030325 0.996438 339.110321
0.986004 0.149578 0.073632 9.746367 -0.146760 0.988266 -0.042331 -11.926787 -0.079100 0.030933 0.996387 340.661926
0.985978 0.149476 0.074184 9.838300 -0.146621 0.988276 -0.042580 -12.021366 -0.079679 0.031106 0.996335 342.200378
0.985994 0.149286 0.074360 9.929400 -0.146412 0.988300 -0.042729 -12.123048 -0.079868 0.031243 0.996316 343.775146
0.986033 0.148832 0.074748 10.034324 -0.145891 0.988348 -0.043408 -12.225884 -0.080337 0.031896 0.996257 345.330200
0.985972 0.148975 0.075264 10.123459 -0.145945 0.988300 -0.044305 -12.329130 -0.080984 0.032699 0.996179 346.901093
0.985872 0.149257 0.076017 10.221200 -0.146211 0.988266 -0.044200 -12.427563 -0.081722 0.032461 0.996126 348.452637
0.985753 0.149657 0.076771 10.318196 -0.146510 0.988179 -0.045132 -12.523081 -0.082618 0.033241 0.996027 350.007751
0.985777 0.149051 0.077640 10.418139 -0.145758 0.988226 -0.046511 -12.624788 -0.083659 0.034533 0.995896 351.553223
0.985753 0.148716 0.078575 10.521133 -0.145477 0.988316 -0.045483 -12.724862 -0.084421 0.033404 0.995870 353.106262
0.985831 0.147726 0.079462 10.612939 -0.144539 0.988498 -0.044506 -12.830083 -0.085122 0.032390 0.995844 354.681641
0.985807 0.147485 0.080203 10.712591 -0.144193 0.988506 -0.045430 -12.929307 -0.085982 0.033220 0.995743 356.247375
0.985620 0.148571 0.080500 10.824108 -0.145213 0.988325 -0.046116 -13.029958 -0.086412 0.033763 0.995687 357.848511
0.985228 0.150471 0.081759 10.913786 -0.147116 0.988065 -0.045648 -13.128166 -0.087652 0.032945 0.995606 359.430634
0.984870 0.151596 0.083962 11.001456 -0.148236 0.987931 -0.044932 -13.228273 -0.089760 0.031806 0.995455 360.996307
0.984682 0.152594 0.084355 11.119356 -0.149202 0.987774 -0.045183 -13.326326 -0.090218 0.031905 0.995411 362.580872
0.984433 0.153757 0.085149 11.229450 -0.150247 0.987567 -0.046238 -13.424601 -0.091200 0.032725 0.995295 364.155487
0.984332 0.153926 0.086007 11.348966 -0.150343 0.987529 -0.046725 -13.522689 -0.092126 0.033062 0.995198 365.721191
0.984128 0.154760 0.086842 11.457089 -0.151127 0.987397 -0.046994 -13.630775 -0.093021 0.033124 0.995113 367.312073
0.983902 0.155806 0.087530 11.581505 -0.152153 0.987239 -0.047001 -13.739730 -0.093736 0.032927 0.995052 368.921844
0.983674 0.156802 0.088315 11.709228 -0.153147 0.987095 -0.046787 -13.844553 -0.094511 0.032498 0.994993 370.482910
0.983357 0.158289 0.089181 11.827402 -0.154574 0.986854 -0.047174 -13.957754 -0.095476 0.032604 0.994898 372.063477
0.983003 0.160081 0.089886 11.958151 -0.156263 0.986546 -0.048055 -14.060932 -0.096369 0.033193 0.994792 373.608551
0.982725 0.161225 0.090878 12.066494 -0.157370 0.986365 -0.048156 -14.159548 -0.097403 0.033023 0.994697 375.149017
0.982300 0.163533 0.091348 12.192122 -0.159767 0.986027 -0.047169 -14.262953 -0.097785 0.031740 0.994701 376.696259
0.982015 0.164729 0.092255 12.311964 -0.160979 0.985849 -0.046764 -14.372619 -0.098653 0.031072 0.994637 378.275848
0.981818 0.165707 0.092596 12.436395 -0.161904 0.985676 -0.047231 -14.478067 -0.099097 0.031381 0.994583 379.851776
0.981710 0.166056 0.093121 12.561092 -0.162265 0.985629 -0.046953 -14.589818 -0.099580 0.030984 0.994547 381.447479
