1.000000 0.000000 0.000000 0.000000 0.000000 1.000000 0.000000 0.000000 0.000000 0.000000 1.000000 0.000000
1.000000 -0.000393 -0.000397 -0.009016 0.000394 0.999999 0.001507 -0.030358 0.000396 -0.001507 0.999999 1.309415
0.999998 -0.001716 -0.001001 -0.011333 0.001718 0.999997 0.001800 -0.054419 0.000997 -0.001802 0.999998 2.623000
0.999995 -0.002888 -0.001266 -0.009596 0.002890 0.999995 0.001120 -0.085893 0.001263 -0.001123 0.999999 3.947004
0.999995 -0.002870 -0.001102 -0.020233 0.002872 0.999995 0.001214 -0.113958 0.001098 -0.001217 0.999999 5.256166
0.999994 -0.003281 -0.001141 -0.026799 0.003283 0.999993 0.001998 -0.136460 0.001134 -0.002002 0.999997 6.583170
0.999990 -0.004408 -0.001125 -0.034390 0.004411 0.999985 0.003253 -0.167355 0.001110 -0.003258 0.999994 7.920679
0.999989 -0.004522 -0.001485 -0.046281 0.004527 0.999982 0.003896 -0.195891 0.001467 -0.003903 0.999991 9.255984
0.999991 -0.003853 -0.001811 -0.058469 0.003858 0.999989 0.002699 -0.225128 0.001801 -0.002706 0.999995 10.580759
0.999997 -0.001462 -0.001905 -0.077044 0.001464 0.999999 0.000926 -0.253876 0.001903 -0.000928 0.999998 11.910395
0.999996 0.002159 -0.001840 -0.100909 -0.002160 0.999998 -0.000105 -0.285343 0.001840 0.000109 0.999998 13.250333
0.999986 0.005061 -0.001760 -0.119650 -0.005061 0.999987 -0.000212 -0.310067 0.001759 0.000221 0.999998 14.589271
0.999980 0.006062 -0.001874 -0.132364 -0.006061 0.999981 0.000554 -0.335812 0.001878 -0.000542 0.999998 15.943193
0.999989 0.004362 -0.001526 -0.135311 -0.004358 0.999987 0.002773 -0.355107 0.001538 -0.002767 0.999995 17.290777
0.999999 0.000247 -0.001499 -0.131580 -0.000240 0.999989 0.004628 -0.378114 0.001500 -0.004628 0.999988 18.649006
0.999994 -0.002822 -0.001848 -0.135328 0.002828 0.999990 0.003354 -0.411857 0.001838 -0.003359 0.999993 20.006094
0.999992 -0.003459 -0.002013 -0.133655 0.003461 0.999993 0.001089 -0.433381 0.002009 -0.001096 0.999997 21.354240
0.999998 -0.001072 -0.001419 -0.151471 0.001073 0.999999 0.000499 -0.489667 0.001418 -0.000501 0.999999 22.705315
0.999998 0.001738 -0.000946 -0.168505 -0.001737 0.999997 0.001663 -0.501483 0.000949 -0.001662 0.999998 24.075645
0.999996 0.002987 -0.000245 -0.181569 -0.002986 0.999981 0.005406 -0.525822 0.000261 -0.005405 0.999985 25.466688
1.000000 -0.000133 -0.000234 -0.177593 0.000134 0.999979 0.006487 -0.529836 0.000233 -0.006487 0.999979 26.839790
0.999994 -0.003450 -0.000561 -0.177287 0.003453 0.999977 0.005752 -0.562544 0.000541 -0.005754 0.999983 28.210247
0.999990 -0.004482 -0.000512 -0.182534 0.004483 0.999984 0.003362 -0.579012 0.000497 -0.003364 0.999994 29.576389
0.999991 -0.004306 0.000096 -0.191285 0.004306 0.999989 0.001767 -0.622825 -0.000104 -0.001767 0.999998 30.951414
0.999999 -0.001571 0.000656 -0.217871 0.001570 0.999999 0.000657 -0.643479 -0.000657 -0.000656 1.000000 32.317867
0.999999 -0.000048 0.001078 -0.230663 0.000049 1.000000 -0.000916 -0.676759 -0.001078 0.000916 0.999999 33.706409
0.999999 0.001383 0.001018 -0.241171 -0.001382 0.999999 -0.000981 -0.706948 -0.001020 0.000980 0.999999 35.087410
0.999999 0.001326 0.000767 -0.245153 -0.001326 0.999999 0.000277 -0.743208 -0.000766 -0.000278 1.000000 36.478642
0.999997 0.002298 0.000320 -0.249927 -0.002299 0.999995 0.001945 -0.768325 -0.000316 -0.001946 0.999998 37.880325
0.999991 0.004122 0.000139 -0.261410 -0.004123 0.999988 0.002575 -0.795567 -0.000128 -0.002575 0.999997 39.268166
0.999979 0.006527 0.000472 -0.275051 -0.006529 0.999976 0.002467 -0.822444 -0.000456 -0.002470 0.999997 40.668358
0.999960 0.008909 0.000424 -0.289486 -0.008910 0.999956 0.002813 -0.847997 -0.000399 -0.002817 0.999996 42.061241
0.999950 0.010007 0.000271 -0.306876 -0.010008 0.999946 0.002915 -0.869439 -0.000242 -0.002918 0.999996 43.458340
0.999957 0.009258 -0.000143 -0.314132 -0.009257 0.999953 0.002824 -0.897361 0.000169 -0.002823 0.999996 44.863163
0.999962 0.008666 -0.000881 -0.318120 -0.008663 0.999959 0.002480 -0.927445 0.000903 -0.002472 0.999997 46.267525
0.999963 0.008386 -0.001810 -0.329572 -0.008381 0.999961 0.002736 -0.958007 0.001833 -0.002721 0.999995 47.683647
0.999960 0.008491 -0.002852 -0.337728 -0.008481 0.999958 0.003552 -0.986552 0.002882 -0.003528 0.999990 49.095173
0.999953 0.008948 -0.003852 -0.350353 -0.008933 0.999952 0.003899 -1.014783 0.003887 -0.003865 0.999985 50.507565
0.999941 0.009480 -0.005262 -0.360588 -0.009459 0.999947 0.004043 -1.044297 0.005300 -0.003993 0.999978 51.930763
0.999934 0.009533 -0.006349 -0.375721 -0.009501 0.999942 0.005118 -1.070849 0.006398 -0.005058 0.999967 53.349747
0.999936 0.008689 -0.007208 -0.389969 -0.008646 0.999945 0.005999 -1.091557 0.007259 -0.005936 0.999956 54.768929
0.999951 0.006302 -0.007677 -0.400105 -0.006254 0.999961 0.006281 -1.114183 0.007716 -0.006233 0.999951 56.188389
0.999956 0.004555 -0.008254 -0.412864 -0.004506 0.999972 0.006014 -1.140607 0.008281 -0.005976 0.999948 57.614227
0.999958 0.003625 -0.008418 -0.421534 -0.003572 0.999974 0.006309 -1.167578 0.008441 -0.006279 0.999945 59.040840
0.999963 0.002630 -0.008235 -0.437415 -0.002572 0.999972 0.007033 -1.192769 0.008253 -0.007011 0.999941 60.460209
0.999967 0.000572 -0.008115 -0.449525 -0.000509 0.999970 0.007756 -1.213166 0.008119 -0.007751 0.999937 61.880676
0.999970 -0.001602 -0.007576 -0.459433 0.001659 0.999970 0.007517 -1.236473 0.007563 -0.007529 0.999943 63.306801
0.999972 -0.002388 -0.007071 -0.475629 0.002437 0.999973 0.006924 -1.263479 0.007054 -0.006941 0.999951 64.717323
0.999974 -0.002719 -0.006606 -0.491591 0.002764 0.999973 0.006805 -1.297482 0.006587 -0.006823 0.999955 66.125351
0.999981 -0.000910 -0.006050 -0.512979 0.000952 0.999975 0.006964 -1.322684 0.006044 -0.006969 0.999957 67.535110
0.999982 0.002245 -0.005537 -0.538636 -0.002200 0.999965 0.008072 -1.350384 0.005555 -0.008060 0.999952 68.975250
