1.000000 0.000000 0.000000 0.000000 0.000000 1.000000 0.000000 0.000000 0.000000 0.000000 1.000000 0.000000
1.000000 0.000000 0.000000 0.000000 0.000000 1.000000 0.000000 0.000000 0.000000 0.000000 1.000000 0.000000
1.000000 0.000000 0.000000 0.000000 0.000000 1.000000 0.000000 0.000000 0.000000 0.000000 1.000000 0.000000
1.000000 0.000000 0.000000 0.000000 0.000000 1.000000 0.000000 0.000000 0.000000 0.000000 1.000000 0.000000
0.999997 -0.002542 0.000211 -0.005983 0.002541 0.999997 0.000675 -0.071634 -0.000212 -0.000674 1.000000 3.868035
0.999996 -0.002585 0.000627 -0.025405 0.002584 0.999996 0.001222 -0.117614 -0.000630 -0.001220 0.999999 6.481390
0.999992 -0.003738 0.001216 -0.036190 0.003735 0.999990 0.002458 -0.146316 -0.001226 -0.002454 0.999996 7.793213
0.999994 -0.003328 0.001065 -0.039596 0.003325 0.999990 0.002872 -0.170880 -0.001075 -0.002869 0.999995 9.104904
0.999996 -0.002641 0.000885 -0.050840 0.002639 0.999995 0.001584 -0.199544 -0.000889 -0.001582 0.999998 10.414595
0.999996 -0.002641 0.000885 -0.050840 0.002639 0.999995 0.001584 -0.199544 -0.000889 -0.001582 0.999998 10.414595
0.999997 0.002635 0.000026 -0.084932 -0.002635 0.999996 -0.000358 -0.270521 -0.000027 0.000358 1.000000 13.117501
0.999985 0.005491 0.000152 -0.106516 -0.005491 0.999985 -0.000639 -0.292217 -0.000155 0.000639 1.000000 14.443781
0.999978 0.006541 0.000492 -0.125004 -0.006541 0.999979 0.000045 -0.317949 -0.000492 -0.000048 1.000000 15.771681
0.999989 0.004610 0.001121 -0.132012 -0.004612 0.999987 0.002119 -0.339146 -0.001112 -0.002124 0.999997 17.114044
0.999989 0.004610 0.001121 -0.132012 -0.004612 0.999987 0.002119 -0.339146 -0.001112 -0.002124 0.999997 17.114044
0.999999 -0.001092 -0.000587 -0.111178 0.001094 0.999996 0.002768 -0.397532 0.000584 -0.002769 0.999996 19.877558
0.999998 -0.001800 -0.000653 -0.123143 0.001800 0.999998 0.000749 -0.418363 0.000652 -0.000751 1.000000 21.209106
1.000000 0.000281 0.000398 -0.142183 -0.000281 1.000000 0.000290 -0.467461 -0.000398 -0.000290 1.000000 22.545267
0.999993 0.003465 0.001310 -0.173229 -0.003467 0.999993 0.001338 -0.485750 -0.001306 -0.001342 0.999998 23.891247
0.999993 0.003465 0.001310 -0.173229 -0.003467 0.999993 0.001338 -0.485750 -0.001306 -0.001342 0.999998 23.891247
0.999997 0.001534 0.001822 -0.161756 -0.001546 0.999977 0.006604 -0.521718 -0.001812 -0.006606 0.999977 26.667240
0.999998 -0.001431 0.001643 -0.147621 0.001423 0.999984 0.005393 -0.543182 -0.001651 -0.005391 0.999984 28.009117
0.999996 -0.001917 0.002069 -0.150654 0.001911 0.999994 0.002901 -0.554760 -0.002074 -0.002897 0.999994 29.348261
0.999991 -0.001872 0.003790 -0.171352 0.001867 0.999997 0.001294 -0.584001 -0.003793 -0.001286 0.999992 30.663757
0.999997 -0.000803 0.002411 -0.174567 0.000802 0.999999 0.000720 -0.629885 -0.002412 -0.000718 0.999997 32.154900
0.999997 -0.000803 0.002411 -0.174567 0.000802 0.999999 0.000720 -0.629885 -0.002412 -0.000718 0.999997 32.154900
0.999997 -0.000803 0.002411 -0.174567 0.000802 0.999999 0.000720 -0.629885 -0.002412 -0.000718 0.999997 32.154900
0.999997 -0.000803 0.002411 -0.174567 0.000802 0.999999 0.000720 -0.629885 -0.002412 -0.000718 0.999997 32.154900
0.999997 -0.000803 0.002411 -0.174567 0.000802 0.999999 0.000720 -0.629885 -0.002412 -0.000718 0.999997 32.154900
0.999976 0.003422 0.006013 -0.277143 -0.003433 0.999992 0.001838 -0.745033 -0.006007 -0.001859 0.999980 37.535019
0.999973 0.006644 0.002996 -0.251645 -0.006652 0.999974 0.002635 -0.802285 -0.002978 -0.002655 0.999992 40.463001
0.999952 0.008954 0.004098 -0.303454 -0.008965 0.999956 0.002837 -0.825257 -0.004073 -0.002874 0.999988 41.817383
0.999938 0.009974 0.004875 -0.343562 -0.009988 0.999946 0.002804 -0.849456 -0.004846 -0.002853 0.999984 43.189320
0.999944 0.009163 0.005332 -0.367225 -0.009178 0.999954 0.002897 -0.870237 -0.005305 -0.002945 0.999982 44.553703
0.999944 0.009163 0.005332 -0.367225 -0.009178 0.999954 0.002897 -0.870237 -0.005305 -0.002945 0.999982 44.553703
0.999959 0.008902 0.001525 -0.305834 -0.008907 0.999955 0.003116 -0.926473 -0.001497 -0.003129 0.999994 47.435299
0.999953 0.009548 0.001759 -0.339130 -0.009554 0.999947 0.003730 -0.948727 -0.001723 -0.003746 0.999991 48.803806
0.999948 0.010075 0.001687 -0.372403 -0.010081 0.999943 0.003469 -0.974266 -0.001652 -0.003486 0.999993 50.179073
0.999939 0.010911 0.001621 -0.400882 -0.010916 0.999936 0.003015 -0.997165 -0.001588 -0.003032 0.999994 51.547729
0.999939 0.010911 0.001621 -0.400882 -0.010916 0.999936 0.003015 -0.997165 -0.001588 -0.003032 0.999994 51.547729
0.999947 0.009623 -0.003636 -0.351371 -0.009597 0.999929 0.007097 -1.056410 0.003704 -0.007062 0.999968 54.517902
0.999961 0.008164 -0.003421 -0.373495 -0.008140 0.999942 0.007082 -1.072917 0.003478 -0.007054 0.999969 55.879753
0.999976 0.005926 -0.003504 -0.385634 -0.005904 0.999962 0.006358 -1.085979 0.003541 -0.006337 0.999974 57.252785
0.999980 0.005890 -0.002497 -0.419538 -0.005874 0.999961 0.006574 -1.113425 0.002535 -0.006559 0.999975 58.650536
0.999980 0.005890 -0.002497 -0.419538 -0.005874 0.999961 0.006574 -1.113425 0.002535 -0.006559 0.999975 58.650536
0.999991 0.002366 -0.003510 -0.400033 -0.002335 0.999958 0.008851 -1.173776 0.003531 -0.008843 0.999955 61.567932
0.999997 0.001663 -0.001784 -0.429601 -0.001648 0.999963 0.008489 -1.193928 0.001798 -0.008486 0.999962 62.941113
1.000000 0.000633 -0.000624 -0.446156 -0.000628 0.999972 0.007420 -1.209683 0.000629 -0.007419 0.999972 64.320709
1.000000 0.000598 0.000690 -0.463502 -0.000603 0.999976 0.006956 -1.231830 -0.000686 -0.006957 0.999976 65.696022
0.999998 -0.000204 -0.001872 -0.421441 0.000220 0.999966 0.008239 -1.269515 0.001870 -0.008240 0.999964 67.183922
0.999998 -0.000204 -0.001872 -0.421441 0.000220 0.999966 0.008239 -1.269515 0.001870 -0.008240 0.999964 67.183922
0.999998 -0.000204 -0.001872 -0.421441 0.000220 0.999966 0.008239 -1.269515 0.001870 -0.008240 0.999964 67.183922
0.999998 -0.000204 -0.001872 -0.421441 0.000220 0.999966 0.008239 -1.269515 0.001870 -0.008240 0.999964 67.183922
0.999998 -0.000204 -0.001872 -0.421441 0.000220 0.999966 0.008239 -1.269515 0.001870 -0.008240 0.999964 67.183922
0.999865 0.014974 0.006748 -0.617037 -0.015043 0.999833 0.010342 -1.359063 -0.006592 -0.010442 0.999924 72.530525
0.999844 0.017191 0.004026 -0.568250 -0.017233 0.999796 0.010547 -1.372465 -0.003844 -0.010615 0.999936 75.489311
0.999828 0.017970 0.004666 -0.582256 -0.018019 0.999779 0.010841 -1.389388 -0.004470 -0.010923 0.999930 76.867142
0.999834 0.017407 0.005413 -0.595938 -0.017463 0.999794 0.010389 -1.403929 -0.005231 -0.010481 0.999931 78.217941
0.999848 0.016163 0.006499 -0.611554 -0.016223 0.999824 0.009405 -1.421171 -0.006346 -0.009509 0.999935 79.523483
0.999848 0.016163 0.006499 -0.611554 -0.016223 0.999824 0.009405 -1.421171 -0.006346 -0.009509 0.999935 79.523483
0.999847 0.017122 0.003643 -0.582511 -0.017161 0.999794 0.010828 -1.474846 -0.003457 -0.010889 0.999935 82.383888
0.999838 0.017620 0.003635 -0.608184 -0.017657 0.999790 0.010386 -1.497586 -0.003451 -0.010449 0.999939 83.708893
0.999812 0.019086 0.003322 -0.634152 -0.019119 0.999764 0.010317 -1.512022 -0.003124 -0.010379 0.999941 85.029984
0.999820 0.018756 0.002985 -0.652003 -0.018785 0.999773 0.010098 -1.514500 -0.002795 -0.010152 0.999945 86.306831
0.999820 0.018756 0.002985 -0.652003 -0.018785 0.999773 0.010098 -1.514500 -0.002795 -0.010152 0.999945 86.306831
0.999918 0.012756 -0.000979 -0.597245 -0.012743 0.999839 0.012600 -1.551315 0.001140 -0.012586 0.999920 89.052246
0.999936 0.011299 -0.000773 -0.631878 -0.011288 0.999857 0.012570 -1.561795 0.000915 -0.012560 0.999921 90.244057
0.999950 0.009900 -0.001398 -0.642305 -0.009882 0.999879 0.012009 -1.570087 0.001517 -0.011994 0.999927 91.561043
0.999956 0.009226 -0.001752 -0.657553 -0.009205 0.999888 0.011782 -1.583787 0.001861 -0.011765 0.999929 92.870674
0.999956 0.009226 -0.001752 -0.657553 -0.009205 0.999888 0.011782 -1.583787 0.001861 -0.011765 0.999929 92.870674
0.999963 0.008073 -0.003022 -0.643902 -0.008035 0.999891 0.012385 -1.651080 0.003122 -0.012361 0.999919 95.665337
0.999957 0.008944 -0.002578 -0.669234 -0.008914 0.999892 0.011709 -1.663932 0.002682 -0.011685 0.999928 96.961296
0.999952 0.009675 -0.001741 -0.700224 -0.009654 0.999883 0.011887 -1.676566 0.001856 -0.011870 0.999928 98.245636
0.999944 0.010554 -0.001173 -0.730788 -0.010539 0.999865 0.012619 -1.688678 0.001306 -0.012606 0.999920 99.525764
0.999927 0.011850 -0.002562 -0.692713 -0.011810 0.999819 0.014884 -1.721848 0.002738 -0.014852 0.999886 101.077118
0.999927 0.011850 -0.002562 -0.692713 -0.011810 0.999819 0.014884 -1.721848 0.002738 -0.014852 0.999886 101.077118
0.999927 0.011850 -0.002562 -0.692713 -0.011810 0.999819 0.014884 -1.721848 0.002738 -0.014852 0.999886 101.077118
0.999927 0.011850 -0.002562 -0.692713 -0.011810 0.999819 0.014884 -1.721848 0.002738 -0.014852 0.999886 101.077118
0.999927 0.011850 -0.002562 -0.692713 -0.011810 0.999819 0.014884 -1.721848 0.002738 -0.014852 0.999886 101.077118
0.999957 0.009168 -0.001024 -0.760384 -0.009157 0.999911 0.009740 -1.761396 0.001114 -0.009731 0.999952 106.161415
0.999988 0.004907 -0.000494 -0.751311 -0.004900 0.999891 0.013898 -1.804196 0.000562 -0.013896 0.999903 109.002495
0.999989 0.004656 0.000785 -0.759152 -0.004666 0.999909 0.012662 -1.812772 -0.000726 -0.012665 0.999920 110.281250
0.999976 0.006792 0.000972 -0.777958 -0.006802 0.999921 0.010540 -1.826567 -0.000901 -0.010547 0.999944 111.580353
0.999958 0.008938 0.001955 -0.796164 -0.008954 0.999925 0.008303 -1.837207 -0.001880 -0.008320 0.999964 112.874054
0.999958 0.008938 0.001955 -0.796164 -0.008954 0.999925 0.008303 -1.837207 -0.001880 -0.008320 0.999964 112.874054
0.999916 0.012180 0.004460 -0.799166 -0.012229 0.999863 0.011141 -1.895615 -0.004323 -0.011195 0.999928 115.684914
0.999904 0.012690 0.005582 -0.807947 -0.012759 0.999839 0.012593 -1.910343 -0.005421 -0.012663 0.999905 117.012680
0.999898 0.012801 0.006324 -0.815147 -0.012881 0.999835 0.012838 -1.925260 -0.006158 -0.012918 0.999898 118.337006
0.999890 0.013125 0.006948 -0.818968 -0.013207 0.999843 0.011814 -1.930497 -0.006792 -0.011905 0.999906 119.641937
0.999890 0.013125 0.006948 -0.818968 -0.013207 0.999843 0.011814 -1.930497 -0.006792 -0.011905 0.999906 119.641937
0.999852 0.014182 0.009785 -0.816036 -0.014316 0.999803 0.013729 -1.959759 -0.009588 -0.013867 0.999858 122.378052
0.999841 0.014536 0.010352 -0.819729 -0.014670 0.999808 0.012963 -1.973576 -0.010161 -0.013113 0.999862 123.705521
0.999815 0.015653 0.011173 -0.824073 -0.015789 0.999801 0.012184 -1.987052 -0.010980 -0.012359 0.999863 125.027542
0.999795 0.015974 0.012412 -0.825935 -0.016122 0.999799 0.011908 -1.999311 -0.012220 -0.012106 0.999852 126.359062
0.999795 0.015974 0.012412 -0.825935 -0.016122 0.999799 0.011908 -1.999311 -0.012220 -0.012106 0.999852 126.359062
0.999779 0.015162 0.014581 -0.789677 -0.015363 0.999787 0.013802 -2.018048 -0.014368 -0.014023 0.999798 129.087189
0.999781 0.014576 0.015016 -0.782005 -0.014784 0.999795 0.013851 -2.030173 -0.014811 -0.014070 0.999791 130.412109
0.999791 0.013473 0.015382 -0.776231 -0.013683 0.999814 0.013626 -2.039136 -0.015196 -0.013833 0.999789 131.740692
0.999796 0.013406 0.015112 -0.770361 -0.013621 0.999806 0.014202 -2.052612 -0.014919 -0.014405 0.999785 133.083939
0.999866 0.007990 0.014320 -0.711715 -0.008209 0.999849 0.015302 -2.066592 -0.014196 -0.015417 0.999780 134.471008
0.999866 0.007990 0.014320 -0.711715 -0.008209 0.999849 0.015302 -2.066592 -0.014196 -0.015417 0.999780 134.471008
0.999866 0.007990 0.014320 -0.711715 -0.008209 0.999849 0.015302 -2.066592 -0.014196 -0.015417 0.999780 134.471008
0.999866 0.007990 0.014320 -0.711715 -0.008209 0.999849 0.015302 -2.066592 -0.014196 -0.015417 0.999780 134.471008
0.999866 0.007990 0.014320 -0.711715 -0.008209 0.999849 0.015302 -2.066592 -0.014196 -0.015417 0.999780 134.471008
0.999906 0.008642 0.010616 -0.699517 -0.008800 0.999849 0.014954 -2.090570 -0.010486 -0.015046 0.999832 139.756882
0.999961 0.003818 0.007943 -0.663913 -0.003943 0.999869 0.015679 -2.119414 -0.007882 -0.015709 0.999846 142.519989
0.999972 0.001984 0.007197 -0.668801 -0.002078 0.999912 0.013081 -2.117298 -0.007171 -0.013095 0.999889 143.816513
0.999977 -0.002296 0.006363 -0.665510 0.002219 0.999924 0.012090 -2.125890 -0.006391 -0.012076 0.999907 145.136078
0.999956 -0.007311 0.005953 -0.657386 0.007228 0.999878 0.013843 -2.135541 -0.006053 -0.013800 0.999886 146.469223
0.999956 -0.007311 0.005953 -0.657386 0.007228 0.999878 0.013843 -2.135541 -0.006053 -0.013800 0.999886 146.469223
0.999753 -0.022110 0.002016 -0.557450 0.022081 0.999665 0.013528 -2.164397 -0.002315 -0.013480 0.999906 149.143097
0.999773 -0.021202 0.002217 -0.552898 0.021178 0.999721 0.010450 -2.169874 -0.002438 -0.010401 0.999943 150.393372
0.999834 -0.017867 0.003476 -0.575696 0.017838 0.999808 0.008099 -2.181744 -0.003620 -0.008036 0.999961 151.709854
0.999843 -0.017141 0.004463 -0.588048 0.017107 0.999825 0.007531 -2.192195 -0.004592 -0.007453 0.999962 153.009888
0.999843 -0.017141 0.004463 -0.588048 0.017107 0.999825 0.007531 -2.192195 -0.004592 -0.007453 0.999962 153.009888
0.999755 -0.021595 0.004809 -0.572246 0.021527 0.999671 0.013931 -2.255924 -0.005108 -0.013824 0.999891 155.712708
0.999726 -0.022927 0.004650 -0.564529 0.022857 0.999632 0.014626 -2.263420 -0.004983 -0.014515 0.999882 157.038971
0.999715 -0.023341 0.004981 -0.563536 0.023265 0.999622 0.014662 -2.274900 -0.005322 -0.014542 0.999880 158.343002
0.999765 -0.020895 0.005863 -0.567378 0.020804 0.999669 0.015165 -2.285865 -0.006178 -0.015040 0.999868 159.658340
0.999765 -0.020895 0.005863 -0.567378 0.020804 0.999669 0.015165 -2.285865 -0.006178 -0.015040 0.999868 159.658340
0.999638 -0.025823 0.007530 -0.552817 0.025706 0.999554 0.015217 -2.299010 -0.007920 -0.015017 0.999856 162.408371
0.999714 -0.022326 0.008619 -0.566521 0.022200 0.999649 0.014459 -2.308638 -0.008938 -0.014263 0.999858 163.739914
0.999764 -0.019435 0.009748 -0.585538 0.019282 0.999694 0.015483 -2.320637 -0.010045 -0.015291 0.999833 165.044662
0.999822 -0.015948 0.010039 -0.601957 0.015792 0.999756 0.015452 -2.346015 -0.010283 -0.015290 0.999830 166.380630
0.999794 -0.018548 0.008190 -0.548264 0.018432 0.999732 0.013993 -2.326612 -0.008447 -0.013839 0.999869 167.850250
0.999794 -0.018548 0.008190 -0.548264 0.018432 0.999732 0.013993 -2.326612 -0.008447 -0.013839 0.999869 167.850250
0.999794 -0.018548 0.008190 -0.548264 0.018432 0.999732 0.013993 -2.326612 -0.008447 -0.013839 0.999869 167.850250
0.999794 -0.018548 0.008190 -0.548264 0.018432 0.999732 0.013993 -2.326612 -0.008447 -0.013839 0.999869 167.850250
0.999794 -0.018548 0.008190 -0.548264 0.018432 0.999732 0.013993 -2.326612 -0.008447 -0.013839 0.999869 167.850250
0.999951 -0.004151 0.008975 -0.632587 0.004035 0.999908 0.012953 -2.366449 -0.009028 -0.012916 0.999876 173.242386
0.999974 0.001213 0.007069 -0.599817 -0.001325 0.999874 0.015795 -2.411507 -0.007049 -0.015804 0.999850 176.052628
0.999987 0.000262 0.005078 -0.601811 -0.000343 0.999871 0.016044 -2.426016 -0.005073 -0.016045 0.999858 177.437775
0.999997 -0.000157 0.002368 -0.601271 0.000129 0.999928 0.011962 -2.420851 -0.002370 -0.011962 0.999926 178.796356
1.000000 0.000252 0.000906 -0.618523 -0.000259 0.999968 0.007998 -2.425063 -0.000904 -0.007999 0.999968 180.161774
1.000000 0.000252 0.000906 -0.618523 -0.000259 0.999968 0.007998 -2.425063 -0.000904 -0.007999 0.999968 180.161774
0.999983 0.005703 0.001367 -0.632783 -0.005714 0.999954 0.007729 -2.449000 -0.001323 -0.007736 0.999969 182.909790
0.999953 0.009506 0.001938 -0.665660 -0.009525 0.999900 0.010456 -2.472777 -0.001838 -0.010474 0.999943 184.267319
0.999942 0.010511 0.002542 -0.684975 -0.010543 0.999861 0.012904 -2.485395 -0.002406 -0.012930 0.999914 185.627182
0.999941 0.010424 0.002923 -0.694694 -0.010463 0.999853 0.013594 -2.489955 -0.002781 -0.013624 0.999903 186.991089
0.999941 0.010424 0.002923 -0.694694 -0.010463 0.999853 0.013594 -2.489955 -0.002781 -0.013624 0.999903 186.991089
0.999974 0.006857 0.002386 -0.651926 -0.006897 0.999835 0.016816 -2.520401 -0.002270 -0.016832 0.999856 189.865601
0.999977 0.006264 0.002775 -0.649197 -0.006310 0.999834 0.017110 -2.532062 -0.002668 -0.017127 0.999850 191.233246
0.999979 0.005358 0.003730 -0.657036 -0.005425 0.999823 0.018008 -2.536327 -0.003633 -0.018028 0.999831 192.596603
0.999985 0.003744 0.004092 -0.651976 -0.003825 0.999793 0.019963 -2.549047 -0.004016 -0.019978 0.999792 193.978989
0.999985 0.003744 0.004092 -0.651976 -0.003825 0.999793 0.019963 -2.549047 -0.004016 -0.019978 0.999792 193.978989
0.999973 -0.006681 0.003113 -0.616083 0.006629 0.999847 0.016161 -2.532655 -0.003221 -0.016140 0.999865 196.899780
0.999995 -0.000943 0.003182 -0.638133 0.000906 0.999934 0.011478 -2.534459 -0.003193 -0.011475 0.999929 198.255249
0.999952 0.008489 0.004795 -0.686640 -0.008541 0.999902 0.011050 -2.546054 -0.004701 -0.011090 0.999927 199.626053
0.999840 0.016560 0.006743 -0.740016 -0.016654 0.999761 0.014132 -2.562958 -0.006507 -0.014242 0.999877 201.010910
0.999766 0.020281 0.007482 -0.718166 -0.020406 0.999647 0.017023 -2.585610 -0.007134 -0.017172 0.999827 202.608307
0.999766 0.020281 0.007482 -0.718166 -0.020406 0.999647 0.017023 -2.585610 -0.007134 -0.017172 0.999827 202.608307
0.999766 0.020281 0.007482 -0.718166 -0.020406 0.999647 0.017023 -2.585610 -0.007134 -0.017172 0.999827 202.608307
0.999766 0.020281 0.007482 -0.718166 -0.020406 0.999647 0.017023 -2.585610 -0.007134 -0.017172 0.999827 202.608307
0.999766 0.020281 0.007482 -0.718166 -0.020406 0.999647 0.017023 -2.585610 -0.007134 -0.017172 0.999827 202.608307
0.999800 0.019603 0.003843 -0.713867 -0.019662 0.999680 0.015927 -2.603926 -0.003530 -0.015999 0.999866 208.277145
0.999855 0.016487 0.004194 -0.700071 -0.016558 0.999709 0.017513 -2.610815 -0.003904 -0.017580 0.999838 211.226486
0.999844 0.017199 0.003988 -0.707856 -0.017262 0.999715 0.016518 -2.610115 -0.003702 -0.016584 0.999856 212.659958
0.999848 0.017050 0.003524 -0.708876 -0.017102 0.999737 0.015283 -2.607657 -0.003263 -0.015340 0.999877 214.105453
0.999846 0.017263 0.003090 -0.721254 -0.017307 0.999738 0.014984 -2.616467 -0.002830 -0.015036 0.999883 215.525360
0.999846 0.017263 0.003090 -0.721254 -0.017307 0.999738 0.014984 -2.616467 -0.002830 -0.015036 0.999883 215.525360
0.999891 0.014389 0.003284 -0.740961 -0.014443 0.999753 0.016873 -2.654626 -0.003040 -0.016919 0.999852 218.527206
0.999885 0.014794 0.003465 -0.754535 -0.014847 0.999762 0.015991 -2.648265 -0.003227 -0.016041 0.999866 219.931549
0.999862 0.016278 0.003266 -0.779592 -0.016328 0.999741 0.015877 -2.655167 -0.003007 -0.015928 0.999869 221.406326
0.999853 0.016813 0.003412 -0.801162 -0.016863 0.999741 0.015294 -2.655908 -0.003154 -0.015350 0.999877 222.857605
0.999853 0.016813 0.003412 -0.801162 -0.016863 0.999741 0.015294 -2.655908 -0.003154 -0.015350 0.999877 222.857605
0.999878 0.015484 0.001950 -0.770812 -0.015514 0.999745 0.016407 -2.682419 -0.001696 -0.016435 0.999864 225.816711
0.999879 0.015444 0.001972 -0.791344 -0.015472 0.999758 0.015620 -2.683809 -0.001730 -0.015649 0.999876 227.284790
0.999871 0.015830 0.002643 -0.815141 -0.015868 0.999759 0.015161 -2.683240 -0.002403 -0.015201 0.999882 228.726761
0.999860 0.016408 0.003151 -0.842183 -0.016456 0.999740 0.015775 -2.695103 -0.002892 -0.015825 0.999871 230.207489
0.999860 0.016408 0.003151 -0.842183 -0.016456 0.999740 0.015775 -2.695103 -0.002892 -0.015825 0.999871 230.207489
0.999913 0.013149 0.001456 -0.787139 -0.013173 0.999756 0.017722 -2.732088 -0.001223 -0.017740 0.999842 233.248169
0.999896 0.014272 0.002201 -0.813826 -0.014307 0.999750 0.017168 -2.736551 -0.001955 -0.017198 0.999850 234.730728
0.999835 0.017695 0.004119 -0.876891 -0.017767 0.999676 0.018253 -2.755225 -0.003795 -0.018323 0.999825 236.167007
0.999782 0.020070 0.005743 -0.921409 -0.020182 0.999593 0.020174 -2.762149 -0.005335 -0.020285 0.999780 237.616821
0.999918 0.012440 0.002901 -0.795232 -0.012499 0.999692 0.021427 -2.748974 -0.002634 -0.021462 0.999766 239.211014
0.999918 0.012440 0.002901 -0.795232 -0.012499 0.999692 0.021427 -2.748974 -0.002634 -0.021462 0.999766 239.211014
0.999918 0.012440 0.002901 -0.795232 -0.012499 0.999692 0.021427 -2.748974 -0.002634 -0.021462 0.999766 239.211014
0.999918 0.012440 0.002901 -0.795232 -0.012499 0.999692 0.021427 -2.748974 -0.002634 -0.021462 0.999766 239.211014
0.999918 0.012440 0.002901 -0.795232 -0.012499 0.999692 0.021427 -2.748974 -0.002634 -0.021462 0.999766 239.211014
0.999794 0.019518 0.005578 -0.899976 -0.019618 0.999637 0.018487 -2.734180 -0.005215 -0.018593 0.999814 245.132614
0.999846 0.017013 0.004346 -0.849101 -0.017098 0.999646 0.020370 -2.745757 -0.003998 -0.020441 0.999783 248.233887
0.999774 0.020668 0.005001 -0.879499 -0.020761 0.999599 0.019284 -2.727150 -0.004601 -0.019383 0.999802 249.675064
0.999687 0.024382 0.005525 -0.889967 -0.024481 0.999527 0.018628 -2.721425 -0.005068 -0.018758 0.999811 251.162308
0.999597 0.027904 0.005304 -0.901988 -0.027994 0.999452 0.017641 -2.708006 -0.004809 -0.017782 0.999830 252.592758
0.999597 0.027904 0.005304 -0.901988 -0.027994 0.999452 0.017641 -2.708006 -0.004809 -0.017782 0.999830 252.592758
0.999857 0.016340 0.004419 -0.881626 -0.016438 0.999597 0.023148 -2.749438 -0.004039 -0.023218 0.999722 255.702194
0.999864 0.015692 0.005016 -0.895396 -0.015804 0.999610 0.023025 -2.737437 -0.004653 -0.023101 0.999722 257.177521
0.999879 0.014443 0.005852 -0.920522 -0.014569 0.999648 0.022154 -2.730899 -0.005530 -0.022236 0.999737 258.555237
0.999919 0.010864 0.006672 -0.899678 -0.010993 0.999747 0.019608 -2.677336 -0.006457 -0.019679 0.999785 259.720123
0.999919 0.010864 0.006672 -0.899678 -0.010993 0.999747 0.019608 -2.677336 -0.006457 -0.019679 0.999785 259.720123
0.999961 0.007983 0.003818 -0.858931 -0.008078 0.999643 0.025454 -2.741843 -0.003613 -0.025484 0.999669 262.259735
0.999965 0.006620 0.005106 -0.842827 -0.006743 0.999675 0.024571 -2.725502 -0.004942 -0.024605 0.999685 263.518677
0.999964 0.005905 0.006158 -0.836806 -0.006048 0.999709 0.023342 -2.713356 -0.006019 -0.023378 0.999709 264.947113
0.999947 0.006980 0.007554 -0.847389 -0.007152 0.999710 0.022987 -2.713758 -0.007391 -0.023040 0.999707 266.406403
0.999947 0.006980 0.007554 -0.847389 -0.007152 0.999710 0.022987 -2.713758 -0.007391 -0.023040 0.999707 266.406403
0.999951 0.007209 0.006736 -0.845729 -0.007376 0.999658 0.025094 -2.723313 -0.006553 -0.025143 0.999662 269.397736
0.999928 0.008839 0.008173 -0.869988 -0.009041 0.999647 0.024990 -2.719910 -0.007949 -0.025062 0.999654 270.830383
0.999906 0.009320 0.010031 -0.884710 -0.009562 0.999657 0.024366 -2.707894 -0.009800 -0.024459 0.999653 272.266022
0.999900 0.008414 0.011324 -0.888227 -0.008676 0.999692 0.023246 -2.693582 -0.011125 -0.023342 0.999666 273.742065
0.999911 0.009457 0.009417 -0.866825 -0.009686 0.999650 0.024619 -2.710770 -0.009180 -0.024708 0.999653 275.358887
0.999911 0.009457 0.009417 -0.866825 -0.009686 0.999650 0.024619 -2.710770 -0.009180 -0.024708 0.999653 275.358887
0.999911 0.009457 0.009417 -0.866825 -0.009686 0.999650 0.024619 -2.710770 -0.009180 -0.024708 0.999653 275.358887
0.999911 0.009457 0.009417 -0.866825 -0.009686 0.999650 0.024619 -2.710770 -0.009180 -0.024708 0.999653 275.358887
0.999911 0.009457 0.009417 -0.866825 -0.009686 0.999650 0.024619 -2.710770 -0.009180 -0.024708 0.999653 275.358887
0.999881 0.006492 0.014003 -0.849685 -0.006804 0.999727 0.022344 -2.670737 -0.013854 -0.022437 0.999652 281.269165
0.999922 0.005558 0.011191 -0.849387 -0.005812 0.999723 0.022787 -2.693021 -0.011061 -0.022850 0.999678 284.398315
0.999924 0.004456 0.011512 -0.868960 -0.004709 0.999747 0.022013 -2.681500 -0.011411 -0.022066 0.999691 285.867096
0.999934 0.002967 0.011077 -0.849055 -0.003194 0.999785 0.020501 -2.652528 -0.011014 -0.020535 0.999729 287.345428
0.999927 0.003719 0.011535 -0.858133 -0.003950 0.999790 0.020111 -2.650274 -0.011457 -0.020155 0.999731 288.831787
0.999927 0.003719 0.011535 -0.858133 -0.003950 0.999790 0.020111 -2.650274 -0.011457 -0.020155 0.999731 288.831787
0.999957 0.004490 0.008062 -0.830699 -0.004670 0.999738 0.022396 -2.668961 -0.007959 -0.022433 0.999717 291.891144
0.999964 0.003429 0.007714 -0.814333 -0.003607 0.999725 0.023165 -2.634616 -0.007632 -0.023192 0.999702 293.293060
0.999954 0.005970 0.007539 -0.822745 -0.006150 0.999690 0.024110 -2.622900 -0.007393 -0.024155 0.999681 294.783752
0.999946 0.007221 0.007508 -0.803581 -0.007398 0.999689 0.023802 -2.606148 -0.007333 -0.023857 0.999689 296.269653
0.999946 0.007221 0.007508 -0.803581 -0.007398 0.999689 0.023802 -2.606148 -0.007333 -0.023857 0.999689 296.269653
0.999970 0.004123 0.006616 -0.792545 -0.004289 0.999671 0.025297 -2.638299 -0.006509 -0.025325 0.999658 299.460571
0.999971 0.002755 0.007059 -0.777450 -0.002922 0.999711 0.023873 -2.617132 -0.006991 -0.023893 0.999690 300.894714
0.999989 0.000402 0.004600 -0.699715 -0.000499 0.999779 0.020996 -2.578218 -0.004590 -0.020999 0.999769 302.307343
0.999993 0.000486 0.003778 -0.689389 -0.000559 0.999816 0.019168 -2.551351 -0.003768 -0.019170 0.999809 303.748871
0.999993 0.000486 0.003778 -0.689389 -0.000559 0.999816 0.019168 -2.551351 -0.003768 -0.019170 0.999809 303.748871
0.999991 0.003630 0.002405 -0.690051 -0.003680 0.999770 0.021133 -2.608235 -0.002328 -0.021141 0.999774 306.784302
0.999981 0.005639 0.002645 -0.715215 -0.005701 0.999700 0.023823 -2.592845 -0.002510 -0.023837 0.999713 308.343292
0.999976 0.005874 0.003552 -0.733711 -0.005963 0.999653 0.025654 -2.567028 -0.003400 -0.025675 0.999665 309.880371
0.999972 0.006396 0.003806 -0.730356 -0.006491 0.999654 0.025498 -2.545124 -0.003641 -0.025522 0.999668 311.429779
0.999993 0.000655 0.003636 -0.733552 -0.000760 0.999583 0.028850 -2.599048 -0.003615 -0.028853 0.999577 313.140381
0.999993 0.000655 0.003636 -0.733552 -0.000760 0.999583 0.028850 -2.599048 -0.003615 -0.028853 0.999577 313.140381
0.999993 0.000655 0.003636 -0.733552 -0.000760 0.999583 0.028850 -2.599048 -0.003615 -0.028853 0.999577 313.140381
0.999993 0.000655 0.003636 -0.733552 -0.000760 0.999583 0.028850 -2.599048 -0.003615 -0.028853 0.999577 313.140381
0.999993 0.000655 0.003636 -0.733552 -0.000760 0.999583 0.028850 -2.599048 -0.003615 -0.028853 0.999577 313.140381
0.999963 0.003714 0.007757 -0.784428 -0.003926 0.999613 0.027541 -2.545949 -0.007651 -0.027570 0.999591 319.375122
0.999966 0.001507 0.008143 -0.778214 -0.001750 0.999551 0.029906 -2.541097 -0.008094 -0.029920 0.999520 322.754639
0.999956 0.000756 0.009395 -0.795400 -0.001047 0.999517 0.031070 -2.530982 -0.009367 -0.031078 0.999473 324.317627
0.999955 0.000546 0.009491 -0.799878 -0.000833 0.999542 0.030248 -2.517871 -0.009470 -0.030255 0.999497 325.889893
0.999947 0.001720 0.010183 -0.793471 -0.002029 0.999537 0.030373 -2.513348 -0.010126 -0.030392 0.999487 327.456848
0.999947 0.001720 0.010183 -0.793471 -0.002029 0.999537 0.030373 -2.513348 -0.010126 -0.030392 0.999487 327.456848
0.999976 0.002571 0.006446 -0.740277 -0.002739 0.999654 0.026169 -2.492249 -0.006377 -0.026186 0.999637 330.836365
0.999970 0.003707 0.006750 -0.748351 -0.003882 0.999654 0.026002 -2.478723 -0.006651 -0.026027 0.999639 332.412628
0.999966 0.004606 0.006821 -0.763544 -0.004799 0.999581 0.028551 -2.469060 -0.006686 -0.028583 0.999569 334.009430
0.999956 0.006009 0.007224 -0.794223 -0.006230 0.999502 0.030937 -2.459276 -0.007034 -0.030981 0.999495 335.591400
0.999956 0.006009 0.007224 -0.794223 -0.006230 0.999502 0.030937 -2.459276 -0.007034 -0.030981 0.999495 335.591400
0.999981 0.005677 0.002350 -0.768271 -0.005746 0.999514 0.030632 -2.437979 -0.002175 -0.030645 0.999528 338.835449
0.999985 0.005178 0.001752 -0.781738 -0.005231 0.999489 0.031548 -2.422486 -0.001588 -0.031556 0.999501 340.384491
0.999989 0.004407 0.001724 -0.797535 -0.004460 0.999486 0.031736 -2.412246 -0.001583 -0.031744 0.999495 341.942291
0.999989 0.004373 0.001565 -0.786366 -0.004419 0.999521 0.030620 -2.394275 -0.001430 -0.030627 0.999530 343.487457
0.999989 0.004373 0.001565 -0.786366 -0.004419 0.999521 0.030620 -2.394275 -0.001430 -0.030627 0.999530 343.487457
0.999995 0.002166 -0.002210 -0.815185 -0.002096 0.999498 0.031599 -2.372032 0.002278 -0.031595 0.999498 346.791260
0.999996 0.001932 -0.001868 -0.842749 -0.001873 0.999503 0.031466 -2.359568 0.001928 -0.031462 0.999503 348.370880
0.999998 0.001503 -0.001260 -0.849354 -0.001463 0.999523 0.030861 -2.348226 0.001306 -0.030859 0.999523 349.919342
0.999998 0.001870 -0.000414 -0.874295 -0.001857 0.999554 0.029794 -2.332813 0.000470 -0.029793 0.999556 351.480560
0.999995 0.000392 -0.003223 -0.858377 -0.000292 0.999516 0.031117 -2.334218 0.003233 -0.031116 0.999511 353.209534
0.999995 0.000392 -0.003223 -0.858377 -0.000292 0.999516 0.031117 -2.334218 0.003233 -0.031116 0.999511 353.209534
0.999995 0.000392 -0.003223 -0.858377 -0.000292 0.999516 0.031117 -2.334218 0.003233 -0.031116 0.999511 353.209534
0.999995 0.000392 -0.003223 -0.858377 -0.000292 0.999516 0.031117 -2.334218 0.003233 -0.031116 0.999511 353.209534
0.999995 0.000392 -0.003223 -0.858377 -0.000292 0.999516 0.031117 -2.334218 0.003233 -0.031116 0.999511 353.209534
0.999999 -0.001071 0.000967 -0.946469 0.001040 0.999519 0.030999 -2.276227 -0.000999 -0.030998 0.999519 359.447662
0.999989 -0.003897 -0.002678 -0.920357 0.003978 0.999509 0.031085 -2.248663 0.002556 -0.031095 0.999513 362.748260
0.999997 -0.001997 -0.001482 -0.955382 0.002043 0.999498 0.031628 -2.228560 0.001418 -0.031631 0.999499 364.340363
0.999999 -0.000759 0.000926 -0.990114 0.000729 0.999471 0.032519 -2.208905 -0.000950 -0.032518 0.999471 365.868011
0.999998 0.000294 0.001919 -1.017967 -0.000357 0.999470 0.032541 -2.189266 -0.001908 -0.032541 0.999469 367.470490
0.999998 0.000294 0.001919 -1.017967 -0.000357 0.999470 0.032541 -2.189266 -0.001908 -0.032541 0.999469 367.470490
1.000000 -0.000588 0.000281 -1.017793 0.000579 0.999489 0.031957 -2.175890 -0.000300 -0.031956 0.999489 370.713196
0.999999 0.000728 0.001214 -1.032542 -0.000766 0.999503 0.031529 -2.153480 -0.001191 -0.031530 0.999502 372.298065
0.999996 0.001849 0.002067 -1.042912 -0.001913 0.999498 0.031628 -2.136552 -0.002007 -0.031632 0.999498 373.914917
0.999992 0.002637 0.003030 -1.053857 -0.002733 0.999483 0.032039 -2.119938 -0.002944 -0.032047 0.999482 375.492401
0.999992 0.002637 0.003030 -1.053857 -0.002733 0.999483 0.032039 -2.119938 -0.002944 -0.032047 0.999482 375.492401
0.999986 0.005285 0.000533 -1.032821 -0.005299 0.999468 0.032188 -2.089999 -0.000363 -0.032191 0.999482 378.710632
0.999977 0.006536 0.001583 -1.059344 -0.006583 0.999459 0.032237 -2.068385 -0.001371 -0.032246 0.999479 380.257019
0.999960 0.008751 0.001912 -1.061207 -0.008809 0.999416 0.033010 -2.045286 -0.001622 -0.033026 0.999453 381.823181
0.999945 0.010077 0.002768 -1.078874 -0.010164 0.999387 0.033497 -2.028581 -0.002429 -0.033523 0.999435 383.428345
0.999945 0.010077 0.002768 -1.078874 -0.010164 0.999387 0.033497 -2.028581 -0.002429 -0.033523 0.999435 383.428345
0.999957 0.009095 0.001799 -1.096421 -0.009151 0.999367 0.034369 -2.010074 -0.001486 -0.034384 0.999408 386.782593
