1.000000 0.000000 0.000000 0.000000 0.000000 1.000000 0.000000 0.000000 0.000000 0.000000 1.000000 0.000000
1.000000 0.000000 0.000000 0.000000 0.000000 1.000000 0.000000 0.000000 0.000000 0.000000 1.000000 0.000000
1.000000 0.000000 0.000000 0.000000 0.000000 1.000000 0.000000 0.000000 0.000000 0.000000 1.000000 0.000000
1.000000 0.000000 0.000000 0.000000 0.000000 1.000000 0.000000 0.000000 0.000000 0.000000 1.000000 0.000000
0.999996 -0.002858 0.000281 -0.011226 0.002858 0.999995 0.001096 -0.076043 -0.000284 -0.001095 0.999999 3.882997
0.999996 -0.002838 0.000576 -0.027939 0.002837 0.999995 0.001651 -0.121503 -0.000581 -0.001649 0.999998 6.498771
0.999992 -0.003902 0.001073 -0.036175 0.003899 0.999988 0.002837 -0.148934 -0.001084 -0.002833 0.999995 7.811887
0.999993 -0.003496 0.000924 -0.039424 0.003493 0.999989 0.003251 -0.172733 -0.000935 -0.003248 0.999994 9.121076
0.999996 -0.002845 0.000795 -0.057173 0.002843 0.999994 0.002010 -0.202408 -0.000801 -0.002008 0.999998 10.433908
0.999996 -0.002845 0.000795 -0.057173 0.002843 0.999994 0.002010 -0.202408 -0.000801 -0.002008 0.999998 10.433908
0.999998 0.002158 0.000077 -0.091454 -0.002158 0.999998 0.000245 -0.270699 -0.000076 -0.000245 1.000000 13.138698
0.999989 0.004725 0.000141 -0.112567 -0.004725 0.999989 0.000130 -0.294383 -0.000140 -0.000131 1.000000 14.467819
0.999983 0.005765 0.000474 -0.131051 -0.005766 0.999983 0.000835 -0.318980 -0.000469 -0.000837 1.000000 15.795225
0.999992 0.003835 0.001158 -0.141274 -0.003839 0.999988 0.002998 -0.340764 -0.001146 -0.003003 0.999995 17.135792
0.999992 0.003835 0.001158 -0.141274 -0.003839 0.999988 0.002998 -0.340764 -0.001146 -0.003003 0.999995 17.135792
0.999999 -0.001638 -0.000471 -0.114303 0.001640 0.999992 0.003533 -0.395212 0.000465 -0.003534 0.999994 19.895962
0.999997 -0.002382 -0.000658 -0.121014 0.002383 0.999996 0.001519 -0.415165 0.000654 -0.001520 0.999999 21.233894
1.000000 -0.000294 0.000372 -0.141092 0.000293 0.999999 0.001054 -0.463388 -0.000373 -0.001054 0.999999 22.571115
0.999995 0.002902 0.001306 -0.174276 -0.002905 0.999994 0.002146 -0.481206 -0.001300 -0.002150 0.999997 23.909613
0.999995 0.002902 0.001306 -0.174276 -0.002905 0.999994 0.002146 -0.481206 -0.001300 -0.002150 0.999997 23.909613
0.999997 0.001390 0.001824 -0.169759 -0.001403 0.999973 0.007219 -0.515940 -0.001814 -0.007221 0.999972 26.685625
0.999997 -0.001800 0.001646 -0.169918 0.001789 0.999978 0.006460 -0.544054 -0.001657 -0.006457 0.999978 28.038786
0.999994 -0.002546 0.002143 -0.178656 0.002537 0.999988 0.004176 -0.556427 -0.002153 -0.004170 0.999989 29.377316
0.999992 -0.002486 0.003285 -0.183615 0.002478 0.999994 0.002420 -0.581157 -0.003291 -0.002412 0.999992 30.703751
0.999996 -0.001156 0.002375 -0.182928 0.001153 0.999999 0.001266 -0.619111 -0.002377 -0.001263 0.999996 32.184998
0.999996 -0.001156 0.002375 -0.182928 0.001153 0.999999 0.001266 -0.619111 -0.002377 -0.001263 0.999996 32.184998
0.999996 -0.001156 0.002375 -0.182928 0.001153 0.999999 0.001266 -0.619111 -0.002377 -0.001263 0.999996 32.184998
0.999996 -0.001156 0.002375 -0.182928 0.001153 0.999999 0.001266 -0.619111 -0.002377 -0.001263 0.999996 32.184998
0.999996 -0.001156 0.002375 -0.182928 0.001153 0.999999 0.001266 -0.619111 -0.002377 -0.001263 0.999996 32.184998
0.999980 0.002986 0.005577 -0.288406 -0.003000 0.999993 0.002421 -0.735739 -0.005570 -0.002438 0.999982 37.601570
0.999972 0.006650 0.003300 -0.262453 -0.006661 0.999972 0.003335 -0.790713 -0.003277 -0.003357 0.999989 40.468906
0.999953 0.008810 0.003968 -0.303427 -0.008824 0.999955 0.003525 -0.812454 -0.003937 -0.003560 0.999986 41.839230
0.999940 0.009863 0.004857 -0.340998 -0.009880 0.999945 0.003524 -0.836528 -0.004822 -0.003572 0.999982 43.195873
0.999946 0.009116 0.004992 -0.361296 -0.009133 0.999952 0.003520 -0.857154 -0.004960 -0.003565 0.999981 44.578781
0.999946 0.009116 0.004992 -0.361296 -0.009133 0.999952 0.003520 -0.857154 -0.004960 -0.003565 0.999981 44.578781
0.999959 0.008867 0.001728 -0.320559 -0.008873 0.999954 0.003725 -0.913855 -0.001695 -0.003740 0.999992 47.475979
0.999951 0.009607 0.002238 -0.364687 -0.009617 0.999944 0.004463 -0.941182 -0.002195 -0.004484 0.999988 48.839066
0.999949 0.009871 0.001912 -0.390982 -0.009879 0.999942 0.004200 -0.964686 -0.001871 -0.004219 0.999989 50.224392
0.999941 0.010736 0.001558 -0.416815 -0.010742 0.999934 0.004081 -0.990465 -0.001514 -0.004098 0.999990 51.607067
0.999941 0.010736 0.001558 -0.416815 -0.010742 0.999934 0.004081 -0.990465 -0.001514 -0.004098 0.999990 51.607067
0.999947 0.009500 -0.003988 -0.356020 -0.009471 0.999927 0.007447 -1.036527 0.004058 -0.007408 0.999964 54.561485
0.999962 0.007670 -0.004200 -0.372477 -0.007638 0.999942 0.007597 -1.052786 0.004258 -0.007565 0.999962 55.948223
0.999976 0.005310 -0.004434 -0.385535 -0.005279 0.999962 0.006987 -1.065721 0.004471 -0.006964 0.999966 57.342182
0.999979 0.005442 -0.003485 -0.422792 -0.005417 0.999959 0.007245 -1.095353 0.003525 -0.007226 0.999968 58.747631
0.999979 0.005442 -0.003485 -0.422792 -0.005417 0.999959 0.007245 -1.095353 0.003525 -0.007226 0.999968 58.747631
0.999990 0.002306 -0.003894 -0.410093 -0.002270 0.999955 0.009265 -1.151953 0.003915 -0.009256 0.999950 61.638519
0.999996 0.002007 -0.001817 -0.448344 -0.001991 0.999958 0.008896 -1.175821 0.001834 -0.008893 0.999959 62.996361
0.999999 0.000529 -0.001326 -0.451021 -0.000519 0.999970 0.007790 -1.186049 0.001330 -0.007789 0.999969 64.409370
0.999999 0.001035 0.000003 -0.471985 -0.001035 0.999971 0.007556 -1.212792 0.000004 -0.007556 0.999971 65.787674
0.999997 -0.000465 -0.002356 -0.425980 0.000486 0.999962 0.008718 -1.243868 0.002352 -0.008719 0.999959 67.248039
0.999997 -0.000465 -0.002356 -0.425980 0.000486 0.999962 0.008718 -1.243868 0.002352 -0.008719 0.999959 67.248039
0.999997 -0.000465 -0.002356 -0.425980 0.000486 0.999962 0.008718 -1.243868 0.002352 -0.008719 0.999959 67.248039
0.999997 -0.000465 -0.002356 -0.425980 0.000486 0.999962 0.008718 -1.243868 0.002352 -0.008719 0.999959 67.248039
0.999997 -0.000465 -0.002356 -0.425980 0.000486 0.999962 0.008718 -1.243868 0.002352 -0.008719 0.999959 67.248039
0.999869 0.015289 0.005353 -0.618098 -0.015348 0.999820 0.011199 -1.345347 -0.005181 -0.011280 0.999923 72.649475
0.999846 0.017261 0.003084 -0.570387 -0.017294 0.999790 0.011037 -1.345040 -0.002893 -0.011089 0.999934 75.554237
0.999826 0.018306 0.003651 -0.583939 -0.018346 0.999767 0.011392 -1.364250 -0.003442 -0.011457 0.999928 76.935341
0.999834 0.017698 0.004395 -0.599879 -0.017746 0.999782 0.010995 -1.378907 -0.004200 -0.011071 0.999930 78.285133
0.999849 0.016534 0.005293 -0.616708 -0.016585 0.999813 0.009905 -1.399837 -0.005129 -0.009991 0.999937 79.635147
0.999849 0.016534 0.005293 -0.616708 -0.016585 0.999813 0.009905 -1.399837 -0.005129 -0.009991 0.999937 79.635147
0.999847 0.017304 0.002688 -0.594938 -0.017333 0.999787 0.011179 -1.448385 -0.002494 -0.011224 0.999934 82.476028
0.999842 0.017653 0.002191 -0.610498 -0.017676 0.999786 0.010758 -1.469315 -0.002001 -0.010795 0.999940 83.818886
0.999819 0.018986 0.001471 -0.628367 -0.019001 0.999761 0.010787 -1.483829 -0.001266 -0.010813 0.999941 85.168106
0.999815 0.019185 0.001263 -0.655653 -0.019198 0.999755 0.011049 -1.500252 -0.001051 -0.011071 0.999938 86.476280
0.999815 0.019185 0.001263 -0.655653 -0.019198 0.999755 0.011049 -1.500252 -0.001051 -0.011071 0.999938 86.476280
0.999909 0.013300 -0.002053 -0.611953 -0.013271 0.999821 0.013459 -1.531144 0.002232 -0.013431 0.999907 89.194435
0.999928 0.011735 -0.002538 -0.635768 -0.011700 0.999841 0.013432 -1.544131 0.002695 -0.013401 0.999907 90.467964
0.999943 0.010242 -0.002944 -0.651753 -0.010203 0.999863 0.013016 -1.553508 0.003077 -0.012985 0.999911 91.777885
0.999945 0.009949 -0.003346 -0.667598 -0.009905 0.999868 0.012865 -1.569187 0.003474 -0.012831 0.999912 93.086220
0.999945 0.009949 -0.003346 -0.667598 -0.009905 0.999868 0.012865 -1.569187 0.003474 -0.012831 0.999912 93.086220
0.999956 0.008259 -0.004534 -0.661030 -0.008200 0.999883 0.012951 -1.612680 0.004640 -0.012913 0.999906 95.924385
0.999949 0.009199 -0.004127 -0.689744 -0.009147 0.999882 0.012343 -1.629072 0.004240 -0.012305 0.999915 97.231956
0.999949 0.009550 -0.003376 -0.719195 -0.009508 0.999879 0.012348 -1.636657 0.003494 -0.012315 0.999918 98.520576
0.999945 0.010238 -0.002420 -0.760095 -0.010205 0.999860 0.013291 -1.651966 0.002556 -0.013265 0.999909 99.785530
0.999926 0.011506 -0.003888 -0.718872 -0.011445 0.999815 0.015453 -1.684357 0.004065 -0.015407 0.999873 101.325912
0.999926 0.011506 -0.003888 -0.718872 -0.011445 0.999815 0.015453 -1.684357 0.004065 -0.015407 0.999873 101.325912
0.999926 0.011506 -0.003888 -0.718872 -0.011445 0.999815 0.015453 -1.684357 0.004065 -0.015407 0.999873 101.325912
0.999926 0.011506 -0.003888 -0.718872 -0.011445 0.999815 0.015453 -1.684357 0.004065 -0.015407 0.999873 101.325912
0.999926 0.011506 -0.003888 -0.718872 -0.011445 0.999815 0.015453 -1.684357 0.004065 -0.015407 0.999873 101.325912
0.999960 0.008644 -0.002500 -0.791889 -0.008617 0.999905 0.010743 -1.726215 0.002593 -0.010721 0.999939 106.448654
0.999985 0.005036 -0.001925 -0.777971 -0.005007 0.999882 0.014521 -1.762208 0.001998 -0.014511 0.999893 109.276917
0.999988 0.004765 -0.000593 -0.791156 -0.004756 0.999898 0.013470 -1.774487 0.000657 -0.013467 0.999909 110.566895
0.999975 0.007055 -0.000425 -0.808774 -0.007049 0.999910 0.011384 -1.787263 0.000505 -0.011381 0.999935 111.874252
0.999957 0.009279 0.000505 -0.827145 -0.009284 0.999913 0.009371 -1.800823 -0.000418 -0.009375 0.999956 113.176247
0.999957 0.009279 0.000505 -0.827145 -0.009284 0.999913 0.009371 -1.800823 -0.000418 -0.009375 0.999956 113.176247
0.999922 0.012108 0.003157 -0.842881 -0.012144 0.999859 0.011616 -1.847310 -0.003016 -0.011653 0.999928 115.961365
0.999912 0.012518 0.004430 -0.859384 -0.012575 0.999836 0.013049 -1.862310 -0.004266 -0.013104 0.999905 117.276794
0.999908 0.012598 0.005116 -0.866839 -0.012665 0.999832 0.013258 -1.876264 -0.004948 -0.013322 0.999899 118.602028
0.999901 0.012813 0.005747 -0.874125 -0.012884 0.999840 0.012421 -1.884943 -0.005587 -0.012494 0.999906 119.913773
0.999901 0.012813 0.005747 -0.874125 -0.012884 0.999840 0.012421 -1.884943 -0.005587 -0.012494 0.999906 119.913773
0.999856 0.014823 0.008303 -0.853385 -0.014940 0.999788 0.014180 -1.909831 -0.008091 -0.014302 0.999865 122.646324
0.999845 0.015125 0.009023 -0.862954 -0.015245 0.999795 0.013294 -1.921269 -0.008820 -0.013430 0.999871 123.970337
0.999822 0.016150 0.009718 -0.865546 -0.016270 0.999791 0.012417 -1.931233 -0.009515 -0.012573 0.999876 125.296867
0.999804 0.016570 0.010870 -0.867752 -0.016700 0.999788 0.012038 -1.941316 -0.010668 -0.012217 0.999868 126.621857
0.999804 0.016570 0.010870 -0.867752 -0.016700 0.999788 0.012038 -1.941316 -0.010668 -0.012217 0.999868 126.621857
0.999802 0.014909 0.013202 -0.839286 -0.015097 0.999785 0.014205 -1.960655 -0.012987 -0.014402 0.999812 129.368454
0.999804 0.014383 0.013597 -0.834717 -0.014577 0.999792 0.014271 -1.973568 -0.013389 -0.014467 0.999806 130.688919
0.999816 0.013194 0.013895 -0.828447 -0.013389 0.999811 0.014092 -1.983999 -0.013706 -0.014276 0.999804 132.025131
0.999820 0.013084 0.013746 -0.824840 -0.013287 0.999803 0.014768 -1.997631 -0.013550 -0.014948 0.999796 133.352905
0.999887 0.007952 0.012775 -0.768138 -0.008158 0.999836 0.016165 -2.003531 -0.012644 -0.016268 0.999788 134.747864
0.999887 0.007952 0.012775 -0.768138 -0.008158 0.999836 0.016165 -2.003531 -0.012644 -0.016268 0.999788 134.747864
0.999887 0.007952 0.012775 -0.768138 -0.008158 0.999836 0.016165 -2.003531 -0.012644 -0.016268 0.999788 134.747864
0.999887 0.007952 0.012775 -0.768138 -0.008158 0.999836 0.016165 -2.003531 -0.012644 -0.016268 0.999788 134.747864
0.999887 0.007952 0.012775 -0.768138 -0.008158 0.999836 0.016165 -2.003531 -0.012644 -0.016268 0.999788 134.747864
0.999927 0.008376 0.008758 -0.766300 -0.008517 0.999832 0.016204 -2.029868 -0.008621 -0.016277 0.999830 140.053955
0.999972 0.003473 0.006623 -0.737425 -0.003583 0.999855 0.016649 -2.056529 -0.006565 -0.016673 0.999839 142.795212
0.999982 0.001670 0.005788 -0.740169 -0.001751 0.999899 0.014079 -2.052819 -0.005764 -0.014089 0.999884 144.088531
0.999985 -0.002673 0.004889 -0.736764 0.002609 0.999912 0.012973 -2.056489 -0.004923 -0.012960 0.999904 145.398666
0.999959 -0.007977 0.004349 -0.724799 0.007912 0.999860 0.014715 -2.063306 -0.004466 -0.014680 0.999882 146.748306
0.999959 -0.007977 0.004349 -0.724799 0.007912 0.999860 0.014715 -2.063306 -0.004466 -0.014680 0.999882 146.748306
0.999760 -0.021900 0.000339 -0.642496 0.021893 0.999656 0.014457 -2.086740 -0.000656 -0.014446 0.999895 149.440201
0.999783 -0.020815 0.000638 -0.652277 0.020806 0.999715 0.011691 -2.098729 -0.000881 -0.011675 0.999931 150.726624
0.999847 -0.017402 0.001816 -0.675880 0.017385 0.999805 0.009332 -2.109262 -0.001978 -0.009299 0.999955 152.058334
0.999856 -0.016775 0.002742 -0.689011 0.016750 0.999820 0.008861 -2.119939 -0.002890 -0.008814 0.999957 153.352554
0.999856 -0.016775 0.002742 -0.689011 0.016750 0.999820 0.008861 -2.119939 -0.002890 -0.008814 0.999957 153.352554
0.999770 -0.021241 0.003108 -0.664487 0.021193 0.999665 0.014865 -2.179554 -0.003423 -0.014796 0.999885 156.063599
0.999738 -0.022714 0.002829 -0.655647 0.022668 0.999621 0.015627 -2.185938 -0.003183 -0.015558 0.999874 157.375229
0.999725 -0.023232 0.003334 -0.661773 0.023176 0.999604 0.015958 -2.200321 -0.003704 -0.015877 0.999867 158.696671
0.999774 -0.020813 0.004239 -0.667350 0.020740 0.999649 0.016464 -2.210375 -0.004580 -0.016372 0.999855 160.011292
0.999774 -0.020813 0.004239 -0.667350 0.020740 0.999649 0.016464 -2.210375 -0.004580 -0.016372 0.999855 160.011292
0.999680 -0.024549 0.006054 -0.656977 0.024446 0.999564 0.016555 -2.218707 -0.006457 -0.016402 0.999845 162.734940
0.999754 -0.021068 0.006927 -0.669473 0.020957 0.999656 0.015792 -2.227911 -0.007257 -0.015643 0.999851 164.085342
0.999806 -0.018026 0.007899 -0.691411 0.017891 0.999699 0.016792 -2.241471 -0.008200 -0.016647 0.999828 165.411270
0.999859 -0.014724 0.008030 -0.704159 0.014589 0.999755 0.016642 -2.261950 -0.008273 -0.016523 0.999829 166.768021
0.999829 -0.017309 0.006552 -0.658726 0.017209 0.999739 0.015036 -2.237298 -0.006810 -0.014921 0.999865 168.190201
0.999829 -0.017309 0.006552 -0.658726 0.017209 0.999739 0.015036 -2.237298 -0.006810 -0.014921 0.999865 168.190201
0.999829 -0.017309 0.006552 -0.658726 0.017209 0.999739 0.015036 -2.237298 -0.006810 -0.014921 0.999865 168.190201
0.999829 -0.017309 0.006552 -0.658726 0.017209 0.999739 0.015036 -2.237298 -0.006810 -0.014921 0.999865 168.190201
0.999829 -0.017309 0.006552 -0.658726 0.017209 0.999739 0.015036 -2.237298 -0.006810 -0.014921 0.999865 168.190201
0.999971 -0.002644 0.007094 -0.752911 0.002542 0.999894 0.014340 -2.284301 -0.007131 -0.014322 0.999872 173.556686
0.999984 0.000584 0.005632 -0.717809 -0.000681 0.999853 0.017132 -2.306231 -0.005621 -0.017135 0.999837 176.362457
0.999994 -0.000893 0.003346 -0.716497 0.000835 0.999852 0.017211 -2.310811 -0.003360 -0.017208 0.999846 177.756973
0.999999 -0.001009 0.000749 -0.721369 0.000999 0.999912 0.013212 -2.306223 -0.000763 -0.013211 0.999912 179.100510
1.000000 -0.000066 -0.000738 -0.740065 0.000073 0.999958 0.009165 -2.307885 0.000737 -0.009165 0.999958 180.471100
1.000000 -0.000066 -0.000738 -0.740065 0.000073 0.999958 0.009165 -2.307885 0.000737 -0.009165 0.999958 180.471100
0.999984 0.005673 -0.000138 -0.762968 -0.005672 0.999941 0.009287 -2.347675 0.000191 -0.009286 0.999957 183.228531
0.999963 0.008646 -0.000104 -0.785270 -0.008644 0.999895 0.011667 -2.360007 0.000205 -0.011665 0.999932 184.588715
0.999953 0.009681 0.000461 -0.806637 -0.009687 0.999851 0.014272 -2.374164 -0.000322 -0.014276 0.999898 185.954102
0.999956 0.009346 0.000639 -0.816083 -0.009355 0.999844 0.014979 -2.376248 -0.000499 -0.014984 0.999888 187.323563
0.999956 0.009346 0.000639 -0.816083 -0.009355 0.999844 0.014979 -2.376248 -0.000499 -0.014984 0.999888 187.323563
0.999977 0.006771 0.000889 -0.793795 -0.006785 0.999818 0.017827 -2.406035 -0.000769 -0.017833 0.999841 190.187805
0.999980 0.006192 0.001321 -0.793454 -0.006215 0.999816 0.018152 -2.416433 -0.001208 -0.018160 0.999834 191.553436
0.999984 0.005153 0.002319 -0.802242 -0.005196 0.999803 0.019166 -2.422828 -0.002220 -0.019178 0.999814 192.933197
0.999990 0.003651 0.002554 -0.798552 -0.003704 0.999772 0.021015 -2.433026 -0.002477 -0.021024 0.999776 194.329468
0.999990 0.003651 0.002554 -0.798552 -0.003704 0.999772 0.021015 -2.433026 -0.002477 -0.021024 0.999776 194.329468
0.999976 -0.006731 0.001622 -0.764515 0.006702 0.999827 0.017371 -2.418958 -0.001739 -0.017360 0.999848 197.239258
0.999998 -0.000948 0.001635 -0.783066 0.000927 0.999921 0.012551 -2.415982 -0.001646 -0.012549 0.999920 198.593277
0.999957 0.008701 0.003249 -0.835614 -0.008740 0.999888 0.012126 -2.427329 -0.003144 -0.012154 0.999921 199.950378
0.999844 0.016843 0.005245 -0.895635 -0.016922 0.999738 0.015427 -2.446273 -0.004984 -0.015513 0.999867 201.326859
0.999794 0.019354 0.006155 -0.863822 -0.019463 0.999645 0.018178 -2.460514 -0.005801 -0.018294 0.999816 202.937302
0.999794 0.019354 0.006155 -0.863822 -0.019463 0.999645 0.018178 -2.460514 -0.005801 -0.018294 0.999816 202.937302
0.999794 0.019354 0.006155 -0.863822 -0.019463 0.999645 0.018178 -2.460514 -0.005801 -0.018294 0.999816 202.937302
0.999794 0.019354 0.006155 -0.863822 -0.019463 0.999645 0.018178 -2.460514 -0.005801 -0.018294 0.999816 202.937302
0.999794 0.019354 0.006155 -0.863822 -0.019463 0.999645 0.018178 -2.460514 -0.005801 -0.018294 0.999816 202.937302
0.999834 0.018106 0.002198 -0.867199 -0.018141 0.999685 0.017350 -2.476477 -0.001883 -0.017387 0.999847 208.636108
0.999857 0.016689 0.002788 -0.860395 -0.016738 0.999685 0.018676 -2.485832 -0.002475 -0.018720 0.999822 211.557907
0.999841 0.017656 0.002590 -0.871249 -0.017700 0.999682 0.017957 -2.487612 -0.002272 -0.018000 0.999835 212.991745
0.999847 0.017376 0.002238 -0.878521 -0.017412 0.999704 0.017003 -2.487255 -0.001942 -0.017040 0.999853 214.440720
0.999841 0.017756 0.001754 -0.894742 -0.017783 0.999704 0.016603 -2.495139 -0.001459 -0.016631 0.999861 215.875488
0.999841 0.017756 0.001754 -0.894742 -0.017783 0.999704 0.016603 -2.495139 -0.001459 -0.016631 0.999861 215.875488
0.999905 0.013695 0.001467 -0.893064 -0.013719 0.999748 0.017770 -2.510951 -0.001224 -0.017789 0.999841 218.883194
0.999896 0.014319 0.001758 -0.921982 -0.014347 0.999747 0.017307 -2.514183 -0.001510 -0.017331 0.999849 220.308441
0.999876 0.015658 0.001475 -0.946972 -0.015681 0.999730 0.017133 -2.518117 -0.001206 -0.017154 0.999852 221.783249
0.999864 0.016428 0.001583 -0.974597 -0.016452 0.999725 0.016682 -2.520055 -0.001308 -0.016706 0.999860 223.235077
0.999864 0.016428 0.001583 -0.974597 -0.016452 0.999725 0.016682 -2.520055 -0.001308 -0.016706 0.999860 223.235077
0.999888 0.014933 0.000368 -0.958866 -0.014938 0.999733 0.017626 -2.543041 -0.000105 -0.017629 0.999845 226.202240
0.999890 0.014846 0.000628 -0.989771 -0.014855 0.999745 0.016982 -2.546461 -0.000376 -0.016989 0.999856 227.671204
0.999883 0.015279 0.001233 -1.018359 -0.015297 0.999743 0.016719 -2.548632 -0.000977 -0.016736 0.999859 229.122604
0.999871 0.015988 0.001762 -1.047285 -0.016017 0.999719 0.017457 -2.559980 -0.001483 -0.017483 0.999846 230.595505
0.999871 0.015988 0.001762 -1.047285 -0.016017 0.999719 0.017457 -2.559980 -0.001483 -0.017483 0.999846 230.595505
0.999926 0.012181 -0.000069 -0.985003 -0.012177 0.999746 0.018942 -2.578383 0.000299 -0.018940 0.999821 233.637299
0.999913 0.013178 0.000549 -1.011131 -0.013186 0.999745 0.018314 -2.579724 -0.000308 -0.018320 0.999832 235.118347
0.999868 0.016088 0.002106 -1.071780 -0.016126 0.999686 0.019171 -2.589339 -0.001797 -0.019203 0.999814 236.554779
0.999822 0.018482 0.003785 -1.121392 -0.018558 0.999602 0.021234 -2.600015 -0.003391 -0.021301 0.999767 237.999146
0.999928 0.011910 0.001197 -1.011504 -0.011934 0.999675 0.022534 -2.584110 -0.000928 -0.022547 0.999745 239.592377
0.999928 0.011910 0.001197 -1.011504 -0.011934 0.999675 0.022534 -2.584110 -0.000928 -0.022547 0.999745 239.592377
0.999928 0.011910 0.001197 -1.011504 -0.011934 0.999675 0.022534 -2.584110 -0.000928 -0.022547 0.999745 239.592377
0.999928 0.011910 0.001197 -1.011504 -0.011934 0.999675 0.022534 -2.584110 -0.000928 -0.022547 0.999745 239.592377
0.999928 0.011910 0.001197 -1.011504 -0.011934 0.999675 0.022534 -2.584110 -0.000928 -0.022547 0.999745 239.592377
0.999813 0.018955 0.003861 -1.128994 -0.019030 0.999608 0.020540 -2.592413 -0.003470 -0.020609 0.999782 245.528580
0.999865 0.016235 0.002719 -1.064133 -0.016290 0.999628 0.021867 -2.579013 -0.002363 -0.021908 0.999757 248.625061
0.999784 0.020567 0.002961 -1.093830 -0.020626 0.999556 0.021491 -2.577349 -0.002518 -0.021547 0.999765 250.136948
0.999694 0.024451 0.003699 -1.115356 -0.024523 0.999484 0.020760 -2.570367 -0.003189 -0.020844 0.999778 251.598831
0.999603 0.027953 0.003575 -1.130966 -0.028020 0.999405 0.020131 -2.566195 -0.003010 -0.020223 0.999791 253.054520
0.999603 0.027953 0.003575 -1.130966 -0.028020 0.999405 0.020131 -2.566195 -0.003010 -0.020223 0.999791 253.054520
0.999865 0.016315 0.002096 -1.098041 -0.016361 0.999572 0.024267 -2.576624 -0.001699 -0.024298 0.999703 256.223938
0.999850 0.017072 0.002816 -1.127971 -0.017137 0.999550 0.024640 -2.587602 -0.002394 -0.024684 0.999692 257.699036
0.999872 0.015654 0.003222 -1.140073 -0.015725 0.999602 0.023430 -2.568673 -0.002854 -0.023478 0.999720 259.112701
0.999897 0.013816 0.003930 -1.141462 -0.013896 0.999682 0.021041 -2.522803 -0.003638 -0.021093 0.999771 260.307098
0.999897 0.013816 0.003930 -1.141462 -0.013896 0.999682 0.021041 -2.522803 -0.003638 -0.021093 0.999771 260.307098
0.999969 0.007462 0.002343 -1.087109 -0.007523 0.999607 0.026998 -2.559980 -0.002141 -0.027015 0.999633 263.112366
0.999973 0.006455 0.003448 -1.095927 -0.006544 0.999633 0.026293 -2.552741 -0.003277 -0.026315 0.999648 264.453461
0.999978 0.005384 0.003910 -1.078268 -0.005480 0.999675 0.024911 -2.531337 -0.003774 -0.024932 0.999682 265.918427
0.999964 0.006643 0.005359 -1.098794 -0.006772 0.999676 0.024531 -2.528938 -0.005194 -0.024566 0.999685 267.388885
0.999964 0.006643 0.005359 -1.098794 -0.006772 0.999676 0.024531 -2.528938 -0.005194 -0.024566 0.999685 267.388885
0.999959 0.007141 0.005533 -1.104600 -0.007285 0.999623 0.026486 -2.531118 -0.005342 -0.026525 0.999634 270.452728
0.999933 0.009320 0.006876 -1.138470 -0.009500 0.999603 0.026538 -2.530888 -0.006626 -0.026602 0.999624 271.912048
0.999913 0.009833 0.008837 -1.164979 -0.010062 0.999605 0.026258 -2.525331 -0.008575 -0.026344 0.999616 273.367371
0.999894 0.010042 0.010531 -1.203277 -0.010309 0.999619 0.025609 -2.520907 -0.010270 -0.025715 0.999617 274.862610
0.999922 0.009415 0.008209 -1.114343 -0.009625 0.999618 0.025926 -2.504399 -0.007961 -0.026003 0.999630 276.494568
0.999922 0.009415 0.008209 -1.114343 -0.009625 0.999618 0.025926 -2.504399 -0.007961 -0.026003 0.999630 276.494568
0.999922 0.009415 0.008209 -1.114343 -0.009625 0.999618 0.025926 -2.504399 -0.007961 -0.026003 0.999630 276.494568
0.999922 0.009415 0.008209 -1.114343 -0.009625 0.999618 0.025926 -2.504399 -0.007961 -0.026003 0.999630 276.494568
0.999922 0.009415 0.008209 -1.114343 -0.009625 0.999618 0.025926 -2.504399 -0.007961 -0.026003 0.999630 276.494568
0.999905 0.006185 0.012294 -1.103638 -0.006477 0.999694 0.023860 -2.464116 -0.012143 -0.023938 0.999640 282.458252
0.999927 0.006354 0.010254 -1.070771 -0.006597 0.999694 0.023840 -2.482377 -0.010100 -0.023906 0.999663 285.641632
0.999935 0.005447 0.010060 -1.080391 -0.005680 0.999714 0.023244 -2.475645 -0.009931 -0.023299 0.999679 287.127563
0.999939 0.005320 0.009684 -1.088126 -0.005536 0.999735 0.022356 -2.467268 -0.009563 -0.022408 0.999703 288.626556
0.999931 0.006245 0.009928 -1.099966 -0.006464 0.999733 0.022178 -2.465170 -0.009787 -0.022241 0.999705 290.119812
0.999931 0.006245 0.009928 -1.099966 -0.006464 0.999733 0.022178 -2.465170 -0.009787 -0.022241 0.999705 290.119812
0.999960 0.005920 0.006689 -1.076701 -0.006077 0.999701 0.023668 -2.462991 -0.006547 -0.023707 0.999698 293.239990
0.999963 0.005977 0.006251 -1.070429 -0.006130 0.999675 0.024736 -2.442915 -0.006101 -0.024774 0.999674 294.711029
0.999941 0.008391 0.006891 -1.115450 -0.008569 0.999619 0.026237 -2.444114 -0.006668 -0.026294 0.999632 296.257904
0.999930 0.009446 0.007103 -1.106534 -0.009629 0.999613 0.026109 -2.429612 -0.006854 -0.026176 0.999634 297.764557
0.999930 0.009446 0.007103 -1.106534 -0.009629 0.999613 0.026109 -2.429612 -0.006854 -0.026176 0.999634 297.764557
0.999970 0.005285 0.005675 -1.052559 -0.005435 0.999629 0.026695 -2.418657 -0.005532 -0.026725 0.999628 300.984009
0.999977 0.003607 0.005695 -1.036456 -0.003751 0.999668 0.025485 -2.400588 -0.005601 -0.025506 0.999659 302.473358
0.999991 0.001581 0.003946 -0.968058 -0.001672 0.999733 0.023064 -2.367863 -0.003909 -0.023070 0.999726 303.935760
0.999993 0.001324 0.003495 -0.967251 -0.001398 0.999769 0.021428 -2.342889 -0.003466 -0.021433 0.999764 305.405518
0.999993 0.001324 0.003495 -0.967251 -0.001398 0.999769 0.021428 -2.342889 -0.003466 -0.021433 0.999764 305.405518
0.999988 0.003850 0.003100 -1.015626 -0.003921 0.999722 0.023238 -2.380014 -0.003009 -0.023250 0.999725 308.577576
0.999981 0.005347 0.003060 -1.024829 -0.005425 0.999647 0.026018 -2.361961 -0.002920 -0.026034 0.999657 310.132355
0.999978 0.005110 0.004124 -1.045742 -0.005224 0.999590 0.028151 -2.338044 -0.003978 -0.028172 0.999595 311.712280
0.999974 0.005678 0.004471 -1.042056 -0.005802 0.999587 0.028163 -2.315279 -0.004309 -0.028188 0.999593 313.262024
0.999994 0.001382 0.003204 -1.034006 -0.001479 0.999538 0.030365 -2.347908 -0.003160 -0.030369 0.999534 315.006134
0.999994 0.001382 0.003204 -1.034006 -0.001479 0.999538 0.030365 -2.347908 -0.003160 -0.030369 0.999534 315.006134
0.999994 0.001382 0.003204 -1.034006 -0.001479 0.999538 0.030365 -2.347908 -0.003160 -0.030369 0.999534 315.006134
0.999994 0.001382 0.003204 -1.034006 -0.001479 0.999538 0.030365 -2.347908 -0.003160 -0.030369 0.999534 315.006134
0.999994 0.001382 0.003204 -1.034006 -0.001479 0.999538 0.030365 -2.347908 -0.003160 -0.030369 0.999534 315.006134
0.999971 0.004058 0.006495 -1.079507 -0.004247 0.999562 0.029302 -2.290477 -0.006374 -0.029328 0.999550 321.322754
0.999975 0.002396 0.006692 -1.062100 -0.002604 0.999507 0.031275 -2.276179 -0.006614 -0.031292 0.999488 324.672272
0.999971 0.001665 0.007429 -1.070706 -0.001904 0.999477 0.032281 -2.262409 -0.007371 -0.032294 0.999451 326.270081
0.999973 0.001445 0.007193 -1.068130 -0.001670 0.999505 0.031429 -2.247855 -0.007144 -0.031440 0.999480 327.846924
0.999964 0.002576 0.008035 -1.073455 -0.002829 0.999496 0.031607 -2.241943 -0.007950 -0.031629 0.999468 329.417908
0.999964 0.002576 0.008035 -1.073455 -0.002829 0.999496 0.031607 -2.241943 -0.007950 -0.031629 0.999468 329.417908
0.999978 0.003588 0.005617 -1.044880 -0.003745 0.999597 0.028154 -2.219809 -0.005514 -0.028174 0.999588 332.787323
0.999972 0.004657 0.005859 -1.052980 -0.004820 0.999594 0.028095 -2.204091 -0.005726 -0.028122 0.999588 334.367889
0.999967 0.005513 0.005975 -1.070698 -0.005693 0.999516 0.030599 -2.190548 -0.005803 -0.030632 0.999514 335.957794
0.999958 0.007041 0.005815 -1.091485 -0.007228 0.999434 0.032864 -2.175981 -0.005581 -0.032904 0.999443 337.553497
0.999958 0.007041 0.005815 -1.091485 -0.007228 0.999434 0.032864 -2.175981 -0.005581 -0.032904 0.999443 337.553497
0.999977 0.006716 0.000775 -1.074184 -0.006738 0.999455 0.032314 -2.151227 -0.000558 -0.032319 0.999477 340.794434
0.999981 0.006167 0.000040 -1.088497 -0.006165 0.999433 0.033113 -2.131788 0.000165 -0.033112 0.999452 342.358429
0.999986 0.005364 0.000003 -1.107977 -0.005361 0.999429 0.033367 -2.118552 0.000176 -0.033366 0.999443 343.922058
0.999987 0.005089 0.000186 -1.118662 -0.005092 0.999451 0.032734 -2.102425 -0.000020 -0.032735 0.999464 345.483887
0.999987 0.005089 0.000186 -1.118662 -0.005092 0.999451 0.032734 -2.102425 -0.000020 -0.032735 0.999464 345.483887
0.999990 0.003104 -0.003176 -1.128044 -0.002997 0.999446 0.033149 -2.074542 0.003278 -0.033139 0.999445 348.748169
0.999991 0.002901 -0.002981 -1.153926 -0.002801 0.999451 0.033027 -2.059967 0.003075 -0.033019 0.999450 350.328552
0.999994 0.002393 -0.002496 -1.164379 -0.002310 0.999472 0.032411 -2.045743 0.002572 -0.032405 0.999471 351.890442
0.999995 0.002474 -0.001851 -1.191654 -0.002415 0.999498 0.031597 -2.033254 0.001928 -0.031593 0.999499 353.466949
0.999990 0.001268 -0.004343 -1.174531 -0.001126 0.999469 0.032562 -2.023996 0.004382 -0.032557 0.999460 355.168976
0.999990 0.001268 -0.004343 -1.174531 -0.001126 0.999469 0.032562 -2.023996 0.004382 -0.032557 0.999460 355.168976
0.999990 0.001268 -0.004343 -1.174531 -0.001126 0.999469 0.032562 -2.023996 0.004382 -0.032557 0.999460 355.168976
0.999990 0.001268 -0.004343 -1.174531 -0.001126 0.999469 0.032562 -2.023996 0.004382 -0.032557 0.999460 355.168976
0.999990 0.001268 -0.004343 -1.174531 -0.001126 0.999469 0.032562 -2.023996 0.004382 -0.032557 0.999460 355.168976
1.000000 -0.000268 -0.000879 -1.265851 0.000297 0.999463 0.032761 -1.957386 0.000870 -0.032761 0.999463 361.422211
0.999988 -0.002812 -0.003897 -1.245622 0.002938 0.999467 0.032526 -1.922937 0.003803 -0.032537 0.999463 364.705780
0.999996 -0.000829 -0.002718 -1.285785 0.000919 0.999449 0.033176 -1.901721 0.002689 -0.033179 0.999446 366.292816
1.000000 0.000402 -0.000641 -1.326159 -0.000379 0.999415 0.034211 -1.883770 0.000655 -0.034211 0.999414 367.863525
0.999999 0.001399 -0.000213 -1.338771 -0.001391 0.999420 0.034022 -1.857893 0.000260 -0.034021 0.999421 369.455261
0.999999 0.001399 -0.000213 -1.338771 -0.001391 0.999420 0.034022 -1.857893 0.000260 -0.034021 0.999421 369.455261
0.999998 0.000564 -0.002033 -1.322656 -0.000495 0.999442 0.033402 -1.833286 0.002050 -0.033401 0.999440 372.668396
0.999998 0.001399 -0.001162 -1.349806 -0.001359 0.999446 0.033262 -1.817387 0.001208 -0.033260 0.999446 374.266296
0.999997 0.002471 -0.000478 -1.362571 -0.002453 0.999440 0.033358 -1.798545 0.000560 -0.033357 0.999443 375.884369
0.999994 0.003513 0.000268 -1.368113 -0.003520 0.999426 0.033687 -1.778348 -0.000149 -0.033688 0.999432 377.454010
0.999994 0.003513 0.000268 -1.368113 -0.003520 0.999426 0.033687 -1.778348 -0.000149 -0.033688 0.999432 377.454010
0.999980 0.006226 -0.001225 -1.388996 -0.006181 0.999415 0.033630 -1.741811 0.001433 -0.033622 0.999434 380.673218
0.999973 0.007396 -0.000224 -1.417612 -0.007384 0.999405 0.033681 -1.718419 0.000473 -0.033678 0.999433 382.220215
0.999952 0.009841 0.000090 -1.429161 -0.009838 0.999348 0.034727 -1.696579 0.000252 -0.034726 0.999397 383.775787
0.999938 0.011110 0.000928 -1.448615 -0.011135 0.999316 0.035264 -1.679640 -0.000536 -0.035272 0.999378 385.363495
0.999938 0.011110 0.000928 -1.448615 -0.011135 0.999316 0.035264 -1.679640 -0.000536 -0.035272 0.999378 385.363495
0.999950 0.010024 0.000154 -1.458477 -0.010023 0.999309 0.035778 -1.649602 0.000205 -0.035778 0.999360 388.751495
