1.000000 0.000000 0.000000 0.000000 0.000000 1.000000 0.000000 0.000000 0.000000 0.000000 1.000000 0.000000
1.000000 0.000000 0.000000 0.000000 0.000000 1.000000 0.000000 0.000000 0.000000 0.000000 1.000000 0.000000
1.000000 0.000000 0.000000 0.000000 0.000000 1.000000 0.000000 0.000000 0.000000 0.000000 1.000000 0.000000
1.000000 0.000000 0.000000 0.000000 0.000000 1.000000 0.000000 0.000000 0.000000 0.000000 1.000000 0.000000
0.999995 -0.003087 0.000258 -0.002647 0.003087 0.999994 0.001232 -0.077891 -0.000262 -0.001232 0.999999 3.858257
0.999995 -0.003280 0.000453 -0.016052 0.003279 0.999993 0.001927 -0.123997 -0.000459 -0.001925 0.999998 6.469626
0.999989 -0.004551 0.000858 -0.020603 0.004548 0.999985 0.003169 -0.152239 -0.000872 -0.003165 0.999995 7.782684
0.999991 -0.004173 0.000609 -0.021459 0.004170 0.999985 0.003675 -0.176914 -0.000624 -0.003672 0.999993 9.091664
0.999994 -0.003519 0.000394 -0.035407 0.003518 0.999991 0.002423 -0.205342 -0.000403 -0.002422 0.999997 10.402163
0.999994 -0.003519 0.000394 -0.035407 0.003518 0.999991 0.002423 -0.205342 -0.000403 -0.002422 0.999997 10.402163
0.999998 0.001952 -0.000268 -0.073943 -0.001952 0.999998 0.000390 -0.273158 0.000268 -0.000390 1.000000 13.111374
0.999990 0.004400 -0.000181 -0.095601 -0.004400 0.999990 0.000287 -0.297548 0.000183 -0.000286 1.000000 14.436630
0.999986 0.005327 0.000146 -0.112263 -0.005327 0.999985 0.001036 -0.322800 -0.000141 -0.001037 0.999999 15.763702
0.999995 0.003208 0.000776 -0.117192 -0.003210 0.999990 0.003255 -0.343773 -0.000766 -0.003258 0.999994 17.104965
0.999995 0.003208 0.000776 -0.117192 -0.003210 0.999990 0.003255 -0.343773 -0.000766 -0.003258 0.999994 17.104965
0.999997 -0.002234 -0.000568 -0.101182 0.002236 0.999990 0.003973 -0.395668 0.000559 -0.003975 0.999992 19.866276
0.999994 -0.003360 -0.000644 -0.110917 0.003361 0.999992 0.002166 -0.417553 0.000637 -0.002168 0.999997 21.193594
0.999999 -0.001308 0.000359 -0.129355 0.001307 0.999998 0.001700 -0.464652 -0.000361 -0.001700 0.999999 22.525568
0.999998 0.001556 0.000972 -0.151468 -0.001559 0.999995 0.002930 -0.481458 -0.000968 -0.002932 0.999995 23.870771
0.999998 0.001556 0.000972 -0.151468 -0.001559 0.999995 0.002930 -0.481458 -0.000968 -0.002932 0.999995 23.870771
0.999999 0.000520 0.001605 -0.153454 -0.000532 0.999971 0.007619 -0.513660 -0.001601 -0.007620 0.999970 26.654394
0.999995 -0.002710 0.001474 -0.149081 0.002700 0.999973 0.006901 -0.541651 -0.001493 -0.006897 0.999975 27.999048
0.999992 -0.003370 0.001997 -0.161093 0.003361 0.999983 0.004703 -0.558320 -0.002013 -0.004696 0.999987 29.341774
0.999988 -0.003343 0.003562 -0.190638 0.003332 0.999989 0.003233 -0.590279 -0.003572 -0.003221 0.999988 30.667522
0.999996 -0.001529 0.002356 -0.166543 0.001526 0.999998 0.001473 -0.616238 -0.002358 -0.001469 0.999996 32.147030
0.999996 -0.001529 0.002356 -0.166543 0.001526 0.999998 0.001473 -0.616238 -0.002358 -0.001469 0.999996 32.147030
0.999996 -0.001529 0.002356 -0.166543 0.001526 0.999998 0.001473 -0.616238 -0.002358 -0.001469 0.999996 32.147030
0.999996 -0.001529 0.002356 -0.166543 0.001526 0.999998 0.001473 -0.616238 -0.002358 -0.001469 0.999996 32.147030
0.999996 -0.001529 0.002356 -0.166543 0.001526 0.999998 0.001473 -0.616238 -0.002358 -0.001469 0.999996 32.147030
0.999977 0.002371 0.006349 -0.269072 -0.002390 0.999993 0.002870 -0.732859 -0.006342 -0.002885 0.999976 37.504280
0.999977 0.006088 0.003105 -0.244931 -0.006099 0.999976 0.003414 -0.784393 -0.003084 -0.003433 0.999989 40.439365
0.999958 0.008168 0.004133 -0.290903 -0.008184 0.999959 0.003757 -0.806144 -0.004103 -0.003791 0.999984 41.794323
0.999946 0.009147 0.004849 -0.324910 -0.009165 0.999951 0.003829 -0.831098 -0.004814 -0.003874 0.999981 43.160961
0.999952 0.008314 0.005193 -0.344822 -0.008335 0.999957 0.003972 -0.852762 -0.005160 -0.004015 0.999979 44.521530
0.999952 0.008314 0.005193 -0.344822 -0.008335 0.999957 0.003972 -0.852762 -0.005160 -0.004015 0.999979 44.521530
0.999966 0.008065 0.001536 -0.295992 -0.008071 0.999959 0.003998 -0.906234 -0.001504 -0.004010 0.999991 47.412422
0.999967 0.007954 0.001842 -0.331668 -0.007963 0.999956 0.004951 -0.928941 -0.001802 -0.004966 0.999986 48.773575
0.999963 0.008369 0.001959 -0.365337 -0.008378 0.999954 0.004756 -0.954576 -0.001919 -0.004773 0.999987 50.140461
0.999960 0.008722 0.001929 -0.395920 -0.008730 0.999951 0.004633 -0.979221 -0.001889 -0.004650 0.999987 51.511150
0.999960 0.008722 0.001929 -0.395920 -0.008730 0.999951 0.004633 -0.979221 -0.001889 -0.004650 0.999987 51.511150
0.999956 0.008731 -0.003553 -0.345106 -0.008703 0.999931 0.007843 -1.030429 0.003621 -0.007812 0.999963 54.491821
0.999972 0.006678 -0.003319 -0.371160 -0.006650 0.999945 0.008155 -1.048972 0.003373 -0.008133 0.999961 55.854729
0.999985 0.004402 -0.003117 -0.392701 -0.004378 0.999961 0.007627 -1.066300 0.003151 -0.007613 0.999966 57.222336
0.999990 0.004052 -0.002011 -0.427874 -0.004036 0.999961 0.007796 -1.090317 0.002042 -0.007788 0.999968 58.610508
0.999990 0.004052 -0.002011 -0.427874 -0.004036 0.999961 0.007796 -1.090317 0.002042 -0.007788 0.999968 58.610508
0.999993 0.001715 -0.003264 -0.398787 -0.001684 0.999953 0.009516 -1.142699 0.003280 -0.009510 0.999949 61.533962
0.999998 0.001298 -0.001351 -0.434505 -0.001286 0.999957 0.009171 -1.166132 0.001363 -0.009169 0.999957 62.901669
1.000000 0.000717 0.000178 -0.462491 -0.000718 0.999966 0.008178 -1.188170 -0.000172 -0.008178 0.999967 64.268791
0.999998 0.001477 0.001625 -0.485449 -0.001490 0.999967 0.008016 -1.217162 -0.001613 -0.008018 0.999967 65.640083
0.999998 -0.000661 -0.001671 -0.417973 0.000676 0.999959 0.009028 -1.235069 0.001665 -0.009029 0.999958 67.149048
0.999998 -0.000661 -0.001671 -0.417973 0.000676 0.999959 0.009028 -1.235069 0.001665 -0.009029 0.999958 67.149048
0.999998 -0.000661 -0.001671 -0.417973 0.000676 0.999959 0.009028 -1.235069 0.001665 -0.009029 0.999958 67.149048
0.999998 -0.000661 -0.001671 -0.417973 0.000676 0.999959 0.009028 -1.235069 0.001665 -0.009029 0.999958 67.149048
0.999998 -0.000661 -0.001671 -0.417973 0.000676 0.999959 0.009028 -1.235069 0.001665 -0.009029 0.999958 67.149048
0.999898 0.012912 0.006128 -0.599881 -0.012980 0.999855 0.011033 -1.321048 -0.005984 -0.011111 0.999920 72.485191
0.999840 0.017379 0.004200 -0.561100 -0.017426 0.999783 0.011402 -1.337325 -0.004001 -0.011473 0.999926 75.418823
0.999815 0.018574 0.004984 -0.580975 -0.018632 0.999756 0.011827 -1.358622 -0.004763 -0.011917 0.999918 76.786682
0.999820 0.018055 0.005823 -0.594356 -0.018120 0.999771 0.011398 -1.372745 -0.005616 -0.011501 0.999918 78.129677
0.999836 0.016781 0.006840 -0.608105 -0.016851 0.999804 0.010350 -1.389384 -0.006665 -0.010463 0.999923 79.416512
0.999836 0.016781 0.006840 -0.608105 -0.016851 0.999804 0.010350 -1.389384 -0.006665 -0.010463 0.999923 79.416512
0.999854 0.016673 0.003740 -0.572850 -0.016716 0.999794 0.011548 -1.427604 -0.003547 -0.011609 0.999926 82.283089
0.999850 0.016870 0.003834 -0.598460 -0.016912 0.999795 0.011122 -1.448538 -0.003645 -0.011185 0.999931 83.592651
0.999829 0.018154 0.003430 -0.619230 -0.018191 0.999771 0.011277 -1.464911 -0.003225 -0.011337 0.999931 84.914024
0.999820 0.018650 0.003405 -0.647717 -0.018689 0.999757 0.011704 -1.485179 -0.003186 -0.011766 0.999926 86.186974
0.999820 0.018650 0.003405 -0.647717 -0.018689 0.999757 0.011704 -1.485179 -0.003186 -0.011766 0.999926 86.186974
0.999932 0.011632 -0.000508 -0.594314 -0.011623 0.999835 0.013945 -1.512169 0.000670 -0.013938 0.999903 88.943123
0.999953 0.009705 -0.000041 -0.633030 -0.009703 0.999854 0.014051 -1.522763 0.000177 -0.014050 0.999901 90.112061
0.999964 0.008492 -0.000232 -0.653552 -0.008488 0.999869 0.013747 -1.535114 0.000349 -0.013745 0.999905 91.417618
0.999969 0.007870 -0.000346 -0.672604 -0.007864 0.999876 0.013636 -1.549049 0.000453 -0.013633 0.999907 92.700432
0.999969 0.007870 -0.000346 -0.672604 -0.007864 0.999876 0.013636 -1.549049 0.000453 -0.013633 0.999907 92.700432
0.999975 0.006486 -0.002942 -0.631181 -0.006447 0.999894 0.013070 -1.591217 0.003026 -0.013051 0.999910 95.462227
0.999970 0.007301 -0.002423 -0.658702 -0.007270 0.999895 0.012505 -1.606872 0.002514 -0.012487 0.999919 96.749779
0.999968 0.007901 -0.001604 -0.686974 -0.007880 0.999889 0.012666 -1.617858 0.001703 -0.012653 0.999919 98.024498
0.999965 0.008324 -0.001190 -0.714151 -0.008307 0.999874 0.013535 -1.631515 0.001303 -0.013525 0.999908 99.290665
0.999944 0.010309 -0.002523 -0.679176 -0.010269 0.999830 0.015333 -1.661939 0.002680 -0.015306 0.999879 100.802643
0.999944 0.010309 -0.002523 -0.679176 -0.010269 0.999830 0.015333 -1.661939 0.002680 -0.015306 0.999879 100.802643
0.999944 0.010309 -0.002523 -0.679176 -0.010269 0.999830 0.015333 -1.661939 0.002680 -0.015306 0.999879 100.802643
0.999944 0.010309 -0.002523 -0.679176 -0.010269 0.999830 0.015333 -1.661939 0.002680 -0.015306 0.999879 100.802643
0.999944 0.010309 -0.002523 -0.679176 -0.010269 0.999830 0.015333 -1.661939 0.002680 -0.015306 0.999879 100.802643
0.999978 0.006667 -0.000621 -0.750469 -0.006660 0.999919 0.010803 -1.705964 0.000693 -0.010799 0.999941 105.868584
0.999994 0.003322 -0.000488 -0.734434 -0.003314 0.999890 0.014484 -1.738336 0.000537 -0.014482 0.999895 108.703239
0.999995 0.002909 0.000898 -0.744977 -0.002921 0.999906 0.013414 -1.749763 -0.000859 -0.013416 0.999910 109.978706
0.999987 0.004991 0.001321 -0.770163 -0.005006 0.999922 0.011486 -1.767035 -0.001264 -0.011492 0.999933 111.268562
0.999971 0.007213 0.002431 -0.793962 -0.007237 0.999927 0.009685 -1.785295 -0.002361 -0.009702 0.999950 112.559692
0.999971 0.007213 0.002431 -0.793962 -0.007237 0.999927 0.009685 -1.785295 -0.002361 -0.009702 0.999950 112.559692
0.999939 0.010169 0.004392 -0.778524 -0.010220 0.999879 0.011738 -1.819522 -0.004272 -0.011782 0.999921 115.384636
0.999930 0.010520 0.005486 -0.785748 -0.010592 0.999856 0.013238 -1.831787 -0.005346 -0.013295 0.999897 116.705246
0.999925 0.010535 0.006240 -0.793848 -0.010619 0.999853 0.013477 -1.846484 -0.006097 -0.013542 0.999890 118.023483
0.999915 0.011016 0.006966 -0.802488 -0.011104 0.999856 0.012816 -1.859127 -0.006823 -0.012892 0.999894 119.327881
0.999915 0.011016 0.006966 -0.802488 -0.011104 0.999856 0.012816 -1.859127 -0.006823 -0.012892 0.999894 119.327881
0.999859 0.013629 0.009768 -0.787166 -0.013766 0.999806 0.014112 -1.886588 -0.009574 -0.014244 0.999853 122.075935
0.999844 0.014255 0.010412 -0.793359 -0.014393 0.999807 0.013375 -1.901241 -0.010220 -0.013523 0.999856 123.390938
0.999819 0.015371 0.011229 -0.797500 -0.015512 0.999801 0.012560 -1.913512 -0.011034 -0.012732 0.999858 124.707130
0.999802 0.015495 0.012447 -0.799530 -0.015648 0.999802 0.012319 -1.925666 -0.012253 -0.012512 0.999847 126.030800
0.999802 0.015495 0.012447 -0.799530 -0.015648 0.999802 0.012319 -1.925666 -0.012253 -0.012512 0.999847 126.030800
0.999805 0.013338 0.014569 -0.755637 -0.013548 0.999804 0.014445 -1.936838 -0.014374 -0.014640 0.999790 128.784683
0.999810 0.012567 0.014919 -0.747197 -0.012784 0.999813 0.014518 -1.948369 -0.014734 -0.014706 0.999783 130.102173
0.999824 0.010992 0.015224 -0.740648 -0.011210 0.999834 0.014341 -1.958532 -0.015064 -0.014509 0.999781 131.429749
0.999834 0.010343 0.014972 -0.730277 -0.010568 0.999831 0.015057 -1.970928 -0.014814 -0.015212 0.999775 132.765259
0.999879 0.006074 0.014318 -0.685768 -0.006307 0.999848 0.016246 -1.977436 -0.014217 -0.016334 0.999766 134.166595
0.999879 0.006074 0.014318 -0.685768 -0.006307 0.999848 0.016246 -1.977436 -0.014217 -0.016334 0.999766 134.166595
0.999879 0.006074 0.014318 -0.685768 -0.006307 0.999848 0.016246 -1.977436 -0.014217 -0.016334 0.999766 134.166595
0.999879 0.006074 0.014318 -0.685768 -0.006307 0.999848 0.016246 -1.977436 -0.014217 -0.016334 0.999766 134.166595
0.999879 0.006074 0.014318 -0.685768 -0.006307 0.999848 0.016246 -1.977436 -0.014217 -0.016334 0.999766 134.166595
0.999932 0.004807 0.010635 -0.667566 -0.004986 0.999845 0.016887 -2.011259 -0.010552 -0.016938 0.999801 139.445389
0.999968 0.001499 0.007919 -0.641488 -0.001632 0.999859 0.016723 -2.028515 -0.007892 -0.016735 0.999829 142.198471
0.999973 -0.000588 0.007378 -0.652232 0.000483 0.999897 0.014331 -2.034370 -0.007386 -0.014327 0.999870 143.505142
0.999964 -0.005501 0.006491 -0.645209 0.005413 0.999895 0.013430 -2.043598 -0.006564 -0.013394 0.999889 144.824753
0.999914 -0.011642 0.006078 -0.632231 0.011546 0.999813 0.015501 -2.051326 -0.006257 -0.015429 0.999861 146.146545
0.999914 -0.011642 0.006078 -0.632231 0.011546 0.999813 0.015501 -2.051326 -0.006257 -0.015429 0.999861 146.146545
0.999722 -0.023463 0.002116 -0.548740 0.023427 0.999608 0.015339 -2.070714 -0.002476 -0.015285 0.999880 148.837402
0.999739 -0.022699 0.002635 -0.556468 0.022664 0.999663 0.012656 -2.085082 -0.002922 -0.012593 0.999916 150.104477
0.999804 -0.019439 0.003848 -0.577162 0.019398 0.999757 0.010479 -2.096850 -0.004051 -0.010402 0.999938 151.415741
0.999803 -0.019232 0.004867 -0.589367 0.019182 0.999765 0.010086 -2.106464 -0.005060 -0.009990 0.999937 152.713165
0.999803 -0.019232 0.004867 -0.589367 0.019182 0.999765 0.010086 -2.106464 -0.005060 -0.009990 0.999937 152.713165
0.999674 -0.025148 0.004503 -0.544520 0.025075 0.999562 0.015745 -2.153219 -0.004897 -0.015627 0.999866 155.445816
0.999593 -0.028198 0.004336 -0.533405 0.028121 0.999464 0.016780 -2.163631 -0.004807 -0.016651 0.999850 156.770050
0.999556 -0.029467 0.004446 -0.528633 0.029386 0.999418 0.017347 -2.176782 -0.004955 -0.017209 0.999840 158.070068
0.999613 -0.027310 0.005304 -0.531175 0.027211 0.999469 0.017945 -2.186511 -0.005791 -0.017794 0.999825 159.375793
0.999613 -0.027310 0.005304 -0.531175 0.027211 0.999469 0.017945 -2.186511 -0.005791 -0.017794 0.999825 159.375793
0.999639 -0.025773 0.007617 -0.534937 0.025644 0.999535 0.016516 -2.190521 -0.008039 -0.016314 0.999835 162.114182
0.999708 -0.022540 0.008704 -0.548889 0.022399 0.999621 0.015998 -2.202216 -0.009061 -0.015798 0.999834 163.440735
0.999745 -0.020472 0.009512 -0.558423 0.020308 0.999648 0.017093 -2.208890 -0.009859 -0.016896 0.999809 164.739288
0.999792 -0.017972 0.009593 -0.566306 0.017808 0.999699 0.016900 -2.222848 -0.009893 -0.016726 0.999811 166.051712
0.999786 -0.019079 0.008020 -0.524193 0.018955 0.999703 0.015318 -2.202716 -0.008310 -0.015163 0.999851 167.517120
0.999786 -0.019079 0.008020 -0.524193 0.018955 0.999703 0.015318 -2.202716 -0.008310 -0.015163 0.999851 167.517120
0.999786 -0.019079 0.008020 -0.524193 0.018955 0.999703 0.015318 -2.202716 -0.008310 -0.015163 0.999851 167.517120
0.999786 -0.019079 0.008020 -0.524193 0.018955 0.999703 0.015318 -2.202716 -0.008310 -0.015163 0.999851 167.517120
0.999786 -0.019079 0.008020 -0.524193 0.018955 0.999703 0.015318 -2.202716 -0.008310 -0.015163 0.999851 167.517120
0.999951 -0.005019 0.008574 -0.600679 0.004893 0.999881 0.014625 -2.242523 -0.008647 -0.014582 0.999856 172.802139
0.999975 -0.001477 0.006873 -0.578419 0.001360 0.999853 0.017078 -2.276605 -0.006898 -0.017068 0.999831 175.629257
0.999984 -0.003141 0.004617 -0.573566 0.003061 0.999846 0.017254 -2.285025 -0.004671 -0.017239 0.999840 177.001923
0.999994 -0.002629 0.002379 -0.580840 0.002596 0.999902 0.013729 -2.292739 -0.002415 -0.013723 0.999903 178.356049
0.999999 -0.001083 0.001028 -0.601827 0.001073 0.999950 0.009988 -2.304382 -0.001039 -0.009987 0.999950 179.725510
0.999999 -0.001083 0.001028 -0.601827 0.001073 0.999950 0.009988 -2.304382 -0.001039 -0.009987 0.999950 179.725510
0.999993 0.003607 0.001354 -0.613668 -0.003620 0.999944 0.009911 -2.329534 -0.001318 -0.009916 0.999950 182.492249
0.999980 0.006216 0.001309 -0.628875 -0.006231 0.999904 0.012361 -2.340176 -0.001232 -0.012369 0.999923 183.850189
0.999975 0.006861 0.001883 -0.647093 -0.006888 0.999865 0.014939 -2.352000 -0.001780 -0.014951 0.999887 185.212280
0.999977 0.006418 0.002387 -0.661064 -0.006454 0.999857 0.015624 -2.353846 -0.002287 -0.015639 0.999875 186.534454
0.999977 0.006418 0.002387 -0.661064 -0.006454 0.999857 0.015624 -2.353846 -0.002287 -0.015639 0.999875 186.534454
0.999989 0.004016 0.002345 -0.635770 -0.004057 0.999829 0.018020 -2.372031 -0.002272 -0.018029 0.999835 189.405426
0.999991 0.003148 0.002876 -0.634843 -0.003200 0.999825 0.018432 -2.383368 -0.002817 -0.018441 0.999826 190.764847
0.999992 0.001662 0.003732 -0.640622 -0.001734 0.999808 0.019539 -2.388893 -0.003699 -0.019545 0.999802 192.123367
0.999992 -0.000509 0.003956 -0.632218 0.000424 0.999768 0.021523 -2.399849 -0.003966 -0.021522 0.999761 193.495682
0.999992 -0.000509 0.003956 -0.632218 0.000424 0.999768 0.021523 -2.399849 -0.003966 -0.021522 0.999761 193.495682
0.999958 -0.008528 0.003410 -0.604528 0.008467 0.999809 0.017597 -2.393158 -0.003559 -0.017567 0.999839 196.432434
0.999991 -0.001998 0.003814 -0.640288 0.001947 0.999912 0.013139 -2.401324 -0.003840 -0.013131 0.999906 197.785690
0.999960 0.007209 0.005369 -0.684600 -0.007277 0.999892 0.012730 -2.410423 -0.005277 -0.012768 0.999905 199.153549
0.999863 0.015078 0.006864 -0.721944 -0.015183 0.999765 0.015502 -2.414387 -0.006629 -0.015604 0.999856 200.532196
0.999826 0.017172 0.007350 -0.684271 -0.017303 0.999686 0.018125 -2.422417 -0.007037 -0.018249 0.999809 202.131348
0.999826 0.017172 0.007350 -0.684271 -0.017303 0.999686 0.018125 -2.422417 -0.007037 -0.018249 0.999809 202.131348
0.999826 0.017172 0.007350 -0.684271 -0.017303 0.999686 0.018125 -2.422417 -0.007037 -0.018249 0.999809 202.131348
0.999826 0.017172 0.007350 -0.684271 -0.017303 0.999686 0.018125 -2.422417 -0.007037 -0.018249 0.999809 202.131348
0.999826 0.017172 0.007350 -0.684271 -0.017303 0.999686 0.018125 -2.422417 -0.007037 -0.018249 0.999809 202.131348
0.999898 0.013859 0.003410 -0.674115 -0.013917 0.999750 0.017511 -2.439922 -0.003167 -0.017557 0.999841 207.798431
0.999904 0.013330 0.003830 -0.664259 -0.013400 0.999733 0.018840 -2.446189 -0.003578 -0.018889 0.999815 210.748245
0.999900 0.013659 0.003611 -0.670623 -0.013723 0.999742 0.018118 -2.448956 -0.003363 -0.018166 0.999829 212.176529
0.999904 0.013467 0.003241 -0.677308 -0.013521 0.999761 0.017203 -2.450949 -0.003009 -0.017246 0.999847 213.619446
0.999909 0.013226 0.002819 -0.689117 -0.013271 0.999769 0.016887 -2.458209 -0.002595 -0.016922 0.999853 215.033493
0.999909 0.013226 0.002819 -0.689117 -0.013271 0.999769 0.016887 -2.458209 -0.002595 -0.016922 0.999853 215.033493
0.999933 0.011197 0.002924 -0.693953 -0.011247 0.999781 0.017638 -2.470881 -0.002725 -0.017669 0.999840 218.021027
0.999933 0.011157 0.003138 -0.712947 -0.011210 0.999788 0.017292 -2.474207 -0.002945 -0.017326 0.999846 219.429199
0.999924 0.012013 0.002775 -0.729753 -0.012059 0.999778 0.017257 -2.477698 -0.002568 -0.017289 0.999847 220.897720
0.999922 0.012180 0.002718 -0.747201 -0.012225 0.999782 0.016934 -2.482669 -0.002511 -0.016966 0.999853 222.351074
0.999922 0.012180 0.002718 -0.747201 -0.012225 0.999782 0.016934 -2.482669 -0.002511 -0.016966 0.999853 222.351074
0.999926 0.012035 0.001575 -0.739009 -0.012061 0.999771 0.017654 -2.500103 -0.001362 -0.017672 0.999843 225.300354
0.999930 0.011705 0.001628 -0.757142 -0.011731 0.999786 0.017010 -2.501101 -0.001428 -0.017028 0.999854 226.765823
0.999934 0.011310 0.002108 -0.775980 -0.011344 0.999792 0.016973 -2.505861 -0.001916 -0.016995 0.999854 228.210266
0.999934 0.011235 0.002282 -0.791492 -0.011274 0.999782 0.017600 -2.512235 -0.002083 -0.017624 0.999843 229.686752
0.999934 0.011235 0.002282 -0.791492 -0.011274 0.999782 0.017600 -2.512235 -0.002083 -0.017624 0.999843 229.686752
0.999959 0.008985 0.001152 -0.753357 -0.009005 0.999780 0.018970 -2.535971 -0.000981 -0.018980 0.999819 232.710510
0.999952 0.009660 0.001816 -0.776546 -0.009692 0.999785 0.018345 -2.536412 -0.001638 -0.018362 0.999830 234.187180
0.999926 0.011778 0.002947 -0.827972 -0.011832 0.999747 0.019120 -2.540277 -0.002721 -0.019153 0.999813 235.633957
0.999914 0.012410 0.004140 -0.862912 -0.012494 0.999703 0.020934 -2.535954 -0.003879 -0.020984 0.999772 237.088043
0.999958 0.008796 0.002637 -0.777887 -0.008853 0.999708 0.022489 -2.539704 -0.002439 -0.022512 0.999744 238.682404
0.999958 0.008796 0.002637 -0.777887 -0.008853 0.999708 0.022489 -2.539704 -0.002439 -0.022512 0.999744 238.682404
0.999958 0.008796 0.002637 -0.777887 -0.008853 0.999708 0.022489 -2.539704 -0.002439 -0.022512 0.999744 238.682404
0.999958 0.008796 0.002637 -0.777887 -0.008853 0.999708 0.022489 -2.539704 -0.002439 -0.022512 0.999744 238.682404
0.999958 0.008796 0.002637 -0.777887 -0.008853 0.999708 0.022489 -2.539704 -0.002439 -0.022512 0.999744 238.682404
0.999923 0.011042 0.005605 -0.869337 -0.011156 0.999721 0.020803 -2.531554 -0.005374 -0.020864 0.999768 244.523407
0.999925 0.011546 0.003998 -0.822211 -0.011633 0.999682 0.022380 -2.547693 -0.003739 -0.022425 0.999742 247.613251
0.999898 0.013460 0.004871 -0.848050 -0.013566 0.999658 0.022362 -2.548022 -0.004568 -0.022426 0.999738 249.049789
0.999873 0.014960 0.005477 -0.855585 -0.015079 0.999637 0.022346 -2.549972 -0.005141 -0.022426 0.999735 250.512100
0.999854 0.016128 0.005594 -0.868152 -0.016248 0.999625 0.022040 -2.545593 -0.005236 -0.022127 0.999741 251.932373
0.999854 0.016128 0.005594 -0.868152 -0.016248 0.999625 0.022040 -2.545593 -0.005236 -0.022127 0.999741 251.932373
0.999938 0.010558 0.003572 -0.842899 -0.010642 0.999648 0.024304 -2.522377 -0.003314 -0.024341 0.999698 255.083908
0.999951 0.008961 0.004219 -0.858247 -0.009062 0.999653 0.024746 -2.518728 -0.003996 -0.024784 0.999685 256.558441
0.999956 0.007908 0.005075 -0.871549 -0.008028 0.999676 0.024167 -2.516614 -0.004882 -0.024206 0.999695 257.918365
0.999948 0.008134 0.006206 -0.898296 -0.008274 0.999703 0.022922 -2.516777 -0.006018 -0.022972 0.999718 259.032440
0.999948 0.008134 0.006206 -0.898296 -0.008274 0.999703 0.022922 -2.516777 -0.006018 -0.022972 0.999718 259.032440
0.999986 0.003128 0.004359 -0.833631 -0.003246 0.999624 0.027209 -2.523803 -0.004272 -0.027223 0.999620 261.543549
0.999982 0.001659 0.005814 -0.832540 -0.001813 0.999646 0.026536 -2.515649 -0.005768 -0.026546 0.999631 262.792847
0.999974 0.001150 0.007150 -0.829431 -0.001332 0.999675 0.025449 -2.509510 -0.007119 -0.025458 0.999651 264.201050
0.999960 0.001967 0.008667 -0.831480 -0.002184 0.999683 0.025062 -2.503435 -0.008615 -0.025080 0.999648 265.638031
0.999960 0.001967 0.008667 -0.831480 -0.002184 0.999683 0.025062 -2.503435 -0.008615 -0.025080 0.999648 265.638031
0.999971 0.003559 0.006709 -0.836207 -0.003736 0.999640 0.026557 -2.491954 -0.006612 -0.026581 0.999625 268.585999
0.999953 0.005164 0.008214 -0.859601 -0.005380 0.999636 0.026452 -2.486144 -0.008074 -0.026495 0.999616 270.005920
0.999933 0.005663 0.010079 -0.873244 -0.005925 0.999642 0.026075 -2.475980 -0.009928 -0.026133 0.999609 271.440430
0.999916 0.005719 0.011591 -0.884052 -0.006012 0.999660 0.025386 -2.470671 -0.011442 -0.025453 0.999611 272.905823
