1.000000 0.000000 0.000000 0.000000 0.000000 1.000000 0.000000 0.000000 0.000000 0.000000 1.000000 0.000000
0.999997 0.000736 0.002278 -0.085455 -0.000738 0.999999 0.000997 -0.012035 -0.002278 -0.000999 0.999997 1.248181
0.999994 0.000791 0.003367 -0.132647 -0.000792 1.000000 0.000461 -0.019376 -0.003366 -0.000464 0.999994 2.519093
0.999988 0.000084 0.004790 -0.176517 -0.000079 0.999999 -0.001044 -0.030700 -0.004790 0.001044 0.999988 3.773396
0.999979 0.001320 0.006330 -0.219772 -0.001306 0.999997 -0.002198 -0.019587 -0.006333 0.002189 0.999978 5.024359
0.999968 0.001029 0.007914 -0.262178 -0.001022 0.999999 -0.000877 -0.061210 -0.007915 0.000869 0.999968 6.292927
0.999950 0.000459 0.010007 -0.310153 -0.000457 1.000000 -0.000234 -0.075483 -0.010007 0.000229 0.999950 7.561558
0.999931 0.002396 0.011496 -0.346403 -0.002384 0.999997 -0.001050 -0.069850 -0.011498 0.001022 0.999933 8.830361
0.999911 0.003272 0.012942 -0.397110 -0.003236 0.999991 -0.002793 -0.098992 -0.012951 0.002751 0.999912 10.112000
0.999876 0.006868 0.014137 -0.427564 -0.006787 0.999961 -0.005729 -0.106678 -0.014176 0.005633 0.999884 11.400650
0.999817 0.010857 0.015733 -0.459240 -0.010751 0.999919 -0.006852 -0.132824 -0.015806 0.006682 0.999853 12.708858
0.999751 0.014390 0.017032 -0.480525 -0.014264 0.999870 -0.007491 -0.154009 -0.017137 0.007246 0.999827 14.019020
0.999683 0.016825 0.018749 -0.505772 -0.016688 0.999833 -0.007425 -0.173026 -0.018870 0.007110 0.999797 15.310135
0.999637 0.015787 0.021844 -0.552848 -0.015687 0.999866 -0.004717 -0.214991 -0.021915 0.004373 0.999750 16.619038
0.999622 0.015069 0.023002 -0.545395 -0.014945 0.999873 -0.005572 -0.194212 -0.023083 0.005226 0.999720 17.948360
0.999625 0.014507 0.023205 -0.524178 -0.014297 0.999855 -0.009200 -0.199553 -0.023335 0.008864 0.999688 19.267635
0.999580 0.016344 0.023929 -0.514431 -0.016014 0.999775 -0.013926 -0.177669 -0.024152 0.013536 0.999617 20.593899
0.999474 0.019709 0.025767 -0.514699 -0.019316 0.999695 -0.015410 -0.230582 -0.026063 0.014905 0.999549 21.894260
0.999242 0.025680 0.029255 -0.556199 -0.025261 0.999574 -0.014592 -0.260560 -0.029617 0.013842 0.999465 23.194498
0.999029 0.030158 0.032104 -0.586983 -0.029781 0.999482 -0.012169 -0.296890 -0.032454 0.011201 0.999410 24.522369
0.998909 0.032054 0.033971 -0.578579 -0.031674 0.999430 -0.011668 -0.316757 -0.034325 0.010579 0.999355 25.839630
0.998901 0.031393 0.034809 -0.576705 -0.030894 0.999413 -0.014789 -0.331195 -0.035253 0.013697 0.999285 27.177256
0.998820 0.032776 0.035851 -0.561336 -0.032123 0.999310 -0.018644 -0.336394 -0.036437 0.017470 0.999183 28.458189
0.998697 0.035069 0.037082 -0.530591 -0.034190 0.999125 -0.024076 -0.304676 -0.037893 0.022777 0.999022 29.719297
0.998491 0.038998 0.038664 -0.518901 -0.038037 0.998956 -0.025284 -0.351074 -0.039610 0.023775 0.998932 31.053421
0.998374 0.040563 0.040041 -0.506906 -0.039408 0.998796 -0.029225 -0.355189 -0.041178 0.027600 0.998771 32.388252
0.998157 0.043362 0.042460 -0.522717 -0.042151 0.998690 -0.029025 -0.421232 -0.043663 0.027181 0.998676 33.684856
0.997906 0.046038 0.045431 -0.567217 -0.044760 0.998583 -0.028767 -0.480625 -0.046691 0.026673 0.998553 34.978741
0.997613 0.049798 0.047835 -0.604840 -0.048513 0.998439 -0.027663 -0.554685 -0.049137 0.025276 0.998472 36.343086
0.997176 0.054851 0.051304 -0.652754 -0.053476 0.998182 -0.027793 -0.626169 -0.052735 0.024970 0.998296 37.654152
0.996855 0.058767 0.053172 -0.637665 -0.057306 0.997947 -0.028589 -0.687795 -0.054743 0.025452 0.998176 38.992294
0.996471 0.063241 0.055193 -0.640758 -0.061702 0.997669 -0.029150 -0.740388 -0.056908 0.025641 0.998050 40.350765
0.996184 0.065884 0.057238 -0.644568 -0.064251 0.997485 -0.029927 -0.794722 -0.059066 0.026135 0.997912 41.687859
0.996003 0.067920 0.058006 -0.613323 -0.066169 0.997308 -0.031603 -0.832716 -0.059996 0.027639 0.997816 43.070480
0.995695 0.071302 0.059217 -0.601090 -0.069348 0.996998 -0.034433 -0.853197 -0.061495 0.030178 0.997651 44.411076
0.995271 0.075482 0.061138 -0.626128 -0.073359 0.996646 -0.036257 -0.903852 -0.063670 0.031601 0.997471 45.768692
0.994746 0.080643 0.063071 -0.638885 -0.078457 0.996253 -0.036405 -0.977217 -0.065770 0.031265 0.997345 47.093430
0.994334 0.084951 0.063897 -0.621278 -0.082590 0.995831 -0.038734 -1.019334 -0.066921 0.033237 0.997204 48.453804
0.993783 0.090270 0.065167 -0.616894 -0.087770 0.995327 -0.040261 -1.076832 -0.068497 0.034291 0.997062 49.798626
0.993169 0.095744 0.066694 -0.618874 -0.093061 0.994764 -0.042251 -1.115184 -0.070390 0.035756 0.996879 51.176441
0.992833 0.098799 0.067248 -0.574071 -0.096017 0.994432 -0.043418 -1.184308 -0.071163 0.036650 0.996791 52.591267
0.992486 0.101916 0.067712 -0.515142 -0.098972 0.994049 -0.045513 -1.233118 -0.071947 0.038470 0.996666 53.959576
0.992495 0.101725 0.067867 -0.444407 -0.098608 0.993977 -0.047816 -1.292981 -0.072322 0.040765 0.996548 55.331871
0.992239 0.102589 0.070262 -0.439116 -0.099392 0.993910 -0.047588 -1.401244 -0.074716 0.040235 0.996393 56.735508
0.991930 0.103177 0.073687 -0.439954 -0.099874 0.993880 -0.047199 -1.506377 -0.078106 0.039458 0.996164 58.091671
0.991721 0.103452 0.076068 -0.410066 -0.100058 0.993863 -0.047160 -1.590020 -0.080480 0.039158 0.995987 59.496674
0.991461 0.103455 0.079385 -0.400842 -0.099861 0.993843 -0.047993 -1.682322 -0.083862 0.039656 0.995688 60.819397
0.991648 0.101569 0.079487 -0.286000 -0.097773 0.993938 -0.050278 -1.726050 -0.084112 0.042087 0.995567 62.217014
0.991281 0.103588 0.081430 -0.229612 -0.099592 0.993684 -0.051702 -1.804540 -0.086271 0.043141 0.995337 63.579552
0.990917 0.105781 0.083026 -0.161042 -0.101593 0.993405 -0.053149 -1.868134 -0.088100 0.044232 0.995129 64.947311
0.989913 0.111507 0.087403 -0.188309 -0.107326 0.992906 -0.051180 -2.018215 -0.092490 0.041283 0.994857 66.309921
0.988493 0.118230 0.094356 -0.304363 -0.114001 0.992270 -0.049040 -2.192811 -0.099425 0.037719 0.994330 67.632324
0.987780 0.122458 0.096408 -0.227006 -0.118108 0.991760 -0.049621 -2.246415 -0.101691 0.037628 0.994104 68.965721
0.986825 0.127177 0.100016 -0.219583 -0.122561 0.991147 -0.051050 -2.302831 -0.105623 0.038120 0.993675 70.304329
0.986229 0.130341 0.101802 -0.138321 -0.125532 0.990709 -0.052327 -2.378255 -0.107677 0.038827 0.993427 71.677109
0.985651 0.132671 0.104359 -0.082785 -0.127653 0.990380 -0.053403 -2.449516 -0.110440 0.039315 0.993105 73.044739
0.985367 0.133573 0.105881 0.010906 -0.128476 0.990262 -0.053613 -2.540511 -0.112011 0.039225 0.992932 74.408257
0.985163 0.133282 0.108115 0.061194 -0.127998 0.990278 -0.054460 -2.628277 -0.114323 0.039813 0.992646 75.752167
0.984979 0.132567 0.110642 0.092367 -0.127107 0.990360 -0.055051 -2.738122 -0.116873 0.040161 0.992335 77.100227
0.984603 0.132982 0.113455 0.118229 -0.127332 0.990295 -0.055704 -2.819761 -0.119762 0.040399 0.991980 78.423271
0.984213 0.133914 0.115723 0.166615 -0.128148 0.990176 -0.055939 -2.916502 -0.122078 0.040226 0.991705 79.786118
0.983966 0.134620 0.116996 0.241213 -0.128722 0.990063 -0.056619 -3.007852 -0.123455 0.040652 0.991517 81.108688
0.983589 0.135988 0.118576 0.301103 -0.129973 0.989872 -0.057103 -3.088244 -0.125140 0.040755 0.991302 82.439529
0.983163 0.137628 0.120208 0.356776 -0.131579 0.989670 -0.056925 -3.181969 -0.126800 0.040149 0.991115 83.735161
0.982984 0.137534 0.121768 0.415945 -0.131401 0.989685 -0.057081 -3.258730 -0.128363 0.040110 0.990916 85.066147
0.982521 0.139148 0.123654 0.461517 -0.132803 0.989433 -0.058194 -3.326497 -0.130445 0.040755 0.990618 86.279594
0.982309 0.139027 0.125459 0.522878 -0.132523 0.989433 -0.058819 -3.415360 -0.132311 0.041152 0.990354 87.519371
0.982244 0.138550 0.126495 0.631152 -0.131815 0.989446 -0.060182 -3.491440 -0.133498 0.042439 0.990140 88.823830
0.982052 0.139090 0.127391 0.753196 -0.132216 0.989345 -0.060957 -3.600237 -0.134512 0.043020 0.989978 90.122940
0.981556 0.140932 0.129177 0.833267 -0.133829 0.989054 -0.062151 -3.689810 -0.136522 0.043717 0.989672 91.425613
0.981200 0.141794 0.130927 0.936840 -0.134477 0.988901 -0.063173 -3.789970 -0.138431 0.044378 0.989377 92.719597
0.980630 0.143977 0.132796 1.037069 -0.136458 0.988568 -0.064132 -3.898871 -0.140511 0.044769 0.989066 94.026665
0.980011 0.146129 0.134997 1.131822 -0.138449 0.988255 -0.064676 -3.983046 -0.142862 0.044694 0.988733 95.293091
0.979142 0.147918 0.139291 1.175341 -0.140161 0.988058 -0.063997 -4.084992 -0.147094 0.043139 0.988181 96.537582
0.978285 0.151443 0.141506 1.286405 -0.143627 0.987563 -0.063965 -4.167642 -0.149433 0.042252 0.987869 97.825081
0.978069 0.151828 0.142582 1.424523 -0.143637 0.987417 -0.066145 -4.257727 -0.150830 0.044214 0.987570 99.089882
0.977648 0.153027 0.144180 1.534219 -0.144391 0.987137 -0.068636 -4.366296 -0.152829 0.046283 0.987168 100.348198
0.977398 0.153855 0.144988 1.675639 -0.144874 0.986925 -0.070650 -4.457653 -0.153962 0.048048 0.986908 101.599823
0.977188 0.153303 0.146977 1.800901 -0.144340 0.987057 -0.069884 -4.578399 -0.155788 0.047075 0.986668 102.901398
0.977013 0.152663 0.148794 1.961920 -0.143807 0.987223 -0.068630 -4.692663 -0.157370 0.045655 0.986484 104.199226
0.976656 0.152867 0.150915 2.106963 -0.143873 0.987196 -0.068878 -4.797649 -0.159512 0.045558 0.986144 105.474854
0.976180 0.153405 0.153426 2.233582 -0.144008 0.987051 -0.070657 -4.912562 -0.162279 0.046879 0.985631 106.752083
0.975589 0.156418 0.154145 2.415655 -0.146454 0.986440 -0.074071 -4.997877 -0.163641 0.049688 0.985268 108.055161
0.974977 0.159251 0.155108 2.608292 -0.148765 0.985863 -0.077090 -5.088898 -0.165192 0.052086 0.984885 109.334618
0.973762 0.163050 0.158754 2.719642 -0.152394 0.985299 -0.077212 -5.218443 -0.169010 0.050993 0.984294 110.600395
0.972608 0.165876 0.162846 2.835985 -0.155334 0.984969 -0.075550 -5.363372 -0.172930 0.048185 0.983755 111.926788
0.971603 0.167222 0.167405 2.931271 -0.156898 0.984898 -0.073200 -5.509492 -0.177118 0.044856 0.983167 113.230331
0.971304 0.167055 0.169298 3.112360 -0.156589 0.984926 -0.073492 -5.612476 -0.179023 0.044873 0.982821 114.531250
0.970775 0.167834 0.171542 3.283554 -0.156928 0.984730 -0.075372 -5.695854 -0.181572 0.046249 0.982289 115.835968
0.969769 0.170493 0.174584 3.435210 -0.159333 0.984282 -0.076167 -5.821116 -0.184826 0.046048 0.981692 117.149170
0.968734 0.172568 0.178256 3.573065 -0.161213 0.983954 -0.076445 -5.953750 -0.188587 0.045317 0.981010 118.459686
0.968109 0.173447 0.180781 3.745972 -0.161673 0.983752 -0.078059 -6.058111 -0.191382 0.046342 0.980421 119.765907
0.967423 0.175423 0.182535 3.949415 -0.163242 0.983349 -0.079860 -6.161078 -0.193505 0.047462 0.979951 121.093895
0.967051 0.175238 0.184671 4.147441 -0.162778 0.983355 -0.080722 -6.280092 -0.195743 0.048002 0.979480 122.398155
0.966133 0.176418 0.188317 4.308592 -0.164084 0.983252 -0.079316 -6.443368 -0.199156 0.045731 0.978900 123.718987
0.965355 0.176844 0.191876 4.465774 -0.164331 0.983204 -0.079407 -6.563579 -0.202696 0.045125 0.978201 125.054123
0.964869 0.177286 0.193899 4.658440 -0.164665 0.983140 -0.079507 -6.694348 -0.204725 0.044785 0.977794 126.363731
0.964506 0.176974 0.195981 4.847322 -0.164123 0.983182 -0.080108 -6.819522 -0.206862 0.045100 0.977330 127.680801
0.964016 0.177664 0.197760 5.040475 -0.164699 0.983069 -0.080315 -6.944327 -0.208681 0.044854 0.976955 128.997269
0.963692 0.178257 0.198804 5.242385 -0.165070 0.982936 -0.081174 -7.074172 -0.209881 0.045410 0.976672 130.306580
0.963369 0.179005 0.199693 5.431931 -0.165616 0.982776 -0.081987 -7.192674 -0.210929 0.045911 0.976422 131.621338
0.963133 0.180580 0.199413 5.666001 -0.166979 0.982445 -0.083182 -7.281335 -0.210933 0.046817 0.976379 132.922531
0.962760 0.181773 0.200131 5.865946 -0.167928 0.982192 -0.084253 -7.391277 -0.211882 0.047508 0.976140 134.206467
0.962363 0.183463 0.200498 6.068080 -0.169452 0.981858 -0.085089 -7.512851 -0.212471 0.047912 0.975992 135.499130
0.961863 0.186391 0.200194 6.291002 -0.171779 0.981180 -0.088188 -7.592893 -0.212864 0.050436 0.975779 136.788391
0.961305 0.188039 0.201330 6.475715 -0.173165 0.980839 -0.089263 -7.719514 -0.214257 0.050945 0.975448 138.103195
0.961231 0.188232 0.201503 6.684117 -0.172315 0.980549 -0.093972 -7.802169 -0.215272 0.055607 0.974970 139.350342
0.961654 0.185727 0.201808 6.902818 -0.169353 0.980895 -0.095732 -7.917787 -0.215732 0.057884 0.974735 140.620865
0.962381 0.181156 0.202498 7.130665 -0.164805 0.981738 -0.095024 -8.041563 -0.216014 0.058077 0.974662 141.935196
0.962917 0.178080 0.202677 7.354086 -0.161548 0.982232 -0.095516 -8.150484 -0.216085 0.059232 0.974576 143.178726
0.963370 0.177465 0.201060 7.616350 -0.159804 0.981965 -0.101036 -8.243585 -0.215365 0.065205 0.974354 144.441849
0.962823 0.179430 0.201931 7.837769 -0.160991 0.981414 -0.104440 -8.387921 -0.216918 0.068049 0.973815 145.678680
0.961560 0.184971 0.202948 8.070564 -0.165819 0.980250 -0.107772 -8.530824 -0.218874 0.069977 0.973241 146.984131
0.960794 0.186411 0.205244 8.270084 -0.166852 0.979944 -0.108954 -8.672717 -0.221437 0.070437 0.972627 148.239807
0.959997 0.188434 0.207117 8.513201 -0.168818 0.979626 -0.108781 -8.780143 -0.223395 0.069464 0.972250 149.491989
0.959368 0.189588 0.208973 8.747255 -0.169723 0.979404 -0.109375 -8.889086 -0.225406 0.069463 0.971786 150.727905
0.958906 0.190739 0.210045 8.992758 -0.170568 0.979135 -0.110456 -9.023579 -0.226731 0.070090 0.971432 151.995071
0.958389 0.191909 0.211333 9.223758 -0.171416 0.978865 -0.111531 -9.181570 -0.228271 0.070664 0.971030 153.271240
0.957226 0.195693 0.213127 9.478583 -0.175047 0.978173 -0.111966 -9.338454 -0.230386 0.069869 0.970588 154.547638
0.955709 0.201532 0.214489 9.744250 -0.180455 0.976968 -0.113886 -9.497290 -0.232500 0.070136 0.970064 155.844162
0.954139 0.205692 0.217506 9.913671 -0.184006 0.976071 -0.115872 -9.676311 -0.236136 0.070536 0.969157 157.085526
0.952778 0.210367 0.218998 10.157419 -0.188333 0.975077 -0.117282 -9.843233 -0.238212 0.070499 0.968651 158.392929
0.950690 0.215678 0.222869 10.308211 -0.193501 0.974071 -0.117230 -10.025865 -0.242374 0.068324 0.967774 159.671860
0.949459 0.219494 0.224387 10.523517 -0.197161 0.973269 -0.117789 -10.219884 -0.244243 0.067595 0.967355 161.011826
0.948499 0.223103 0.224887 10.759976 -0.199790 0.972230 -0.121870 -10.345973 -0.245832 0.070663 0.966733 162.267746
0.947541 0.227642 0.224375 11.030048 -0.203669 0.971020 -0.125061 -10.511605 -0.246342 0.072802 0.966445 163.560654
0.945526 0.233591 0.226752 11.209316 -0.209332 0.969687 -0.126045 -10.713350 -0.249321 0.071713 0.965762 164.887985
0.943115 0.239788 0.230294 11.385837 -0.215409 0.968347 -0.126109 -10.876144 -0.253244 0.069328 0.964915 166.136871
0.940651 0.244733 0.235119 11.542051 -0.220340 0.967333 -0.125365 -11.065420 -0.258119 0.066119 0.963848 167.473953
0.939302 0.246672 0.238464 11.758690 -0.222591 0.967050 -0.123560 -11.257468 -0.261085 0.062980 0.963259 168.766373
0.939441 0.245361 0.239266 12.025750 -0.221145 0.967362 -0.123715 -11.418766 -0.261812 0.063311 0.963040 170.090027
0.939853 0.244539 0.238490 12.307620 -0.220176 0.967501 -0.124359 -11.577977 -0.261150 0.064369 0.963150 171.419189
0.940208 0.245126 0.236480 12.588866 -0.219430 0.966945 -0.129877 -11.701320 -0.260499 0.070220 0.962917 172.683014
0.939902 0.247319 0.235409 12.851308 -0.220341 0.966015 -0.135147 -11.837026 -0.260834 0.075155 0.962454 173.958420
0.938494 0.252598 0.235420 13.123304 -0.225319 0.964634 -0.136795 -11.999363 -0.261649 0.075337 0.962218 175.256302
0.936738 0.256869 0.237782 13.332637 -0.229049 0.963509 -0.138518 -12.107392 -0.264686 0.075292 0.961391 176.510925
0.935053 0.259906 0.241092 13.546821 -0.232559 0.963000 -0.136187 -12.296646 -0.267567 0.071274 0.960899 177.808395
0.933904 0.261730 0.243557 13.796119 -0.234528 0.962661 -0.135204 -12.480866 -0.269850 0.069146 0.960417 179.117447
0.933464 0.261786 0.245180 14.062719 -0.234572 0.962703 -0.134829 -12.667102 -0.271332 0.068345 0.960056 180.416977
0.933074 0.260932 0.247564 14.284628 -0.233510 0.962958 -0.134855 -12.849810 -0.273582 0.068021 0.959441 181.682571
0.933109 0.259810 0.248609 14.581621 -0.232169 0.963230 -0.135225 -13.033965 -0.274600 0.068461 0.959118 182.998901
0.933024 0.259125 0.249641 14.881166 -0.231027 0.963329 -0.136468 -13.212450 -0.275849 0.069654 0.958674 184.302750
0.932574 0.258212 0.252256 15.133458 -0.229834 0.963588 -0.136655 -13.400496 -0.278357 0.069464 0.957963 185.618927
0.932723 0.255958 0.253993 15.441784 -0.227461 0.964192 -0.136363 -13.595003 -0.279802 0.069415 0.957545 186.952805
0.932617 0.255134 0.255211 15.749271 -0.226204 0.964337 -0.137428 -13.787074 -0.281172 0.070438 0.957069 188.291595
0.932278 0.257905 0.253659 16.117727 -0.227620 0.963226 -0.142773 -13.957483 -0.281153 0.075366 0.956699 189.607910
0.930599 0.265316 0.252178 16.465557 -0.233696 0.960893 -0.148559 -14.129439 -0.281731 0.079316 0.956209 190.876938
0.926963 0.274435 0.255783 16.700125 -0.242663 0.958588 -0.149075 -14.342937 -0.286102 0.076118 0.955171 192.169846
0.922803 0.281936 0.262578 16.877359 -0.251180 0.957041 -0.144851 -14.611118 -0.292137 0.067714 0.953976 193.495789
0.920802 0.285224 0.266027 17.158766 -0.254574 0.956256 -0.144104 -14.814116 -0.295492 0.064968 0.953134 194.862656
0.920263 0.285794 0.267278 17.473864 -0.254994 0.956104 -0.144370 -15.032644 -0.296806 0.064704 0.952743 196.221909
0.920292 0.286197 0.266746 17.822235 -0.255008 0.955885 -0.145794 -15.229321 -0.296705 0.066150 0.952675 197.576523
0.920358 0.285892 0.266845 18.155140 -0.254495 0.955929 -0.146400 -15.458665 -0.296939 0.066830 0.952555 198.934021
0.919722 0.288146 0.266615 18.506868 -0.256458 0.955209 -0.147665 -15.666786 -0.297222 0.067435 0.952424 200.284866
0.918358 0.291279 0.267907 18.824614 -0.259406 0.954308 -0.148343 -15.883106 -0.298875 0.066735 0.951956 201.655869
0.916583 0.294663 0.270277 19.106863 -0.262596 0.953357 -0.148839 -16.076761 -0.301528 0.065449 0.951208 202.988434
0.915723 0.296459 0.271224 19.426865 -0.263903 0.952753 -0.150392 -16.286333 -0.302995 0.066141 0.950694 204.354492
0.915372 0.297508 0.271263 19.783693 -0.264320 0.952302 -0.152497 -16.491228 -0.303693 0.067891 0.950348 205.737228
0.914838 0.297862 0.272672 20.102200 -0.264368 0.952181 -0.153168 -16.723618 -0.305256 0.068038 0.949836 207.117554
0.913427 0.299515 0.275577 20.362753 -0.265607 0.951703 -0.153992 -16.948961 -0.308390 0.067465 0.948865 208.492096
0.912275 0.301299 0.277439 20.671486 -0.267064 0.951163 -0.154807 -17.179651 -0.310533 0.067133 0.948189 209.887238
0.910835 0.303293 0.279989 20.952696 -0.268583 0.950551 -0.155938 -17.400524 -0.313438 0.066833 0.947254 211.244995
0.909318 0.306128 0.281826 21.269558 -0.270967 0.949655 -0.157263 -17.629919 -0.315781 0.066637 0.946489 212.657578
0.907608 0.309292 0.283878 21.584753 -0.273330 0.948584 -0.159619 -17.829817 -0.318651 0.067279 0.945481 214.032974
0.905682 0.312457 0.286550 21.879978 -0.275843 0.947557 -0.161387 -18.037876 -0.321949 0.067122 0.944375 215.401764
0.903939 0.314484 0.289819 22.174051 -0.277088 0.946878 -0.163230 -18.263193 -0.325756 0.067245 0.943059 216.790115
0.902707 0.315199 0.292865 22.486277 -0.277141 0.946629 -0.164581 -18.505974 -0.329110 0.067404 0.941883 218.194626
0.900964 0.317571 0.295657 22.817848 -0.278588 0.945790 -0.166945 -18.719093 -0.332646 0.068045 0.940594 219.581696
0.899225 0.318876 0.299519 23.132643 -0.279345 0.945406 -0.167848 -18.968851 -0.336689 0.067264 0.939210 220.973862
0.897258 0.320989 0.303141 23.450253 -0.280622 0.944695 -0.169711 -19.198551 -0.340851 0.067206 0.937712 222.364151
0.895676 0.322854 0.305826 23.812010 -0.281872 0.944070 -0.171113 -19.459259 -0.343965 0.067058 0.936585 223.773987
0.894171 0.324645 0.308325 24.186102 -0.283024 0.943455 -0.172597 -19.724314 -0.346923 0.067068 0.935493 225.180008
0.890441 0.327981 0.315504 24.436110 -0.285603 0.942476 -0.173695 -19.979340 -0.354324 0.064557 0.932892 226.552551
0.886285 0.331241 0.323696 24.692476 -0.288827 0.941659 -0.172793 -20.282188 -0.362047 0.059652 0.930249 227.944366
0.883908 0.333746 0.327598 25.068521 -0.290570 0.940813 -0.174471 -20.541945 -0.366437 0.059027 0.928569 229.338867
0.882284 0.336362 0.329294 25.497282 -0.291700 0.939736 -0.178348 -20.782347 -0.369439 0.061299 0.927231 230.705765
0.879747 0.339647 0.332695 25.878382 -0.294017 0.938563 -0.180704 -21.071531 -0.373630 0.061156 0.925559 232.107147
0.876027 0.345829 0.336124 26.255497 -0.299743 0.936445 -0.182276 -21.361174 -0.377798 0.058928 0.924011 233.500320
0.871473 0.353214 0.340258 26.595291 -0.306693 0.933869 -0.183922 -21.650906 -0.382720 0.055928 0.922170 234.916107
0.868700 0.360075 0.340155 27.071152 -0.312611 0.931214 -0.187391 -21.880833 -0.384232 0.056451 0.921509 236.263260
0.865839 0.366157 0.340957 27.521866 -0.317617 0.928807 -0.190886 -22.119909 -0.386577 0.056983 0.920495 237.641510
0.862316 0.372794 0.342688 27.959036 -0.323515 0.926222 -0.193523 -22.390549 -0.389549 0.056014 0.919301 239.050232
0.858731 0.379877 0.343910 28.404072 -0.329492 0.923340 -0.197174 -22.630234 -0.392448 0.056004 0.918068 240.402145
0.854833 0.387715 0.344873 28.847067 -0.336911 0.920181 -0.199393 -22.918612 -0.394653 0.054256 0.917227 241.737274
0.852940 0.392309 0.344366 29.356691 -0.340923 0.918213 -0.201635 -23.214048 -0.395304 0.054581 0.916927 243.094666
0.850605 0.395490 0.346496 29.778938 -0.343987 0.916953 -0.202162 -23.548452 -0.397674 0.052769 0.916008 244.473160
0.847339 0.399002 0.350448 30.146372 -0.346844 0.915526 -0.203745 -23.874063 -0.402139 0.051090 0.914152 245.840240
0.846079 0.401771 0.350328 30.608858 -0.348161 0.914168 -0.207559 -24.097601 -0.403650 0.053641 0.913340 247.116089
0.845610 0.405285 0.347401 31.114780 -0.349208 0.912231 -0.214218 -24.166845 -0.403729 0.059830 0.912920 248.188400
0.841901 0.409385 0.351577 31.423000 -0.352604 0.910530 -0.215884 -24.380083 -0.408501 0.057785 0.910927 249.349167
0.839407 0.413028 0.353277 31.876825 -0.356157 0.909001 -0.216494 -24.677967 -0.410547 0.055905 0.910124 250.659286
0.838574 0.413523 0.354672 32.286190 -0.355967 0.908741 -0.217892 -24.980694 -0.412408 0.056467 0.909247 251.881317
0.838317 0.415170 0.353354 32.830864 -0.356447 0.907810 -0.220968 -25.262852 -0.412517 0.059289 0.909018 253.187164
0.836158 0.417195 0.356073 33.250011 -0.357888 0.906941 -0.222204 -25.599785 -0.415640 0.058363 0.907655 254.551559
0.833285 0.419932 0.359573 33.661194 -0.360195 0.905801 -0.223124 -25.934750 -0.419398 0.056410 0.906048 255.891479
0.831832 0.421767 0.360788 34.175125 -0.361625 0.904973 -0.224166 -26.283913 -0.421049 0.055999 0.905308 257.225098
0.829015 0.424428 0.364135 34.592709 -0.363713 0.903824 -0.225423 -26.626692 -0.424789 0.054438 0.903654 258.555450
0.826758 0.425421 0.368086 35.000340 -0.364095 0.903434 -0.226365 -26.969463 -0.428842 0.053131 0.901816 259.882355
0.824503 0.426511 0.371865 35.414017 -0.364025 0.902927 -0.228493 -27.299936 -0.433222 0.053025 0.899726 261.275604
0.823489 0.426776 0.373801 35.917015 -0.363371 0.902760 -0.230187 -27.647095 -0.435691 0.053728 0.898491 262.648254
0.822392 0.426678 0.376322 36.420494 -0.362943 0.902850 -0.230507 -28.025257 -0.438115 0.052984 0.897356 264.015503
0.820748 0.427744 0.378692 36.925629 -0.363359 0.902369 -0.231734 -28.358938 -0.440843 0.052594 0.896042 265.385986
0.819167 0.427924 0.381898 37.381901 -0.363345 0.902370 -0.231751 -28.732544 -0.443785 0.051082 0.894676 266.706116
0.820003 0.428551 0.379394 37.973782 -0.361690 0.901720 -0.236815 -29.010859 -0.443594 0.056966 0.894416 267.983887
0.822137 0.427903 0.375486 38.628551 -0.358724 0.901540 -0.241957 -29.263058 -0.442050 0.064225 0.894688 269.292480
0.821547 0.428360 0.376255 39.144215 -0.359325 0.901387 -0.241634 -29.668627 -0.442658 0.063316 0.894452 270.697937
0.821142 0.428159 0.377368 39.628277 -0.358698 0.901464 -0.242277 -30.016640 -0.443916 0.063582 0.893810 272.029266
0.820621 0.428744 0.377836 40.124992 -0.358285 0.901076 -0.244324 -30.337027 -0.445211 0.065124 0.893054 273.375061
0.819686 0.429650 0.378836 40.606041 -0.358796 0.900653 -0.245133 -30.692631 -0.446521 0.065007 0.892409 274.704376
0.818695 0.431192 0.379226 41.114197 -0.360176 0.899947 -0.245700 -31.032955 -0.447227 0.064566 0.892087 276.016754
0.817651 0.432653 0.379812 41.615345 -0.361361 0.899267 -0.246448 -31.384836 -0.448179 0.064259 0.891631 277.362396
0.816897 0.434759 0.379030 42.159958 -0.363566 0.898284 -0.246789 -31.699982 -0.447771 0.063799 0.891869 278.656189
0.813667 0.438061 0.382164 42.592178 -0.367469 0.896970 -0.245786 -32.078396 -0.450459 0.059555 0.890809 280.053314
0.812298 0.440526 0.382242 43.162983 -0.369718 0.895794 -0.246700 -32.446636 -0.451088 0.059073 0.890522 281.385223
0.811154 0.443679 0.381022 43.780586 -0.372021 0.894149 -0.249194 -32.776939 -0.451252 0.060386 0.890351 282.729614
0.810439 0.445285 0.380670 44.356842 -0.373445 0.893350 -0.249929 -33.163609 -0.451362 0.060393 0.890295 284.077301
0.809788 0.447437 0.379531 44.909916 -0.374802 0.892171 -0.252101 -33.511417 -0.451406 0.061900 0.890169 285.383453
0.810358 0.451983 0.372869 45.612919 -0.377874 0.889481 -0.256972 -33.809666 -0.447806 0.067342 0.891591 286.620758
0.809579 0.455778 0.369931 46.192734 -0.380086 0.887258 -0.261356 -34.102356 -0.447345 0.070983 0.891540 287.908539
0.808405 0.465270 0.360562 46.926434 -0.388199 0.881869 -0.267597 -34.308369 -0.442474 0.076357 0.893525 289.177734
0.806509 0.469978 0.358699 47.446968 -0.393179 0.879459 -0.268258 -34.668720 -0.441536 0.075320 0.894076 290.512085
0.802794 0.476035 0.359045 47.990459 -0.399522 0.876450 -0.268733 -35.007282 -0.442611 0.072290 0.893795 291.864288
0.799392 0.480334 0.360903 48.505180 -0.403372 0.874260 -0.270112 -35.352280 -0.445267 0.070347 0.892630 293.270355
0.796350 0.486030 0.360002 49.059601 -0.408052 0.871069 -0.273370 -35.696991 -0.446453 0.070799 0.892002 294.630920
0.793893 0.490749 0.359024 49.589588 -0.410864 0.868206 -0.278226 -36.043797 -0.448246 0.073372 0.890894 295.970734
0.791814 0.494054 0.359083 50.122169 -0.413066 0.866260 -0.281014 -36.437950 -0.449896 0.074186 0.889994 297.358032
0.790139 0.495975 0.360123 50.619835 -0.414309 0.865175 -0.282524 -36.852802 -0.451694 0.074031 0.889096 298.723022
0.788820 0.497189 0.361340 51.121181 -0.414904 0.864489 -0.283750 -37.285133 -0.453452 0.073906 0.888211 300.130096
0.786973 0.499329 0.362414 51.609756 -0.416223 0.863256 -0.285565 -37.721333 -0.455447 0.073887 0.887191 301.506348
0.785505 0.500303 0.364251 52.076523 -0.416357 0.862697 -0.287054 -38.156136 -0.457852 0.073823 0.885958 302.880249
0.784428 0.500123 0.366810 52.586254 -0.415889 0.862899 -0.287126 -38.592594 -0.460118 0.072677 0.884878 304.280243
0.783695 0.499977 0.368571 53.088081 -0.415560 0.863051 -0.287145 -39.048420 -0.461661 0.071871 0.884140 305.665283
0.783292 0.500712 0.368430 53.619331 -0.415419 0.862504 -0.288987 -39.494366 -0.462472 0.073308 0.883598 307.023071
0.781453 0.502424 0.370001 54.113422 -0.416862 0.861615 -0.289561 -39.949005 -0.464281 0.072039 0.882753 308.383942
0.780108 0.505219 0.369033 54.661381 -0.418639 0.859859 -0.292206 -40.392040 -0.464944 0.073460 0.882287 309.762268
0.779565 0.506455 0.368485 55.183960 -0.419026 0.859007 -0.294150 -40.885101 -0.465505 0.074904 0.881870 311.194550
0.778073 0.508491 0.368835 55.706043 -0.421101 0.857903 -0.294409 -41.335579 -0.466129 0.073755 0.881637 312.558655
0.775589 0.510424 0.371388 56.197174 -0.423912 0.857104 -0.292697 -41.784821 -0.467718 0.069577 0.881135 313.960205
0.773000 0.512073 0.374502 56.658325 -0.426308 0.856449 -0.291129 -42.240391 -0.469821 0.065389 0.880336 315.369080
0.771759 0.514430 0.373830 57.173733 -0.427636 0.854930 -0.293635 -42.658043 -0.470653 0.066752 0.879789 316.746552
0.770813 0.515954 0.373681 57.654549 -0.428235 0.853921 -0.295693 -43.090767 -0.471658 0.067900 0.879163 318.113098
0.769410 0.517725 0.374124 58.162354 -0.429952 0.852923 -0.296079 -43.529011 -0.472387 0.066951 0.878845 319.485901
0.767523 0.519825 0.375088 58.662773 -0.431053 0.851626 -0.298206 -43.947662 -0.474449 0.067197 0.877714 320.884094
0.766345 0.521347 0.375384 59.193493 -0.431776 0.850649 -0.299943 -44.411980 -0.475695 0.067778 0.876995 322.255707
0.764460 0.523530 0.376188 59.699539 -0.432555 0.849226 -0.302839 -44.848160 -0.478014 0.068786 0.875655 323.628815
0.762618 0.524991 0.377887 60.198135 -0.433270 0.848364 -0.304230 -45.308708 -0.480303 0.068284 0.874440 324.988953
0.760731 0.526761 0.379225 60.723530 -0.433969 0.847252 -0.306324 -45.769257 -0.482659 0.068459 0.873129 326.382111
0.758668 0.529634 0.379357 61.266846 -0.435265 0.845344 -0.309739 -46.209435 -0.484735 0.069868 0.871866 327.752258
0.756101 0.532159 0.380943 61.781815 -0.436452 0.843750 -0.312402 -46.678219 -0.487669 0.069944 0.870222 329.148193
0.753309 0.534941 0.382575 62.308094 -0.437772 0.841980 -0.315317 -47.128017 -0.490797 0.070051 0.868453 330.510193
0.750615 0.538704 0.382589 62.854511 -0.439183 0.839382 -0.320243 -47.546238 -0.493655 0.072353 0.866643 331.859009
0.748768 0.540718 0.383367 63.387417 -0.439158 0.837915 -0.324097 -48.004002 -0.496474 0.074315 0.864865 333.217010
0.745859 0.542661 0.386281 63.912216 -0.440292 0.836804 -0.325426 -48.475742 -0.499837 0.072645 0.863067 334.592560
0.743358 0.543456 0.389968 64.402946 -0.439481 0.836322 -0.327752 -48.948025 -0.504258 0.072254 0.860525 335.991272
0.741121 0.545270 0.391690 64.932266 -0.439088 0.835008 -0.331607 -49.417995 -0.507880 0.073775 0.858263 337.368774
0.738596 0.549809 0.390110 65.562416 -0.441169 0.831753 -0.336982 -49.869034 -0.509751 0.076789 0.856888 338.748840
0.734260 0.553866 0.392549 66.100479 -0.444004 0.829223 -0.339484 -50.364586 -0.513539 0.074976 0.854784 340.149567
0.729225 0.556892 0.397620 66.569511 -0.446126 0.827532 -0.340826 -50.875542 -0.518847 0.071151 0.851901 341.508545
0.725251 0.562371 0.397178 67.185585 -0.451140 0.823960 -0.342872 -51.401096 -0.520080 0.069485 0.851286 342.850037
0.722618 0.565459 0.397592 67.745125 -0.453143 0.821857 -0.345272 -51.913246 -0.522001 0.069334 0.850122 344.186707
0.720856 0.567667 0.397644 68.328590 -0.454566 0.820327 -0.347034 -52.425915 -0.523198 0.069406 0.849380 345.485046
0.718249 0.568673 0.400909 68.831749 -0.454373 0.819723 -0.348711 -52.950043 -0.526937 0.068299 0.847156 346.833954
0.716020 0.571045 0.401526 69.436157 -0.456177 0.818140 -0.350071 -53.494274 -0.528411 0.067491 0.846302 348.184082
0.714183 0.572557 0.402643 70.037239 -0.457661 0.817211 -0.350303 -54.051117 -0.529613 0.065906 0.845675 349.490540
0.712130 0.574142 0.404019 70.590759 -0.458585 0.816167 -0.351527 -54.610168 -0.531573 0.065056 0.844510 350.842834
0.709918 0.577067 0.403745 71.183250 -0.460660 0.814103 -0.353593 -55.117817 -0.532737 0.065033 0.843778 352.104950
0.706780 0.579158 0.406249 71.665527 -0.461885 0.812751 -0.355103 -55.617329 -0.535840 0.063339 0.841940 353.389893
0.702601 0.582980 0.408027 72.199707 -0.465786 0.810281 -0.355652 -56.154057 -0.537955 0.059828 0.840848 354.663177
0.700234 0.584102 0.410484 72.735863 -0.466835 0.809643 -0.355728 -56.726627 -0.540127 0.057464 0.839619 355.975189
0.698189 0.585919 0.411377 73.311882 -0.468164 0.808395 -0.356818 -57.288567 -0.541621 0.056535 0.838719 357.282715
0.696125 0.587528 0.412578 73.903831 -0.469571 0.807329 -0.357383 -57.868519 -0.543059 0.055049 0.837888 358.629089
