1.000000 0.000000 0.000000 0.000000 0.000000 1.000000 0.000000 0.000000 0.000000 0.000000 1.000000 0.000000
0.999999 -0.000225 0.001143 -0.045069 0.000224 0.999999 0.001102 -0.006889 -0.001143 -0.001102 0.999999 1.223608
0.999996 -0.001303 0.002301 -0.097143 0.001299 0.999998 0.001428 -0.033535 -0.002302 -0.001425 0.999996 2.471077
0.999990 -0.002810 0.003508 -0.128893 0.002808 0.999996 0.000600 -0.061208 -0.003509 -0.000591 0.999994 3.696094
0.999985 -0.002981 0.004636 -0.154026 0.002977 0.999995 0.000798 -0.084260 -0.004639 -0.000784 0.999989 4.951517
0.999973 -0.003723 0.006258 -0.197919 0.003710 0.999991 0.002024 -0.113349 -0.006265 -0.002001 0.999978 6.198690
0.999955 -0.005354 0.007859 -0.227433 0.005328 0.999980 0.003320 -0.135666 -0.007877 -0.003278 0.999964 7.459014
0.999949 -0.005158 0.008737 -0.245110 0.005123 0.999979 0.004048 -0.160849 -0.008758 -0.004003 0.999954 8.734471
0.999942 -0.004587 0.009714 -0.280364 0.004564 0.999987 0.002391 -0.183645 -0.009725 -0.002346 0.999950 10.007802
0.999932 -0.001767 0.011509 -0.326764 0.001762 0.999998 0.000459 -0.210392 -0.011510 -0.000438 0.999934 11.265066
0.999916 0.001439 0.012871 -0.351973 -0.001439 0.999999 -0.000006 -0.242694 -0.012871 -0.000013 0.999917 12.563321
0.999890 0.004080 0.014241 -0.378548 -0.004077 0.999992 -0.000294 -0.261217 -0.014242 0.000236 0.999899 13.864643
0.999867 0.004851 0.015544 -0.391832 -0.004865 0.999988 0.000906 -0.290525 -0.015540 -0.000982 0.999879 15.155662
0.999846 0.002712 0.017321 -0.405329 -0.002771 0.999990 0.003369 -0.304660 -0.017312 -0.003416 0.999844 16.463657
0.999820 -0.001255 0.018905 -0.419575 0.001159 0.999986 0.005098 -0.320698 -0.018911 -0.005075 0.999808 17.771551
0.999804 -0.003727 0.019424 -0.409814 0.003672 0.999989 0.002865 -0.341205 -0.019435 -0.002793 0.999807 19.085096
0.999768 -0.004748 0.020986 -0.424963 0.004729 0.999988 0.000939 -0.361108 -0.020990 -0.000840 0.999779 20.382296
0.999731 -0.002487 0.023052 -0.427058 0.002496 0.999997 -0.000349 -0.391563 -0.023051 0.000406 0.999734 21.659330
0.999682 0.000242 0.025196 -0.427152 -0.000282 0.999999 0.001612 -0.408598 -0.025196 -0.001618 0.999681 22.973297
0.999623 0.000786 0.027449 -0.445733 -0.000926 0.999986 0.005113 -0.425507 -0.027444 -0.005137 0.999610 24.295858
0.999579 -0.001719 0.028956 -0.428990 0.001509 0.999972 0.007277 -0.443350 -0.028968 -0.007231 0.999554 25.611126
0.999550 -0.005596 0.029457 -0.411802 0.005429 0.999969 0.005727 -0.462447 -0.029488 -0.005565 0.999550 26.920790
0.999509 -0.005302 0.030891 -0.410488 0.005205 0.999981 0.003229 -0.476626 -0.030907 -0.003067 0.999518 28.206301
0.999385 -0.004759 0.034733 -0.465406 0.004727 0.999988 0.001001 -0.507252 -0.034737 -0.000837 0.999396 29.457926
0.999306 -0.001434 0.037223 -0.475809 0.001425 0.999999 0.000292 -0.530826 -0.037224 -0.000238 0.999307 30.745407
0.999166 0.000336 0.040839 -0.525284 -0.000247 0.999998 -0.002168 -0.551500 -0.040839 0.002156 0.999163 32.032471
0.999093 0.001463 0.042552 -0.508649 -0.001400 0.999998 -0.001520 -0.579484 -0.042554 0.001460 0.999093 33.332291
0.998979 0.002490 0.045106 -0.529409 -0.002461 0.999997 -0.000707 -0.603247 -0.045107 0.000595 0.998982 34.614662
0.998819 0.004009 0.048417 -0.581985 -0.004061 0.999991 0.000971 -0.634172 -0.048413 -0.001166 0.998827 35.924950
0.998636 0.007383 0.051687 -0.611784 -0.007436 0.999972 0.000831 -0.649545 -0.051680 -0.001214 0.998663 37.229218
0.998528 0.009969 0.053318 -0.584508 -0.010008 0.999950 0.000462 -0.672104 -0.053311 -0.000995 0.998577 38.594086
0.998326 0.012907 0.056373 -0.603043 -0.012972 0.999916 0.000782 -0.698654 -0.056358 -0.001512 0.998409 39.924149
0.998213 0.013585 0.058194 -0.592169 -0.013667 0.999906 0.001010 -0.724946 -0.058175 -0.001804 0.998305 41.283421
0.998143 0.013066 0.059493 -0.559637 -0.013136 0.999913 0.000783 -0.745596 -0.059478 -0.001563 0.998228 42.623734
0.998000 0.012807 0.061897 -0.567237 -0.012859 0.999917 0.000438 -0.772934 -0.061886 -0.001233 0.998082 43.922077
0.997909 0.012638 0.063389 -0.556748 -0.012681 0.999920 0.000284 -0.793269 -0.063380 -0.001087 0.997989 45.264606
0.997797 0.013088 0.065041 -0.550838 -0.013214 0.999912 0.001509 -0.820060 -0.065015 -0.002365 0.997881 46.586136
0.997682 0.013730 0.066648 -0.545647 -0.013847 0.999903 0.001294 -0.845542 -0.066623 -0.002214 0.997776 47.924191
0.997535 0.014657 0.068625 -0.547281 -0.014814 0.999889 0.001778 -0.873946 -0.068591 -0.002791 0.997641 49.249214
0.997373 0.015340 0.070792 -0.554074 -0.015550 0.999876 0.002418 -0.893583 -0.070746 -0.003512 0.997488 50.595257
0.997296 0.013588 0.072227 -0.524190 -0.013881 0.999897 0.003551 -0.921140 -0.072171 -0.004544 0.997382 52.011879
0.997163 0.012796 0.074181 -0.492857 -0.013110 0.999907 0.003750 -0.945346 -0.074126 -0.004711 0.997238 53.357471
0.997078 0.010214 0.075701 -0.437907 -0.010491 0.999940 0.003260 -0.976888 -0.075663 -0.004045 0.997125 54.689308
0.996888 0.009625 0.078243 -0.410046 -0.009936 0.999944 0.003591 -1.003206 -0.078204 -0.004357 0.996928 56.061211
0.996663 0.009030 0.081125 -0.373382 -0.009414 0.999946 0.004341 -1.034707 -0.081082 -0.005090 0.996694 57.411266
0.996397 0.008804 0.084351 -0.345237 -0.009241 0.999946 0.004789 -1.053854 -0.084305 -0.005551 0.996425 58.775253
0.996109 0.008283 0.087744 -0.317041 -0.008705 0.999952 0.004432 -1.085378 -0.087703 -0.005179 0.996133 60.115086
0.995871 0.007204 0.090492 -0.264643 -0.007559 0.999965 0.003580 -1.113021 -0.090463 -0.004249 0.995891 61.452579
0.995595 0.008416 0.093381 -0.208050 -0.008754 0.999957 0.003210 -1.143637 -0.093350 -0.004013 0.995625 62.806831
0.995225 0.011090 0.096977 -0.179461 -0.011427 0.999930 0.002923 -1.178046 -0.096937 -0.004018 0.995282 64.141945
0.994786 0.015027 0.100869 -0.155017 -0.015575 0.999868 0.004649 -1.220040 -0.100786 -0.006195 0.994889 65.482681
0.994220 0.018420 0.105770 -0.160562 -0.019163 0.999798 0.006020 -1.249737 -0.105638 -0.008012 0.994372 66.770943
0.993625 0.023642 0.110228 -0.145976 -0.024488 0.999680 0.006323 -1.276330 -0.110043 -0.008982 0.993886 68.082298
0.993036 0.028702 0.114262 -0.120852 -0.029590 0.999544 0.006077 -1.303773 -0.114035 -0.009416 0.993432 69.414268
0.992501 0.031898 0.117998 -0.071796 -0.032805 0.999445 0.005752 -1.332183 -0.117749 -0.009579 0.992997 70.751793
0.991998 0.034516 0.121445 -0.013258 -0.035452 0.999356 0.005557 -1.359425 -0.121175 -0.009818 0.992583 72.118980
0.991660 0.035245 0.123966 0.075395 -0.036279 0.999323 0.006089 -1.390299 -0.123668 -0.010535 0.992268 73.467934
0.991352 0.034755 0.126545 0.153639 -0.035699 0.999349 0.005197 -1.399267 -0.126282 -0.009669 0.991947 74.804657
0.991012 0.033989 0.129387 0.215306 -0.034845 0.999383 0.004361 -1.424471 -0.129159 -0.008830 0.991585 76.083725
0.990573 0.034231 0.132637 0.261389 -0.035096 0.999375 0.004189 -1.444734 -0.132411 -0.008805 0.991156 77.387932
0.990267 0.034861 0.134743 0.356259 -0.035737 0.999353 0.004081 -1.465617 -0.134514 -0.008856 0.990872 78.726204
0.989819 0.035265 0.137896 0.401021 -0.036117 0.999341 0.003680 -1.490952 -0.137675 -0.008623 0.990440 80.012466
0.989398 0.036125 0.140665 0.462010 -0.037062 0.999305 0.004046 -1.518552 -0.140421 -0.009217 0.990049 81.315010
0.988980 0.036764 0.143415 0.518163 -0.037882 0.999269 0.005072 -1.557203 -0.143124 -0.010449 0.989650 82.563728
0.988671 0.034836 0.145997 0.580860 -0.036115 0.999329 0.006118 -1.581600 -0.145686 -0.011322 0.989266 83.867889
0.988241 0.034188 0.149033 0.633332 -0.035524 0.999349 0.006309 -1.600150 -0.148720 -0.011529 0.988812 85.089287
0.987605 0.033289 0.153386 0.640896 -0.034631 0.999382 0.006082 -1.620054 -0.153089 -0.011319 0.988148 86.232361
0.987282 0.032577 0.155605 0.751339 -0.033840 0.999412 0.005476 -1.637748 -0.155335 -0.010672 0.987804 87.532822
0.986918 0.031858 0.158046 0.874421 -0.033075 0.999440 0.005081 -1.662312 -0.157795 -0.010242 0.987419 88.807663
0.986413 0.033797 0.160771 0.983629 -0.034863 0.999385 0.003815 -1.671751 -0.160543 -0.009368 0.986984 90.066086
0.985928 0.033872 0.163703 1.107555 -0.034912 0.999384 0.003477 -1.703549 -0.163484 -0.009143 0.986504 91.305901
0.985440 0.035535 0.166269 1.242114 -0.036516 0.999329 0.002845 -1.730896 -0.166056 -0.008875 0.986076 92.585823
0.984951 0.037069 0.168813 1.376767 -0.038174 0.999266 0.003305 -1.761056 -0.168567 -0.009699 0.985642 93.836044
0.984476 0.037613 0.171439 1.518537 -0.038974 0.999230 0.004576 -1.786757 -0.171135 -0.011187 0.985184 95.071983
0.983939 0.040159 0.173932 1.669037 -0.041739 0.999114 0.005435 -1.802847 -0.173559 -0.012608 0.984743 96.335098
0.983540 0.040104 0.176182 1.827991 -0.041433 0.999134 0.003867 -1.823735 -0.175875 -0.011103 0.984350 97.581123
0.983151 0.041016 0.178136 1.990436 -0.041944 0.999119 0.001443 -1.847440 -0.177920 -0.008890 0.984005 98.813583
0.982757 0.040893 0.180324 2.145209 -0.041634 0.999133 0.000326 -1.875119 -0.180154 -0.007828 0.983607 100.044769
0.982419 0.039040 0.182561 2.312788 -0.039922 0.999202 0.001159 -1.895676 -0.182371 -0.008427 0.983194 101.313194
0.982026 0.036298 0.185221 2.492066 -0.037556 0.999289 0.003287 -1.922804 -0.184970 -0.010184 0.982691 102.590706
0.981483 0.035295 0.188268 2.662769 -0.036679 0.999320 0.003871 -1.951419 -0.188004 -0.010705 0.982110 103.866707
0.980919 0.035478 0.191150 2.839130 -0.036597 0.999327 0.002326 -1.974858 -0.190939 -0.009277 0.981558 105.123123
0.980127 0.038935 0.194515 2.991879 -0.039680 0.999212 -0.000063 -2.004096 -0.194364 -0.007657 0.980900 106.402161
0.979363 0.041844 0.197729 3.171441 -0.042274 0.999104 -0.002048 -2.038013 -0.197637 -0.006353 0.980255 107.663513
0.978470 0.045711 0.201264 3.346998 -0.046181 0.998930 -0.002362 -2.062487 -0.201156 -0.006983 0.979534 108.935081
0.977729 0.047264 0.204479 3.552408 -0.048151 0.998840 -0.000642 -2.091310 -0.204272 -0.009218 0.978871 110.227493
0.977110 0.047474 0.207369 3.761312 -0.048861 0.998804 0.001572 -2.118358 -0.207047 -0.011668 0.978261 111.524727
0.976574 0.047001 0.209984 3.977772 -0.048529 0.998819 0.002128 -2.145464 -0.209636 -0.012268 0.977703 112.813606
0.975791 0.048297 0.213307 4.179731 -0.049761 0.998760 0.001495 -2.174527 -0.212971 -0.012073 0.976984 114.092232
0.974897 0.051330 0.216659 4.391511 -0.052733 0.998608 0.000694 -2.200496 -0.216322 -0.012102 0.976247 115.372826
0.973914 0.053768 0.220455 4.592006 -0.055210 0.998475 0.000381 -2.230385 -0.220098 -0.012542 0.975397 116.658836
0.973263 0.054593 0.223111 4.830353 -0.055954 0.998433 -0.000222 -2.265368 -0.222773 -0.012268 0.974793 117.941795
0.972527 0.056416 0.225852 5.064575 -0.057652 0.998336 -0.001125 -2.290262 -0.225540 -0.011927 0.974161 119.248703
0.971894 0.055873 0.228691 5.305040 -0.057111 0.998367 -0.001207 -2.322909 -0.228385 -0.011888 0.973498 120.551811
0.971304 0.055688 0.231230 5.559726 -0.057236 0.998361 -0.000013 -2.356979 -0.230852 -0.013222 0.972899 121.853928
0.970656 0.054800 0.234144 5.803274 -0.056519 0.998401 0.000634 -2.380147 -0.233735 -0.013849 0.972202 123.145485
0.970258 0.054001 0.235972 6.065602 -0.055852 0.998438 0.001162 -2.411997 -0.235541 -0.014307 0.971759 124.449272
0.969733 0.052339 0.238494 6.303031 -0.054181 0.998530 0.001170 -2.435662 -0.238082 -0.014056 0.971143 125.751114
0.969576 0.050998 0.239418 6.585534 -0.052961 0.998595 0.001770 -2.459248 -0.238992 -0.014396 0.970915 127.070732
0.969168 0.049689 0.241340 6.826676 -0.051570 0.998668 0.001479 -2.484072 -0.240945 -0.013879 0.970440 128.350128
0.969042 0.048273 0.242132 7.089211 -0.050203 0.998737 0.001805 -2.513885 -0.241740 -0.013905 0.970242 129.670776
0.968887 0.046696 0.243059 7.351080 -0.048882 0.998800 0.002970 -2.542521 -0.242628 -0.014759 0.970007 130.943802
0.968592 0.045685 0.244423 7.593821 -0.047849 0.998850 0.002922 -2.558345 -0.244008 -0.014526 0.969664 132.197433
0.968588 0.044956 0.244574 7.870793 -0.047186 0.998881 0.003263 -2.585269 -0.244153 -0.014701 0.969625 133.484024
0.968273 0.045022 0.245804 8.118484 -0.047116 0.998886 0.002643 -2.604555 -0.245411 -0.014141 0.969316 134.765823
0.967995 0.044995 0.246905 8.379702 -0.047045 0.998890 0.002405 -2.625154 -0.246523 -0.013943 0.969037 136.057800
0.967477 0.043645 0.249165 8.606274 -0.045081 0.998983 0.000059 -2.651457 -0.248909 -0.011290 0.968461 137.326279
0.967499 0.038810 0.249877 8.886063 -0.040104 0.999196 0.000089 -2.682459 -0.249673 -0.010107 0.968278 138.600159
0.967475 0.031126 0.251044 9.163258 -0.032777 0.999460 0.002397 -2.704756 -0.250834 -0.010547 0.967973 139.872208
0.967491 0.024559 0.251709 9.438882 -0.026423 0.999643 0.004028 -2.728039 -0.251520 -0.010548 0.967795 141.103317
0.967365 0.022585 0.252380 9.725533 -0.023503 0.999724 0.000625 -2.747903 -0.252296 -0.006537 0.967628 142.334167
0.966843 0.023371 0.254299 10.000459 -0.023704 0.999717 -0.001757 -2.788898 -0.254268 -0.004329 0.967124 143.542725
0.966261 0.026994 0.256147 10.295168 -0.026894 0.999631 -0.003891 -2.817318 -0.256157 -0.003129 0.966630 144.810532
0.965512 0.026990 0.258956 10.556574 -0.026838 0.999631 -0.004124 -2.841702 -0.258972 -0.002968 0.965880 146.069107
0.965129 0.022610 0.260798 10.854316 -0.023285 0.999729 -0.000500 -2.872575 -0.260738 -0.005590 0.965393 147.276291
0.964794 0.017100 0.262452 11.163976 -0.018289 0.999831 0.002088 -2.894880 -0.262372 -0.006814 0.964943 148.506424
0.964527 0.012943 0.263665 11.480257 -0.014411 0.999890 0.003632 -2.919836 -0.263589 -0.007303 0.964607 149.780807
0.964307 0.010908 0.264562 11.808035 -0.012375 0.999916 0.003877 -2.944780 -0.264498 -0.007013 0.964361 151.018127
0.963822 0.012253 0.266263 12.136038 -0.013998 0.999891 0.004656 -2.964459 -0.266177 -0.008214 0.963889 152.275055
0.963327 0.016497 0.267824 12.478153 -0.018184 0.999827 0.003820 -2.982014 -0.267715 -0.008550 0.963460 153.568542
0.962227 0.021837 0.271372 12.726021 -0.023053 0.999733 0.001296 -3.002360 -0.271271 -0.007503 0.962474 154.761856
0.961424 0.025650 0.273871 13.021553 -0.026834 0.999640 0.000577 -3.027251 -0.273757 -0.007904 0.961766 156.026352
0.960589 0.028446 0.276512 13.299555 -0.030024 0.999548 0.001473 -3.055055 -0.276345 -0.009717 0.961009 157.262375
0.959927 0.031057 0.278525 13.584134 -0.032707 0.999464 0.001278 -3.090313 -0.278336 -0.010336 0.960428 158.529236
0.959340 0.034534 0.280132 13.881917 -0.035503 0.999368 -0.001616 -3.106940 -0.280011 -0.008395 0.959960 159.803574
0.958593 0.039643 0.282008 14.166875 -0.040089 0.999187 -0.004191 -3.148965 -0.281945 -0.007288 0.959403 161.075577
0.957622 0.045671 0.284384 14.443186 -0.045965 0.998927 -0.005646 -3.175468 -0.284337 -0.007665 0.958694 162.329895
0.956476 0.051470 0.287236 14.731271 -0.052190 0.998624 -0.005155 -3.198374 -0.287106 -0.010060 0.957846 163.578278
0.955172 0.054571 0.290980 15.006397 -0.055963 0.998427 -0.003544 -3.228837 -0.290715 -0.012899 0.956723 164.852493
0.954388 0.055196 0.293422 15.319702 -0.057307 0.998356 -0.001405 -3.257121 -0.293017 -0.015474 0.955982 166.091507
0.954231 0.051979 0.294519 15.647753 -0.054260 0.998527 -0.000426 -3.280702 -0.294107 -0.015574 0.955646 167.369598
0.954431 0.049859 0.294237 15.994238 -0.052153 0.998639 -0.000051 -3.306448 -0.293839 -0.015297 0.955732 168.661453
0.954307 0.051706 0.294320 16.316181 -0.052647 0.998602 -0.004730 -3.324343 -0.294153 -0.010982 0.955695 169.934586
0.953702 0.055581 0.295572 16.611282 -0.055241 0.998428 -0.009508 -3.345131 -0.295636 -0.007260 0.955273 171.197906
0.952589 0.061180 0.298045 16.889111 -0.060948 0.998090 -0.010083 -3.385508 -0.298092 -0.008560 0.954499 172.472321
0.951450 0.064946 0.300874 17.173389 -0.065136 0.997832 -0.009411 -3.414433 -0.300833 -0.010644 0.953618 173.728134
0.950590 0.065789 0.303398 17.492630 -0.067153 0.997725 -0.005948 -3.446596 -0.303099 -0.014720 0.952845 175.013199
0.949826 0.066363 0.305657 17.833727 -0.068277 0.997657 -0.004437 -3.464685 -0.305235 -0.016654 0.952131 176.307053
0.948916 0.066045 0.308539 18.126690 -0.068247 0.997662 -0.003661 -3.487651 -0.308060 -0.017583 0.951204 177.532852
0.948280 0.064310 0.310853 18.445047 -0.066680 0.997770 -0.003006 -3.517075 -0.310353 -0.017877 0.950453 178.770844
0.947755 0.061981 0.312920 18.788277 -0.064398 0.997921 -0.002615 -3.541753 -0.312431 -0.017673 0.949776 180.042572
0.947314 0.059573 0.314717 19.155149 -0.061879 0.998080 -0.002668 -3.569367 -0.314272 -0.016947 0.949182 181.329620
0.946626 0.056502 0.317344 19.497229 -0.058959 0.998259 -0.001864 -3.591204 -0.316897 -0.016946 0.948309 182.600449
0.946295 0.051912 0.319110 19.890179 -0.054660 0.998505 -0.000346 -3.618523 -0.318651 -0.017115 0.947718 183.891647
0.945561 0.050106 0.321564 20.255569 -0.052596 0.998615 -0.000944 -3.636246 -0.321166 -0.016020 0.946888 185.188904
0.944742 0.053656 0.323393 20.636652 -0.054865 0.998479 -0.005385 -3.665176 -0.323190 -0.012655 0.946249 186.488831
0.943583 0.062032 0.325273 20.998440 -0.062064 0.998019 -0.010289 -3.700218 -0.325267 -0.010479 0.945564 187.756332
0.941898 0.070782 0.328356 21.367929 -0.071384 0.997396 -0.010236 -3.743725 -0.328226 -0.013798 0.944499 189.052826
0.940338 0.077518 0.331295 21.758924 -0.079748 0.996791 -0.006880 -3.773836 -0.330765 -0.019950 0.943502 190.343750
0.939210 0.077822 0.334407 22.140755 -0.080859 0.996714 -0.004852 -3.803907 -0.333685 -0.022482 0.942416 191.662247
0.938860 0.076332 0.335731 22.551596 -0.079337 0.996836 -0.004778 -3.824650 -0.335034 -0.022150 0.941946 192.984436
0.939149 0.073074 0.335647 22.996469 -0.075977 0.997099 -0.004494 -3.856961 -0.335002 -0.021281 0.941977 194.313416
0.939128 0.071859 0.335969 23.433794 -0.074430 0.997213 -0.005237 -3.882756 -0.335408 -0.020088 0.941859 195.648453
0.939001 0.072057 0.336280 23.877571 -0.074559 0.997202 -0.005486 -3.918933 -0.335735 -0.019922 0.941746 196.980240
0.938279 0.073968 0.337877 24.278860 -0.076541 0.997050 -0.005723 -3.945619 -0.337304 -0.020492 0.941173 198.278870
0.937473 0.075264 0.339824 24.684999 -0.078301 0.996918 -0.004788 -3.979688 -0.339138 -0.022120 0.940477 199.605667
0.937067 0.075123 0.340972 25.114771 -0.077987 0.996940 -0.005321 -4.012104 -0.340328 -0.021605 0.940059 200.948624
0.936749 0.075416 0.341780 25.562130 -0.077898 0.996940 -0.006481 -4.038421 -0.341223 -0.020553 0.939758 202.306580
0.936302 0.074400 0.343224 25.993956 -0.076825 0.997023 -0.006547 -4.076764 -0.342689 -0.020238 0.939231 203.643768
0.935221 0.075412 0.345941 26.376514 -0.077777 0.996946 -0.007063 -4.102959 -0.345418 -0.020301 0.938230 204.996048
0.934195 0.076325 0.348503 26.768354 -0.078582 0.996878 -0.007679 -4.127226 -0.348001 -0.020212 0.937276 206.345306
0.933356 0.076552 0.350694 27.175524 -0.078854 0.996856 -0.007734 -4.166020 -0.350184 -0.020435 0.936458 207.666000
0.932706 0.077561 0.352198 27.620443 -0.079849 0.996774 -0.008049 -4.200836 -0.351686 -0.020616 0.935891 209.050369
0.931888 0.077536 0.354362 28.050415 -0.079820 0.996776 -0.008193 -4.233109 -0.353855 -0.020650 0.935072 210.408340
0.930615 0.078438 0.357496 28.443859 -0.080775 0.996697 -0.008414 -4.262932 -0.356975 -0.021047 0.933877 211.745789
0.929314 0.077991 0.360962 28.845463 -0.080261 0.996736 -0.008723 -4.292970 -0.360464 -0.020864 0.932540 213.099350
0.928546 0.077187 0.363105 29.306999 -0.079217 0.996814 -0.009320 -4.322452 -0.362667 -0.020110 0.931702 214.476715
0.927564 0.076629 0.365723 29.761072 -0.078676 0.996857 -0.009328 -4.358202 -0.365288 -0.020121 0.930677 215.832748
0.926494 0.075288 0.368701 30.222471 -0.077563 0.996950 -0.008671 -4.397225 -0.368230 -0.020564 0.929507 217.214233
0.924861 0.075725 0.372690 30.641430 -0.078026 0.996911 -0.008930 -4.427803 -0.372215 -0.020821 0.927913 218.582092
0.923459 0.076882 0.375915 31.103449 -0.079023 0.996825 -0.009745 -4.460572 -0.375471 -0.020707 0.926603 219.957397
0.922138 0.077888 0.378939 31.584835 -0.079838 0.996752 -0.010590 -4.497740 -0.378532 -0.020488 0.925361 221.346542
0.919553 0.079447 0.384852 31.988857 -0.081725 0.996600 -0.010462 -4.531333 -0.384374 -0.021832 0.922919 222.719193
0.917298 0.078799 0.390326 32.432636 -0.081972 0.996598 -0.008552 -4.567629 -0.389672 -0.024151 0.920637 224.093063
0.916021 0.078344 0.393405 32.951794 -0.081720 0.996622 -0.008191 -4.607552 -0.392718 -0.024646 0.919329 225.480179
0.913695 0.080157 0.398418 33.408077 -0.082814 0.996509 -0.010569 -4.637147 -0.397874 -0.023338 0.917143 226.827454
0.911873 0.081048 0.402391 33.906990 -0.083356 0.996450 -0.011804 -4.685915 -0.401920 -0.022778 0.915392 228.179764
0.910328 0.081664 0.405750 34.419849 -0.084296 0.996375 -0.011413 -4.728112 -0.405212 -0.023813 0.913913 229.566360
0.908966 0.080937 0.408938 34.912903 -0.084016 0.996409 -0.010465 -4.767625 -0.408317 -0.024845 0.912502 230.881790
0.907443 0.082006 0.412096 35.408604 -0.085256 0.996303 -0.010526 -4.806869 -0.411436 -0.025582 0.911080 232.196594
0.906048 0.082613 0.415033 35.924126 -0.086135 0.996231 -0.010261 -4.856191 -0.414316 -0.026452 0.909749 233.542236
0.904019 0.083927 0.419173 36.403503 -0.087697 0.996094 -0.010305 -4.894848 -0.418401 -0.027444 0.907848 234.843079
0.903092 0.085098 0.420931 36.972622 -0.089192 0.995964 -0.009992 -4.943174 -0.420082 -0.028520 0.907038 236.168488
0.901927 0.085136 0.423415 37.490425 -0.089575 0.995935 -0.009447 -4.988905 -0.422498 -0.029407 0.905887 237.455536
0.900875 0.084037 0.425866 38.038616 -0.088484 0.996034 -0.009370 -5.029668 -0.424964 -0.029241 0.904738 238.763596
0.899440 0.082253 0.429235 38.572792 -0.087020 0.996170 -0.008547 -5.073013 -0.428294 -0.029665 0.903152 240.127197
0.897959 0.080263 0.432699 39.117153 -0.085049 0.996342 -0.008318 -5.103686 -0.431784 -0.029332 0.901500 241.465515
0.896816 0.079705 0.435164 39.629799 -0.084136 0.996413 -0.009110 -5.144612 -0.434329 -0.028443 0.900305 242.677139
0.895209 0.079667 0.438469 40.015480 -0.083613 0.996445 -0.010339 -5.177818 -0.437733 -0.027406 0.898687 243.693954
0.893302 0.077733 0.442685 40.425575 -0.082476 0.996556 -0.008560 -5.224705 -0.441825 -0.028864 0.896637 244.760437
0.891967 0.076043 0.445659 40.914307 -0.081512 0.996648 -0.006916 -5.261134 -0.444691 -0.030157 0.895176 245.906494
0.891134 0.075353 0.447439 41.431973 -0.080485 0.996727 -0.007563 -5.305593 -0.446545 -0.029273 0.894282 247.023834
0.889992 0.076883 0.449448 42.004906 -0.081450 0.996635 -0.009199 -5.340118 -0.448643 -0.028420 0.893259 248.270477
0.888661 0.078395 0.451815 42.596405 -0.083030 0.996501 -0.009596 -5.386910 -0.450986 -0.028987 0.892060 249.561722
0.887216 0.080107 0.454346 43.199059 -0.085011 0.996333 -0.009664 -5.428974 -0.453454 -0.030051 0.890773 250.857437
0.886148 0.081590 0.456162 43.842777 -0.086643 0.996191 -0.009867 -5.481405 -0.455230 -0.030780 0.889842 252.145172
0.884119 0.083857 0.459675 44.411835 -0.089061 0.995972 -0.010394 -5.528118 -0.458695 -0.031750 0.888026 253.404678
0.882115 0.085398 0.463228 44.987671 -0.090666 0.995821 -0.010932 -5.572650 -0.462226 -0.032355 0.886172 254.674255
0.880614 0.086106 0.465944 45.606129 -0.091107 0.995771 -0.011830 -5.617697 -0.464992 -0.032033 0.884735 255.980057
