1.000000 0.000000 0.000000 0.000000 0.000000 1.000000 0.000000 0.000000 0.000000 0.000000 1.000000 0.000000
0.999996 0.002037 0.001752 -0.065217 -0.002036 0.999998 -0.000609 0.035827 -0.001753 0.000605 0.999998 1.240739
0.999992 0.002163 0.003383 -0.134892 -0.002159 0.999997 -0.001164 0.027445 -0.003386 0.001156 0.999994 2.499620
0.999988 0.002582 0.004238 -0.154670 -0.002564 0.999987 -0.004374 0.062672 -0.004249 0.004363 0.999981 3.729645
0.999977 0.003791 0.005587 -0.187567 -0.003760 0.999977 -0.005705 0.072692 -0.005609 0.005683 0.999968 4.984896
0.999962 0.003861 0.007770 -0.249703 -0.003824 0.999981 -0.004750 0.037170 -0.007788 0.004720 0.999959 6.242465
0.999939 0.003365 0.010490 -0.317750 -0.003326 0.999987 -0.003737 0.005311 -0.010502 0.003702 0.999938 7.508402
0.999914 0.005236 0.012040 -0.354696 -0.005183 0.999977 -0.004409 0.002032 -0.012062 0.004346 0.999918 8.784921
0.999894 0.006729 0.012915 -0.384411 -0.006638 0.999953 -0.007129 -0.005575 -0.012962 0.007042 0.999891 10.059050
0.999840 0.010675 0.014377 -0.418847 -0.010525 0.999890 -0.010466 -0.009878 -0.014487 0.010313 0.999842 11.320520
0.999759 0.014882 0.016161 -0.454784 -0.014693 0.999822 -0.011794 -0.036440 -0.016334 0.011554 0.999800 12.622581
0.999658 0.019457 0.017472 -0.473827 -0.019214 0.999718 -0.013948 -0.029067 -0.017739 0.013608 0.999750 13.925947
0.999574 0.021971 0.019221 -0.495276 -0.021709 0.999670 -0.013726 -0.061409 -0.019516 0.013303 0.999721 15.218202
0.999503 0.022765 0.021827 -0.527622 -0.022480 0.999660 -0.013204 -0.063580 -0.022120 0.012707 0.999675 16.524879
0.999478 0.022017 0.023642 -0.539748 -0.021691 0.999667 -0.013957 -0.058565 -0.023941 0.013437 0.999623 17.837189
0.999471 0.022432 0.023535 -0.510062 -0.021985 0.999576 -0.019076 -0.048061 -0.023953 0.018549 0.999541 19.159630
0.999404 0.024003 0.024801 -0.515638 -0.023418 0.999447 -0.023587 -0.043073 -0.025354 0.022992 0.999414 20.471561
0.999266 0.027349 0.026807 -0.513273 -0.026678 0.999330 -0.025076 -0.109654 -0.027475 0.024343 0.999326 21.764141
0.998979 0.033525 0.030271 -0.548529 -0.032780 0.999156 -0.024758 -0.143089 -0.031075 0.023740 0.999235 23.086441
0.998660 0.038664 0.034412 -0.607715 -0.037900 0.999026 -0.022576 -0.189192 -0.035252 0.021242 0.999153 24.434628
0.998486 0.041282 0.036354 -0.590555 -0.040466 0.998919 -0.022880 -0.205260 -0.037259 0.021374 0.999077 25.755230
0.998344 0.044864 0.036019 -0.544059 -0.043812 0.998605 -0.029487 -0.165391 -0.037292 0.027860 0.998916 27.061058
0.998188 0.047909 0.036395 -0.506055 -0.046652 0.998311 -0.034634 -0.165927 -0.037993 0.032873 0.998737 28.345184
0.997978 0.049786 0.039508 -0.533652 -0.048257 0.998083 -0.038754 -0.197845 -0.041362 0.036770 0.998467 29.578192
0.997692 0.053721 0.041523 -0.526464 -0.052051 0.997831 -0.040308 -0.251941 -0.043598 0.038054 0.998324 30.882404
0.997514 0.056223 0.042486 -0.491102 -0.054262 0.997468 -0.045978 -0.231671 -0.044964 0.043558 0.998039 32.187813
0.997277 0.058442 0.044987 -0.500078 -0.056411 0.997386 -0.045155 -0.335701 -0.047509 0.042494 0.997967 33.494785
0.996921 0.061837 0.048222 -0.543542 -0.059652 0.997181 -0.045519 -0.403346 -0.050901 0.042502 0.997799 34.778805
0.996459 0.066382 0.051601 -0.597937 -0.064039 0.996895 -0.045808 -0.467502 -0.054482 0.042342 0.997617 36.104626
0.995901 0.071471 0.055436 -0.645639 -0.068908 0.996523 -0.046834 -0.535638 -0.058590 0.042822 0.997363 37.407730
0.995550 0.075436 0.056480 -0.601510 -0.072748 0.996184 -0.048225 -0.608316 -0.059903 0.043902 0.997238 38.786037
0.994974 0.080314 0.059800 -0.629065 -0.077434 0.995792 -0.049010 -0.686836 -0.063484 0.044133 0.997007 40.118168
0.994601 0.083282 0.061915 -0.627452 -0.080229 0.995509 -0.050257 -0.758075 -0.065822 0.045018 0.996815 41.481171
0.994314 0.085625 0.063302 -0.597352 -0.082365 0.995222 -0.052431 -0.815026 -0.067489 0.046919 0.996616 42.827911
0.993819 0.090359 0.064493 -0.570004 -0.086742 0.994608 -0.056832 -0.827130 -0.069281 0.050886 0.996299 44.124611
0.993261 0.095429 0.065772 -0.557704 -0.091547 0.994009 -0.059709 -0.886028 -0.071076 0.053286 0.996047 45.482040
0.992542 0.101759 0.067128 -0.541974 -0.097672 0.993310 -0.061600 -0.946600 -0.072948 0.054584 0.995841 46.811935
0.991899 0.107015 0.068440 -0.532622 -0.102658 0.992637 -0.064295 -1.020458 -0.074817 0.056748 0.995581 48.161190
0.991050 0.113653 0.070019 -0.526215 -0.108993 0.991774 -0.067124 -1.085881 -0.077072 0.058892 0.995285 49.480606
0.990085 0.120697 0.071863 -0.526882 -0.115635 0.990760 -0.070871 -1.126354 -0.079753 0.061859 0.994893 50.825207
0.989593 0.123829 0.073295 -0.502081 -0.118585 0.990326 -0.072051 -1.238612 -0.081508 0.062609 0.994704 52.249779
0.988862 0.128900 0.074414 -0.452002 -0.123295 0.989488 -0.075574 -1.308223 -0.083373 0.065557 0.994360 53.581875
0.988676 0.130276 0.074483 -0.364739 -0.124371 0.989079 -0.079091 -1.393250 -0.083973 0.068932 0.994081 54.911671
0.988365 0.131246 0.076871 -0.339727 -0.125129 0.988939 -0.079635 -1.521649 -0.086473 0.069089 0.993856 56.290993
0.988093 0.131602 0.079705 -0.305938 -0.125263 0.988900 -0.079914 -1.645534 -0.089337 0.068979 0.993610 57.638680
0.987723 0.132387 0.082930 -0.284532 -0.125799 0.988809 -0.080199 -1.769712 -0.092619 0.068781 0.993323 59.008339
0.987498 0.132456 0.085454 -0.238145 -0.125531 0.988704 -0.081891 -1.882371 -0.095336 0.070140 0.992971 60.352684
0.987471 0.131740 0.086863 -0.154564 -0.124498 0.988649 -0.084104 -1.989686 -0.096957 0.072236 0.992664 61.699268
0.987133 0.132977 0.088801 -0.079249 -0.125402 0.988367 -0.086058 -2.091870 -0.099211 0.073815 0.992325 63.057980
0.986457 0.135832 0.091941 -0.048601 -0.127914 0.987948 -0.087165 -2.221574 -0.102673 0.074224 0.991942 64.401199
0.985206 0.141315 0.096945 -0.072172 -0.133151 0.987349 -0.086094 -2.383838 -0.107885 0.071912 0.991559 65.741844
0.983416 0.148293 0.104410 -0.177532 -0.139823 0.986584 -0.084272 -2.592879 -0.115506 0.068276 0.990957 67.032867
0.982469 0.151437 0.108729 -0.156335 -0.142632 0.986146 -0.084687 -2.689844 -0.120047 0.067694 0.990458 68.344200
0.981601 0.155498 0.110814 -0.073650 -0.146212 0.985372 -0.087543 -2.737397 -0.122806 0.069730 0.989978 69.694481
0.980745 0.158696 0.113818 -0.014912 -0.149084 0.984852 -0.088543 -2.872981 -0.126145 0.069870 0.989548 71.058456
0.979988 0.161089 0.116936 0.041586 -0.151082 0.984419 -0.089969 -2.985016 -0.129607 0.070502 0.989056 72.433144
0.979683 0.161583 0.118798 0.143470 -0.151375 0.984325 -0.090497 -3.107748 -0.131558 0.070675 0.988786 73.788651
0.979356 0.161805 0.121165 0.213771 -0.151250 0.984222 -0.091818 -3.239057 -0.134109 0.071596 0.988377 75.129211
0.979118 0.161212 0.123846 0.265700 -0.150268 0.984243 -0.093193 -3.372522 -0.136918 0.072637 0.987916 76.423012
0.978624 0.161957 0.126745 0.311521 -0.150617 0.984064 -0.094513 -3.484395 -0.140032 0.073403 0.987422 77.724915
0.978137 0.163208 0.128881 0.391104 -0.151639 0.983856 -0.095044 -3.629160 -0.142312 0.073423 0.987095 79.074493
0.977584 0.164224 0.131758 0.428881 -0.152325 0.983670 -0.095868 -3.773361 -0.145350 0.073649 0.986635 80.375710
0.976802 0.166373 0.134829 0.463532 -0.154119 0.983300 -0.096794 -3.895726 -0.148681 0.073769 0.986130 81.674408
0.976470 0.167612 0.135691 0.578642 -0.155055 0.982991 -0.098419 -3.968291 -0.149880 0.075064 0.985851 82.924210
0.975496 0.168967 0.140921 0.535116 -0.156205 0.982926 -0.097250 -4.160709 -0.154947 0.072854 0.985233 84.228836
0.975073 0.170705 0.141746 0.649396 -0.157422 0.982431 -0.100236 -4.215596 -0.156367 0.075424 0.984815 85.430336
0.974580 0.170801 0.144987 0.684324 -0.157016 0.982335 -0.101801 -4.319145 -0.159814 0.076448 0.984183 86.587830
0.974462 0.171120 0.145404 0.835939 -0.156978 0.982132 -0.103802 -4.441182 -0.160569 0.078326 0.983912 87.894913
0.974253 0.171158 0.146755 0.973209 -0.156723 0.982053 -0.104928 -4.593111 -0.162080 0.079227 0.983592 89.193756
0.973328 0.174170 0.149322 1.063058 -0.159205 0.981430 -0.107001 -4.723754 -0.165186 0.080374 0.982982 90.454918
0.972825 0.174871 0.151761 1.180264 -0.159538 0.981265 -0.108011 -4.881520 -0.167806 0.080864 0.982498 91.715141
0.972108 0.177209 0.153636 1.312100 -0.161437 0.980759 -0.109770 -5.023605 -0.170132 0.081906 0.982011 92.997353
0.971144 0.179881 0.156598 1.411651 -0.163853 0.980337 -0.109959 -5.186354 -0.173298 0.081126 0.981522 94.259399
0.970163 0.182509 0.159604 1.523404 -0.166228 0.979919 -0.110124 -5.325704 -0.176498 0.080308 0.981019 95.506264
0.968919 0.187383 0.161507 1.673490 -0.170845 0.979032 -0.110944 -5.457762 -0.178909 0.079903 0.980616 96.771996
0.968561 0.188247 0.162640 1.837100 -0.171083 0.978652 -0.113893 -5.592154 -0.180608 0.082488 0.980090 98.014801
0.968152 0.189035 0.164158 1.980101 -0.171291 0.978325 -0.116359 -5.758974 -0.182595 0.084534 0.979547 99.252968
0.967830 0.190092 0.164832 2.156278 -0.171822 0.977924 -0.118918 -5.897044 -0.183798 0.086771 0.979127 100.490143
0.967342 0.190477 0.167233 2.295586 -0.171972 0.977882 -0.119049 -6.059440 -0.186211 0.086402 0.978703 101.760880
0.967045 0.190689 0.168704 2.495902 -0.172085 0.977881 -0.118890 -6.211824 -0.187643 0.085940 0.978470 103.046989
0.966524 0.190603 0.171760 2.643262 -0.171736 0.977948 -0.118848 -6.393213 -0.190625 0.085372 0.977944 104.312965
0.966032 0.191613 0.173399 2.824638 -0.172059 0.977545 -0.121663 -6.542662 -0.192818 0.087696 0.977308 105.563225
0.965192 0.194516 0.174836 3.001844 -0.174143 0.976717 -0.125295 -6.688973 -0.195137 0.090487 0.976593 106.848244
0.964506 0.196985 0.175854 3.214789 -0.175779 0.975927 -0.129102 -6.821847 -0.197052 0.093608 0.975914 108.109833
0.962914 0.200923 0.180071 3.331877 -0.179265 0.975233 -0.129558 -7.011083 -0.201643 0.092473 0.975084 109.379196
0.961598 0.204005 0.183607 3.499913 -0.182325 0.974838 -0.128255 -7.217313 -0.205151 0.089853 0.974597 110.680649
0.960631 0.205234 0.187264 3.661792 -0.183648 0.974843 -0.126310 -7.420913 -0.208476 0.086947 0.974155 111.987488
0.960180 0.205109 0.189696 3.854948 -0.183253 0.974889 -0.126529 -7.597693 -0.210885 0.086728 0.973656 113.278702
0.959634 0.205879 0.191613 4.068402 -0.183276 0.974533 -0.129210 -7.725267 -0.213335 0.088876 0.972928 114.556831
0.958581 0.208329 0.194221 4.267344 -0.185149 0.973954 -0.130895 -7.892496 -0.216431 0.089514 0.972186 115.832314
0.957237 0.210086 0.198902 4.404108 -0.186465 0.973682 -0.131050 -8.096774 -0.221199 0.088358 0.971218 117.120300
0.956689 0.210668 0.200911 4.626889 -0.186594 0.973495 -0.132253 -8.286708 -0.223448 0.089036 0.970641 118.411545
0.955794 0.212250 0.203489 4.830776 -0.187664 0.973112 -0.133546 -8.476584 -0.226363 0.089455 0.969927 119.728561
0.955265 0.212169 0.206043 5.045230 -0.187153 0.973101 -0.134345 -8.671706 -0.229004 0.089774 0.969277 121.036293
0.954469 0.213531 0.208313 5.275885 -0.188227 0.972836 -0.134765 -8.851014 -0.231431 0.089419 0.968733 122.333084
0.953501 0.214053 0.212172 5.458594 -0.188482 0.972834 -0.134421 -9.060201 -0.235181 0.088180 0.967943 123.631897
0.952985 0.214593 0.213940 5.690398 -0.188735 0.972709 -0.134965 -9.252563 -0.237064 0.088242 0.967478 124.933487
0.952416 0.214710 0.216340 5.896207 -0.188285 0.972601 -0.136363 -9.431193 -0.239692 0.089141 0.966748 126.232811
0.951938 0.215467 0.217686 6.132870 -0.188828 0.972437 -0.136785 -9.630513 -0.241158 0.089105 0.966386 127.563377
0.951377 0.216474 0.219139 6.351652 -0.189177 0.972063 -0.138942 -9.799326 -0.243094 0.090730 0.965750 128.844559
0.950933 0.217505 0.220040 6.574881 -0.189824 0.971755 -0.140209 -9.987883 -0.244321 0.091560 0.965362 130.160965
0.950417 0.219361 0.220426 6.819858 -0.191307 0.971249 -0.141693 -10.149228 -0.245170 0.092498 0.965057 131.430801
0.949697 0.221483 0.221408 7.039529 -0.192836 0.970634 -0.143822 -10.310303 -0.246760 0.093892 0.964517 132.686157
0.949156 0.224157 0.221037 7.291683 -0.195106 0.969888 -0.145773 -10.487276 -0.247057 0.095236 0.964310 133.968704
0.948320 0.226928 0.221794 7.511473 -0.197173 0.969065 -0.148446 -10.658113 -0.248620 0.097043 0.963728 135.235992
0.947766 0.228810 0.222229 7.751318 -0.198573 0.968493 -0.150297 -10.844187 -0.249617 0.098318 0.963340 136.527313
0.947579 0.229062 0.222766 7.974384 -0.197534 0.967955 -0.155062 -11.003736 -0.251147 0.102929 0.962461 137.772064
0.948022 0.226242 0.223762 8.203327 -0.194272 0.968447 -0.156103 -11.216928 -0.252018 0.104519 0.962062 139.039612
0.948497 0.222537 0.225455 8.436074 -0.190459 0.969303 -0.155488 -11.424870 -0.253136 0.104540 0.961766 140.319046
0.948969 0.220573 0.225402 8.698284 -0.188075 0.969534 -0.156944 -11.588582 -0.253153 0.106542 0.961542 141.537003
0.949480 0.220147 0.223657 8.992643 -0.186385 0.968947 -0.162490 -11.762257 -0.252484 0.112595 0.961028 142.766724
0.948787 0.223720 0.223053 9.277548 -0.188765 0.967619 -0.167574 -11.943651 -0.253320 0.116887 0.960295 143.944275
0.947292 0.228742 0.224311 9.529082 -0.192870 0.966242 -0.170813 -12.166186 -0.255810 0.118547 0.959431 145.212646
0.946111 0.231278 0.226681 9.753366 -0.194649 0.965548 -0.172712 -12.375520 -0.258815 0.119282 0.958533 146.467361
0.944794 0.234827 0.228518 10.015789 -0.197811 0.964754 -0.173553 -12.538610 -0.261218 0.118768 0.957945 147.659515
0.944019 0.236281 0.230216 10.286436 -0.198864 0.964395 -0.174343 -12.733078 -0.263213 0.118801 0.957395 148.886673
0.943342 0.237954 0.231267 10.559196 -0.200054 0.963895 -0.175741 -12.948345 -0.264736 0.119518 0.956886 150.159470
0.942492 0.240669 0.231922 10.839579 -0.202147 0.963063 -0.177892 -13.168400 -0.266169 0.120779 0.956330 151.392715
0.941050 0.244716 0.233537 11.123178 -0.205857 0.962132 -0.178677 -13.405573 -0.268419 0.120069 0.955790 152.653229
0.939272 0.250051 0.235038 11.409824 -0.210686 0.960798 -0.180217 -13.660648 -0.270888 0.119754 0.955133 153.942566
0.937561 0.254080 0.237537 11.630672 -0.213567 0.959554 -0.183428 -13.876657 -0.274534 0.121245 0.953903 155.144379
0.935760 0.258756 0.239580 11.883229 -0.217554 0.958302 -0.185275 -14.116668 -0.277531 0.121251 0.953035 156.406921
0.933226 0.264259 0.243427 12.065649 -0.222556 0.957061 -0.185751 -14.366253 -0.282061 0.119172 0.951966 157.642471
0.931330 0.268321 0.246228 12.260444 -0.226216 0.956105 -0.186253 -14.653387 -0.285396 0.117762 0.951147 158.921051
0.930660 0.271004 0.245821 12.560351 -0.227790 0.954923 -0.190354 -14.860588 -0.286327 0.121159 0.950441 160.197784
0.929323 0.274881 0.246576 12.813593 -0.230795 0.953620 -0.193240 -15.119861 -0.288258 0.122674 0.949662 161.473694
0.927242 0.280430 0.248155 13.057509 -0.235548 0.951967 -0.195642 -15.352482 -0.291099 0.122955 0.948759 162.747040
0.924453 0.286634 0.251452 13.284842 -0.241281 0.950393 -0.196309 -15.594233 -0.295247 0.120808 0.947753 164.042053
0.921871 0.290468 0.256482 13.476877 -0.244886 0.949674 -0.195322 -15.873989 -0.300308 0.117253 0.946608 165.347214
0.920105 0.293182 0.259712 13.728703 -0.247657 0.949199 -0.194130 -16.150518 -0.303434 0.114301 0.945972 166.619965
0.920286 0.292214 0.260164 14.037529 -0.246446 0.949415 -0.194615 -16.398479 -0.303872 0.114985 0.945748 167.911011
0.920279 0.291462 0.261030 14.292141 -0.245649 0.949677 -0.194345 -16.683369 -0.304538 0.114730 0.945565 169.211700
0.920906 0.292284 0.257881 14.636271 -0.245062 0.948640 -0.200067 -16.897644 -0.303113 0.121047 0.945236 170.472107
0.920616 0.293925 0.257050 14.917528 -0.245241 0.947515 -0.205116 -17.125586 -0.303848 0.125794 0.944379 171.720383
0.918340 0.299026 0.259297 15.139656 -0.249672 0.946011 -0.206707 -17.375881 -0.307109 0.125088 0.943418 172.987625
0.916465 0.303553 0.260667 15.420977 -0.253278 0.944466 -0.209366 -17.549261 -0.309745 0.125855 0.942454 174.231812
0.913707 0.306388 0.266958 15.564293 -0.256355 0.944298 -0.206356 -17.859499 -0.315313 0.120113 0.941356 175.516968
0.912220 0.308330 0.269791 15.840196 -0.258089 0.943889 -0.206068 -18.118063 -0.318190 0.118349 0.940611 176.794571
0.911354 0.308923 0.272029 16.122379 -0.258360 0.943781 -0.206220 -18.383440 -0.320442 0.117658 0.939933 178.063934
0.910530 0.307716 0.276127 16.331760 -0.256652 0.944293 -0.206012 -18.663465 -0.324138 0.116712 0.938783 179.315231
0.910341 0.307512 0.276976 16.671986 -0.255945 0.944241 -0.207126 -18.927397 -0.325226 0.117665 0.938287 180.595657
0.910280 0.306846 0.277913 17.013664 -0.254706 0.944307 -0.208350 -19.207315 -0.326366 0.118871 0.937739 181.877426
0.909477 0.306950 0.280417 17.307095 -0.254071 0.944217 -0.209529 -19.462286 -0.329090 0.119316 0.936730 183.146240
0.909543 0.304591 0.282764 17.635387 -0.251420 0.944995 -0.209220 -19.752867 -0.330937 0.119202 0.936094 184.433609
0.908994 0.304831 0.284266 17.969481 -0.250656 0.944688 -0.211511 -20.017780 -0.333018 0.121010 0.935123 185.728104
0.908505 0.308113 0.282286 18.378242 -0.252128 0.942887 -0.217707 -20.270308 -0.333242 0.126615 0.934301 187.003555
0.906583 0.314651 0.281250 18.742649 -0.257214 0.940304 -0.222869 -20.553928 -0.334586 0.129708 0.933396 188.248718
0.902485 0.323241 0.284668 19.032171 -0.265350 0.937846 -0.223684 -20.860344 -0.339278 0.126335 0.932164 189.532776
0.897756 0.330349 0.291383 19.273716 -0.273225 0.936479 -0.219900 -21.212336 -0.345518 0.117804 0.930989 190.842743
0.894869 0.333864 0.296216 19.555557 -0.276318 0.935604 -0.219757 -21.508101 -0.350509 0.114804 0.929496 192.180511
0.893683 0.335798 0.297607 19.901802 -0.277551 0.934859 -0.221371 -21.795004 -0.352556 0.115234 0.928669 193.492401
0.893756 0.336577 0.296507 20.309071 -0.277791 0.934337 -0.223263 -22.086168 -0.352182 0.117176 0.928568 194.796631
0.893727 0.336524 0.296653 20.685316 -0.277350 0.934237 -0.224229 -22.415239 -0.352602 0.118123 0.928288 196.111267
0.892690 0.339279 0.296637 21.069510 -0.279691 0.933196 -0.225650 -22.730780 -0.353379 0.118469 0.927949 197.424301
0.890408 0.343950 0.298113 21.406082 -0.283663 0.931541 -0.227522 -23.019278 -0.355961 0.118024 0.927018 198.706406
0.888561 0.347093 0.299976 21.759258 -0.286406 0.930511 -0.228300 -23.319712 -0.358372 0.116943 0.926226 200.026016
0.887666 0.348733 0.300725 22.130753 -0.287223 0.929750 -0.230363 -23.626131 -0.359934 0.118110 0.925472 201.361526
0.887296 0.350504 0.299755 22.561636 -0.288138 0.928780 -0.233118 -23.927345 -0.360115 0.120474 0.925096 202.697617
0.886600 0.351206 0.300990 22.927372 -0.288254 0.928454 -0.234270 -24.260981 -0.361732 0.120942 0.924404 204.020050
0.884690 0.353246 0.304205 23.218340 -0.289338 0.927722 -0.235828 -24.579168 -0.365523 0.120617 0.922954 205.367523
0.882753 0.354870 0.307920 23.502594 -0.290126 0.927215 -0.236851 -24.917366 -0.369559 0.119745 0.921459 206.726486
0.881200 0.358399 0.308279 23.895258 -0.292646 0.925695 -0.239681 -25.210032 -0.371274 0.120991 0.920607 208.020859
0.879148 0.361512 0.310496 24.239241 -0.295008 0.924557 -0.241174 -25.558661 -0.374258 0.120429 0.919471 209.399719
0.877272 0.364851 0.311893 24.616495 -0.297227 0.923140 -0.243864 -25.869686 -0.376894 0.121232 0.918288 210.741684
0.874509 0.368378 0.315485 24.920288 -0.299523 0.921806 -0.246088 -26.185747 -0.381470 0.120711 0.916466 212.067535
0.872091 0.372143 0.317753 25.277168 -0.301645 0.920129 -0.249746 -26.483032 -0.385315 0.121952 0.914691 213.401688
0.870857 0.373565 0.319464 25.672207 -0.301973 0.919421 -0.251947 -26.833620 -0.387840 0.122941 0.913491 214.762085
0.868839 0.376795 0.321161 26.071663 -0.303753 0.917935 -0.255203 -27.150455 -0.390964 0.124177 0.911991 216.095581
0.866792 0.378163 0.325059 26.427395 -0.304087 0.917468 -0.256483 -27.519157 -0.395224 0.123471 0.910249 217.461655
0.864713 0.380203 0.328202 26.793339 -0.304803 0.916592 -0.258756 -27.863651 -0.399207 0.123713 0.908476 218.807602
0.862849 0.382875 0.329998 27.209799 -0.306042 0.915321 -0.261775 -28.213854 -0.402281 0.124879 0.906959 220.155334
0.860968 0.384582 0.332911 27.607746 -0.306702 0.914632 -0.263406 -28.610680 -0.405793 0.124680 0.905421 221.526505
0.856157 0.387932 0.341327 27.855804 -0.308658 0.913724 -0.264272 -29.004641 -0.414398 0.120905 0.902029 222.869141
0.851706 0.391351 0.348485 28.175554 -0.311199 0.912796 -0.264496 -29.409630 -0.421606 0.116825 0.899222 224.220840
0.849470 0.393825 0.351145 28.624941 -0.312451 0.911731 -0.266685 -29.795862 -0.425177 0.116826 0.897539 225.586609
0.846919 0.396780 0.353969 29.047472 -0.312597 0.910053 -0.272189 -30.127583 -0.430129 0.119873 0.894773 226.925873
0.844339 0.400102 0.356386 29.494583 -0.314242 0.908503 -0.275453 -30.530815 -0.433987 0.120584 0.892813 228.258179
0.840640 0.406965 0.357358 29.985165 -0.319839 0.905514 -0.278832 -30.926157 -0.437067 0.120100 0.891374 229.647354
0.835541 0.414878 0.360205 30.391851 -0.326121 0.902112 -0.282559 -31.288809 -0.442172 0.118619 0.889052 230.973633
0.831137 0.422877 0.361089 30.853062 -0.332297 0.898374 -0.287234 -31.643307 -0.445858 0.118742 0.887193 232.274170
0.827138 0.430272 0.361537 31.334896 -0.337108 0.894579 -0.293406 -31.973024 -0.449667 0.120810 0.884988 233.626404
0.822541 0.437998 0.362744 31.795006 -0.341730 0.890508 -0.300358 -32.268887 -0.454583 0.123096 0.882157 234.923050
0.818736 0.445393 0.362348 32.325573 -0.347682 0.886807 -0.304452 -32.667042 -0.456933 0.123284 0.880916 236.247711
0.813957 0.454515 0.361787 32.830406 -0.355350 0.882227 -0.308872 -33.023857 -0.459565 0.122848 0.879607 237.503143
0.810644 0.460395 0.361791 33.323654 -0.359314 0.878995 -0.313466 -33.405014 -0.462331 0.124113 0.877979 238.754379
0.806576 0.464595 0.365494 33.715248 -0.361855 0.876969 -0.316206 -33.848595 -0.467435 0.122788 0.875458 240.070023
0.804612 0.467115 0.366611 34.203815 -0.362341 0.875358 -0.320091 -34.254719 -0.470435 0.124710 0.873578 241.366348
0.802560 0.469009 0.368683 34.615211 -0.362271 0.874158 -0.323431 -34.644760 -0.473979 0.126009 0.871473 242.576965
0.802431 0.473966 0.362575 35.227516 -0.363954 0.870210 -0.332074 -34.789722 -0.472908 0.134506 0.870785 243.560760
0.797636 0.478270 0.367471 35.502274 -0.365932 0.868062 -0.335503 -35.068260 -0.479449 0.133140 0.867411 244.619965
0.794050 0.483491 0.368404 35.974194 -0.370455 0.865435 -0.337321 -35.477867 -0.481921 0.131373 0.866310 245.801575
0.793715 0.484670 0.367575 36.460701 -0.370521 0.864453 -0.339757 -35.882038 -0.482421 0.133477 0.865710 246.866104
0.792701 0.486481 0.367371 36.965508 -0.370966 0.863158 -0.342554 -36.341145 -0.483745 0.135260 0.864694 248.086639
0.790559 0.488034 0.369918 37.417435 -0.371687 0.862466 -0.343514 -36.857391 -0.486688 0.134074 0.863226 249.361496
0.787627 0.489622 0.374051 37.840977 -0.372511 0.861958 -0.343894 -37.384850 -0.490794 0.131523 0.861291 250.655441
0.786196 0.491575 0.374500 38.386478 -0.373618 0.860809 -0.345568 -37.882572 -0.492245 0.131765 0.860426 251.877090
0.783447 0.493658 0.377508 38.838238 -0.374458 0.859786 -0.347203 -38.373291 -0.495975 0.130654 0.858451 253.104889
0.780812 0.496108 0.379749 39.311516 -0.375314 0.858392 -0.349719 -38.840885 -0.499471 0.130540 0.856439 254.334747
0.779821 0.497142 0.380433 39.853386 -0.374584 0.857485 -0.352712 -39.318523 -0.501564 0.132548 0.854906 255.610428
0.778753 0.497581 0.382042 40.378803 -0.372604 0.856814 -0.356421 -39.786179 -0.504688 0.135214 0.852647 256.940948
0.776877 0.497735 0.385645 40.850632 -0.371729 0.856902 -0.357122 -40.331604 -0.508212 0.134084 0.850730 258.203949
0.774566 0.499179 0.388417 41.346722 -0.371983 0.856194 -0.358552 -40.849010 -0.511542 0.133238 0.848865 259.497437
0.773426 0.500022 0.389603 41.881039 -0.371737 0.855625 -0.360163 -41.356937 -0.513443 0.133730 0.847639 260.741577
0.774500 0.500504 0.386841 42.482861 -0.369795 0.854391 -0.365059 -41.817127 -0.513227 0.139686 0.846809 261.955750
0.775695 0.500083 0.384986 43.075714 -0.367189 0.853753 -0.369159 -42.307873 -0.513293 0.144993 0.845877 263.247375
0.773866 0.501272 0.387114 43.558350 -0.367781 0.853273 -0.369680 -42.876823 -0.515624 0.143710 0.844677 264.567871
0.772766 0.501361 0.389191 44.035366 -0.366015 0.852988 -0.372082 -43.363472 -0.518523 0.145082 0.842666 265.827881
0.774243 0.501325 0.386290 44.667362 -0.363810 0.851985 -0.376515 -43.797485 -0.517870 0.150978 0.842031 267.091522
0.773117 0.502202 0.387405 45.163006 -0.363697 0.851417 -0.377907 -44.326145 -0.519629 0.151269 0.840894 268.344940
0.770424 0.503778 0.390710 45.600121 -0.364627 0.850907 -0.378158 -44.876564 -0.522966 0.148879 0.839251 269.621796
0.768924 0.506299 0.390406 46.117519 -0.366136 0.849304 -0.380299 -45.351101 -0.524118 0.149479 0.838425 270.824707
0.768215 0.509228 0.387985 46.700928 -0.368310 0.847256 -0.382761 -45.769321 -0.523635 0.151144 0.838428 271.990021
0.765529 0.513288 0.387944 47.227795 -0.372319 0.845154 -0.383527 -46.269753 -0.524732 0.149162 0.838097 273.218597
0.763784 0.516687 0.386870 47.830502 -0.375222 0.843098 -0.385219 -46.809406 -0.525207 0.149062 0.837817 274.445679
0.761767 0.518900 0.387884 48.378326 -0.376579 0.841846 -0.386632 -47.387653 -0.527162 0.148455 0.836697 275.740997
0.760706 0.521231 0.386838 48.978024 -0.378199 0.840270 -0.388474 -47.948555 -0.527533 0.149213 0.836328 277.005859
0.759097 0.524795 0.385178 49.531471 -0.380540 0.837796 -0.391519 -48.455364 -0.528168 0.150625 0.835674 278.185028
0.759910 0.530352 0.375850 50.273388 -0.384324 0.832892 -0.398230 -48.883293 -0.524244 0.158171 0.836750 279.301178
0.758877 0.535167 0.371081 50.880829 -0.387390 0.829001 -0.403344 -49.348579 -0.523483 0.162336 0.836428 280.490906
0.757937 0.545601 0.357563 51.695343 -0.397893 0.821031 -0.409377 -49.759563 -0.516926 0.168010 0.839381 281.631012
0.754894 0.552754 0.352986 52.284176 -0.404761 0.816142 -0.412409 -50.247311 -0.516047 0.168450 0.839833 282.870880
0.749323 0.559714 0.353887 52.791164 -0.411430 0.812247 -0.413498 -50.790260 -0.518884 0.164243 0.838918 284.172760
0.744512 0.565763 0.354422 53.315697 -0.415998 0.808363 -0.416526 -51.296612 -0.522157 0.162670 0.837192 285.449280
0.740378 0.572532 0.352204 53.894161 -0.421203 0.803489 -0.420705 -51.846985 -0.523859 0.163132 0.836038 286.745392
0.736403 0.579460 0.349194 54.443932 -0.425387 0.797933 -0.427023 -52.369217 -0.526076 0.165918 0.834095 287.984467
0.734063 0.582132 0.349677 54.935108 -0.426713 0.795979 -0.429340 -52.999878 -0.528268 0.165950 0.832702 289.271393
0.731475 0.584880 0.350513 55.409393 -0.428015 0.794004 -0.431694 -53.604725 -0.530798 0.165749 0.831132 290.531738
0.729243 0.587119 0.351422 55.887154 -0.428842 0.792359 -0.433891 -54.220993 -0.533198 0.165707 0.829603 291.814362
0.726411 0.590559 0.351522 56.377605 -0.430808 0.789796 -0.436608 -54.854507 -0.535473 0.165719 0.828134 293.088287
0.724014 0.592726 0.352818 56.828819 -0.431335 0.788185 -0.438994 -55.479362 -0.538289 0.165655 0.826320 294.351135
0.722802 0.591862 0.356730 57.270214 -0.429670 0.789202 -0.438798 -56.151306 -0.541240 0.163888 0.824742 295.651123
0.721596 0.591802 0.359262 57.711205 -0.428828 0.789468 -0.439144 -56.809669 -0.543512 0.162823 0.823458 296.910126
0.720920 0.592467 0.359523 58.201561 -0.428111 0.788686 -0.441243 -57.468597 -0.544973 0.164185 0.822221 298.184479
0.719120 0.593978 0.360634 58.701195 -0.429146 0.787805 -0.441810 -58.153564 -0.546535 0.162950 0.821430 299.440826
0.717898 0.595691 0.360243 59.211315 -0.429795 0.786343 -0.443780 -58.840405 -0.547630 0.163758 0.820539 300.727020
0.716739 0.598515 0.357862 59.754055 -0.431392 0.783754 -0.446801 -59.526714 -0.547893 0.165861 0.819941 302.013702
0.714701 0.600771 0.358157 60.256275 -0.433447 0.782322 -0.447322 -60.202526 -0.548932 0.164459 0.819528 303.284149
0.711900 0.602432 0.360934 60.739487 -0.435746 0.781964 -0.445711 -60.898087 -0.550748 0.160026 0.819187 304.607147
0.708167 0.604048 0.365547 61.132233 -0.437230 0.781711 -0.444700 -61.570793 -0.554373 0.155094 0.817690 305.925720
0.706510 0.607391 0.363208 61.686825 -0.439280 0.778764 -0.447838 -62.215218 -0.554866 0.156852 0.817020 307.230927
0.705075 0.609406 0.362621 62.148434 -0.439673 0.776885 -0.450708 -62.831783 -0.556379 0.158349 0.815701 308.471771
0.703011 0.611036 0.363883 62.607552 -0.441022 0.775967 -0.450971 -63.498196 -0.557921 0.156557 0.814994 309.734039
0.700623 0.613311 0.364660 63.090672 -0.441872 0.774211 -0.453152 -64.148689 -0.560247 0.156356 0.813435 311.023041
0.698954 0.617228 0.361237 63.693005 -0.444727 0.770692 -0.456346 -64.812904 -0.560072 0.158313 0.813177 312.238068
0.696977 0.618362 0.363114 64.142998 -0.444005 0.769761 -0.458615 -65.500259 -0.563101 0.158419 0.811061 313.528534
0.694230 0.620689 0.364403 64.620270 -0.444564 0.767949 -0.461105 -66.162781 -0.566046 0.158113 0.809069 314.786346
0.691714 0.622781 0.365616 65.120491 -0.444904 0.766281 -0.463544 -66.860390 -0.568851 0.157977 0.807126 316.092590
0.689355 0.625678 0.365125 65.647896 -0.445795 0.763676 -0.466975 -67.529373 -0.571014 0.159140 0.805368 317.336761
0.685576 0.630448 0.364034 66.186378 -0.447685 0.759420 -0.472079 -68.179153 -0.574076 0.160674 0.802882 318.624481
0.681464 0.633751 0.366014 66.655441 -0.447860 0.756667 -0.476314 -68.827248 -0.578816 0.160668 0.799474 319.883118
0.678950 0.636486 0.365941 67.184189 -0.448330 0.754138 -0.479871 -69.527992 -0.581401 0.161746 0.797378 321.134979
0.676570 0.638836 0.366254 67.692696 -0.447314 0.751634 -0.484724 -70.209946 -0.584948 0.164119 0.794293 322.422028
0.672336 0.642583 0.367494 68.215088 -0.448483 0.748559 -0.488389 -70.866219 -0.588921 0.163547 0.791470 323.673126
0.669773 0.643052 0.371334 68.676208 -0.446425 0.748307 -0.490655 -71.593163 -0.593388 0.162854 0.788270 324.969543
0.666773 0.644644 0.373963 69.145981 -0.444356 0.746722 -0.494928 -72.298660 -0.598299 0.163832 0.784345 326.265991
0.664032 0.648313 0.372494 69.740715 -0.445622 0.743186 -0.499094 -73.029388 -0.600402 0.165423 0.782402 327.534912
0.659499 0.652370 0.373463 70.290298 -0.447742 0.739985 -0.501946 -73.781242 -0.603811 0.163817 0.780113 328.830292
0.653603 0.655680 0.378004 70.717117 -0.448441 0.737846 -0.504464 -74.470467 -0.609676 0.160207 0.776292 330.014954
0.648639 0.659359 0.380149 71.238159 -0.450709 0.735247 -0.506235 -75.261314 -0.613294 0.157027 0.774089 331.291748
0.645156 0.664323 0.377424 71.827858 -0.453566 0.730518 -0.510511 -75.971008 -0.614859 0.158173 0.772612 332.471771
0.641784 0.665026 0.381907 72.283051 -0.451728 0.730260 -0.512506 -76.741028 -0.619721 0.156400 0.769080 333.735931
0.638797 0.667469 0.382654 72.820168 -0.451623 0.727961 -0.515859 -77.476830 -0.622877 0.156713 0.766463 334.923431
0.636251 0.669480 0.383381 73.396217 -0.452271 0.726270 -0.517670 -78.277908 -0.625008 0.155976 0.764876 336.148743
0.633375 0.670989 0.385500 73.942940 -0.452905 0.725351 -0.518403 -79.083466 -0.627466 0.153749 0.763314 337.359619
0.631122 0.672417 0.386705 74.485626 -0.452904 0.724171 -0.520052 -79.885872 -0.629732 0.153076 0.761581 338.581268
0.629647 0.674034 0.386293 75.049141 -0.453378 0.722590 -0.521836 -80.640709 -0.630867 0.153436 0.760569 339.706390
0.625706 0.676330 0.388677 75.510109 -0.453972 0.720916 -0.523632 -81.375305 -0.634351 0.151191 0.758116 340.884369
0.621454 0.679758 0.389518 76.060974 -0.457060 0.718373 -0.524440 -82.154579 -0.636311 0.147882 0.757125 342.038513
0.618345 0.681451 0.391503 76.594223 -0.457925 0.717259 -0.525209 -82.980026 -0.638713 0.145482 0.755566 343.252563
0.616218 0.682653 0.392760 77.139130 -0.458070 0.716326 -0.526355 -83.806175 -0.640662 0.144438 0.754116 344.455200
0.613558 0.684218 0.394198 77.682053 -0.458751 0.715180 -0.527319 -84.619965 -0.642723 0.142702 0.752690 345.638641
