1.000000 0.000000 0.000000 0.000000 0.000000 1.000000 0.000000 0.000000 0.000000 0.000000 1.000000 0.000000
1.000000 -0.000160 -0.000255 0.002456 0.000160 0.999999 0.001021 0.002287 0.000255 -0.001021 0.999999 1.368196
0.999999 -0.000863 -0.000632 0.005586 0.000863 1.000000 0.000466 0.006015 0.000632 -0.000467 1.000000 2.702788
0.999997 -0.001903 -0.001725 0.040754 0.001902 0.999998 -0.001096 0.001573 0.001727 0.001093 0.999998 4.082907
0.999996 -0.002329 -0.001429 0.041708 0.002327 0.999997 -0.001048 -0.013542 0.001432 0.001045 0.999998 5.401179
0.999997 -0.002549 -0.000439 0.015661 0.002548 0.999997 -0.000618 -0.019354 0.000441 0.000617 1.000000 6.698064
0.999993 -0.003721 -0.000077 0.009565 0.003721 0.999993 -0.000022 -0.021377 0.000077 0.000021 1.000000 8.042659
0.999994 -0.003503 0.000212 -0.003017 0.003503 0.999994 0.000416 -0.033232 -0.000213 -0.000415 1.000000 9.356685
0.999996 -0.002802 0.000786 -0.027915 0.002803 0.999995 -0.001592 -0.043650 -0.000782 0.001595 0.999998 10.669424
1.000000 0.000150 0.000701 -0.024141 -0.000147 0.999990 -0.004404 -0.047252 -0.000701 0.004404 0.999990 12.027948
0.999993 0.003227 0.001857 -0.050304 -0.003217 0.999981 -0.005185 -0.069579 -0.001874 0.005179 0.999985 13.383010
0.999979 0.005623 0.003287 -0.089068 -0.005605 0.999969 -0.005522 -0.087309 -0.003318 0.005503 0.999979 14.709432
0.999973 0.006527 0.003459 -0.087500 -0.006510 0.999967 -0.004891 -0.104973 -0.003491 0.004868 0.999982 16.090816
0.999983 0.003886 0.004451 -0.097972 -0.003875 0.999990 -0.002308 -0.118752 -0.004460 0.002291 0.999987 17.467346
0.999987 -0.000435 0.005173 -0.101892 0.000437 1.000000 -0.000469 -0.142227 -0.005173 0.000472 0.999987 18.846302
0.999982 -0.002279 0.005492 -0.104597 0.002298 0.999991 -0.003546 -0.145939 -0.005484 0.003558 0.999979 20.235800
0.999978 -0.003359 0.005699 -0.102319 0.003392 0.999978 -0.005680 -0.165514 -0.005680 0.005700 0.999968 21.636454
0.999977 -0.001351 0.006590 -0.105484 0.001399 0.999972 -0.007301 -0.189368 -0.006580 0.007310 0.999952 23.022253
0.999972 0.000802 0.007470 -0.095079 -0.000765 0.999987 -0.005035 -0.215296 -0.007474 0.005029 0.999959 24.430538
0.999970 0.001665 0.007574 -0.071388 -0.001652 0.999997 -0.001660 -0.236782 -0.007577 0.001647 0.999970 25.866600
0.999972 -0.000640 0.007449 -0.041496 0.000638 1.000000 0.000297 -0.255056 -0.007449 -0.000293 0.999972 27.285583
0.999964 -0.005401 0.006599 -0.010254 0.005413 0.999984 -0.001737 -0.269443 -0.006589 0.001773 0.999977 28.687954
0.999963 -0.005561 0.006576 0.000177 0.005590 0.999975 -0.004315 -0.283255 -0.006552 0.004352 0.999969 30.087927
0.999955 -0.005920 0.007362 0.000380 0.005974 0.999955 -0.007318 -0.291513 -0.007319 0.007362 0.999946 31.462605
0.999964 -0.003440 0.007749 0.010401 0.003502 0.999962 -0.007995 -0.315719 -0.007721 0.008021 0.999938 32.845577
0.999962 -0.002935 0.008259 0.013371 0.003021 0.999940 -0.010486 -0.329249 -0.008228 0.010510 0.999911 34.230495
0.999965 -0.002752 0.007951 0.027558 0.002835 0.999941 -0.010461 -0.337426 -0.007921 0.010483 0.999914 35.619114
0.999962 -0.003489 0.008041 0.036315 0.003566 0.999949 -0.009487 -0.354473 -0.008008 0.009515 0.999923 36.997032
0.999966 -0.002767 0.007738 0.044696 0.002828 0.999965 -0.007897 -0.381491 -0.007716 0.007919 0.999939 38.404388
0.999972 -0.000710 0.007483 0.060817 0.000769 0.999968 -0.007927 -0.392100 -0.007478 0.007933 0.999941 39.824074
0.999964 0.001061 0.008451 0.050609 -0.000991 0.999965 -0.008309 -0.411934 -0.008459 0.008300 0.999930 41.231934
0.999963 0.002299 0.008345 0.055567 -0.002237 0.999970 -0.007470 -0.440837 -0.008361 0.007451 0.999937 42.666290
0.999962 0.002721 0.008298 0.059171 -0.002653 0.999964 -0.008119 -0.450332 -0.008320 0.008097 0.999933 44.085209
0.999971 0.001879 0.007335 0.077664 -0.001815 0.999961 -0.008634 -0.463478 -0.007351 0.008620 0.999936 45.507977
0.999974 0.002113 0.006849 0.074600 -0.002043 0.999945 -0.010312 -0.462705 -0.006870 0.010298 0.999923 46.926128
0.999980 0.000928 0.006309 0.069351 -0.000863 0.999947 -0.010301 -0.480700 -0.006318 0.010295 0.999927 48.339199
0.999981 0.002766 0.005563 0.059387 -0.002707 0.999941 -0.010555 -0.473029 -0.005592 0.010540 0.999929 49.742485
0.999981 0.002934 0.005455 0.029075 -0.002873 0.999933 -0.011222 -0.487250 -0.005488 0.011207 0.999922 51.127731
0.999987 0.002409 0.004559 0.017603 -0.002359 0.999938 -0.010883 -0.506515 -0.004585 0.010872 0.999930 52.580482
0.999990 0.002012 0.003896 0.000025 -0.001971 0.999944 -0.010389 -0.519211 -0.003917 0.010381 0.999938 54.001404
0.999993 -0.000114 0.003652 -0.018246 0.000151 0.999949 -0.010075 -0.524085 -0.003651 0.010075 0.999943 55.432194
0.999992 -0.002157 0.003254 -0.030086 0.002192 0.999940 -0.010703 -0.528355 -0.003230 0.010710 0.999937 56.886162
0.999982 -0.005433 0.002465 -0.023513 0.005460 0.999924 -0.011055 -0.554582 -0.002405 0.011068 0.999936 58.359890
0.999974 -0.006672 0.002711 -0.036501 0.006702 0.999915 -0.011193 -0.574049 -0.002636 0.011211 0.999934 59.822872
0.999958 -0.008549 0.003162 -0.040348 0.008583 0.999904 -0.010879 -0.595188 -0.003069 0.010906 0.999936 61.266003
0.999934 -0.010891 0.003739 -0.041879 0.010929 0.999888 -0.010273 -0.611882 -0.003626 0.010313 0.999940 62.702763
0.999894 -0.014001 0.004080 -0.035823 0.014045 0.999841 -0.010984 -0.625259 -0.003925 0.011040 0.999931 64.138336
0.999855 -0.016233 0.005216 -0.048703 0.016296 0.999792 -0.012270 -0.644768 -0.005016 0.012353 0.999911 65.584686
0.999837 -0.017096 0.005859 -0.053425 0.017171 0.999768 -0.012983 -0.665360 -0.005635 0.013082 0.999899 67.024506
0.999854 -0.015662 0.006802 -0.064048 0.015756 0.999780 -0.013869 -0.667658 -0.006584 0.013975 0.999881 68.465111
0.999893 -0.012626 0.007421 -0.074386 0.012722 0.999833 -0.013116 -0.675868 -0.007254 0.013209 0.999886 69.933250
