1.000000 0.000000 0.000000 0.000000 0.000000 1.000000 0.000000 0.000000 0.000000 0.000000 1.000000 0.000000
1.000000 0.000000 0.000000 0.000000 0.000000 1.000000 0.000000 0.000000 0.000000 0.000000 1.000000 0.000000
1.000000 0.000000 0.000000 0.000000 0.000000 1.000000 0.000000 0.000000 0.000000 0.000000 1.000000 0.000000
1.000000 0.000000 0.000000 0.000000 0.000000 1.000000 0.000000 0.000000 0.000000 0.000000 1.000000 0.000000
0.999925 -0.000449 -0.012252 -0.002500 0.000401 0.999992 -0.003940 -0.026881 0.012254 0.003934 0.999917 2.118872
0.999754 0.000897 -0.022146 -0.023984 -0.001009 0.999987 -0.005018 -0.047894 0.022141 0.005039 0.999742 3.608668
0.999631 0.001992 -0.027104 -0.047337 -0.002149 0.999981 -0.005735 -0.062003 0.027092 0.005791 0.999616 4.378092
0.999485 0.004554 -0.031772 -0.082733 -0.004748 0.999970 -0.006043 -0.074032 0.031744 0.006191 0.999477 5.170437
0.999327 0.005989 -0.036186 -0.117079 -0.006176 0.999968 -0.005080 -0.086229 0.036154 0.005300 0.999332 5.982794
0.999327 0.005989 -0.036186 -0.117079 -0.006176 0.999968 -0.005080 -0.086229 0.036154 0.005300 0.999332 5.982794
0.998991 0.006494 -0.044433 -0.194278 -0.006536 0.999978 -0.000801 -0.137174 0.044426 0.001091 0.999012 7.580688
0.998859 0.007320 -0.047184 -0.240232 -0.007366 0.999973 -0.000819 -0.149566 0.047177 0.001166 0.998886 8.406184
0.998771 0.007226 -0.049035 -0.288009 -0.007311 0.999972 -0.001564 -0.159320 0.049022 0.001920 0.998796 9.235926
0.998714 0.005329 -0.050418 -0.321528 -0.005429 0.999984 -0.001853 -0.174490 0.050407 0.002124 0.998726 10.079237
0.998714 0.005329 -0.050418 -0.321528 -0.005429 0.999984 -0.001853 -0.174490 0.050407 0.002124 0.998726 10.079237
0.998479 0.003760 -0.054997 -0.401102 -0.003782 0.999993 -0.000311 -0.209036 0.054995 0.000518 0.998487 11.742753
0.998322 0.004792 -0.057702 -0.457901 -0.004908 0.999986 -0.001856 -0.225448 0.057692 0.002137 0.998332 12.620948
0.998191 0.005725 -0.059850 -0.518679 -0.005970 0.999974 -0.003918 -0.241968 0.059826 0.004269 0.998200 13.515203
0.998107 0.008875 -0.060852 -0.588444 -0.009213 0.999944 -0.005278 -0.258667 0.060802 0.005829 0.998133 14.398214
0.998107 0.008875 -0.060852 -0.588444 -0.009213 0.999944 -0.005278 -0.258667 0.060802 0.005829 0.998133 14.398214
0.997974 0.011013 -0.062659 -0.697258 -0.011334 0.999924 -0.004766 -0.285021 0.062602 0.005466 0.998024 16.160791
0.997833 0.011367 -0.064809 -0.757347 -0.011617 0.999926 -0.003492 -0.306201 0.064764 0.004238 0.997892 17.087553
0.997745 0.011493 -0.066135 -0.819604 -0.011721 0.999927 -0.003063 -0.328850 0.066095 0.003831 0.997806 18.015877
0.997618 0.011502 -0.068022 -0.884028 -0.011827 0.999920 -0.004374 -0.343090 0.067966 0.005168 0.997674 18.925425
0.997735 0.009340 -0.066615 -0.938173 -0.009601 0.999947 -0.003601 -0.355975 0.066578 0.004233 0.997772 19.771627
0.997735 0.009340 -0.066615 -0.938173 -0.009601 0.999947 -0.003601 -0.355975 0.066578 0.004233 0.997772 19.771627
0.997735 0.009340 -0.066615 -0.938173 -0.009601 0.999947 -0.003601 -0.355975 0.066578 0.004233 0.997772 19.771627
0.997735 0.009340 -0.066615 -0.938173 -0.009601 0.999947 -0.003601 -0.355975 0.066578 0.004233 0.997772 19.771627
0.997735 0.009340 -0.066615 -0.938173 -0.009601 0.999947 -0.003601 -0.355975 0.066578 0.004233 0.997772 19.771627
0.997874 0.010010 -0.064394 -1.202888 -0.009673 0.999938 0.005538 -0.426671 0.064445 -0.004903 0.997909 23.562824
0.998044 0.009048 -0.061861 -1.324859 -0.008668 0.999942 0.006413 -0.433889 0.061915 -0.005864 0.998064 25.418602
0.998133 0.008832 -0.060439 -1.393282 -0.008747 0.999960 0.001667 -0.442594 0.060452 -0.001136 0.998170 26.370995
0.998239 0.008337 -0.058739 -1.454472 -0.008436 0.999963 -0.001446 -0.454084 0.058725 0.001939 0.998272 27.327763
0.998296 0.006813 -0.057950 -1.509161 -0.006880 0.999976 -0.000952 -0.470932 0.057942 0.001349 0.998319 28.300274
0.998296 0.006813 -0.057950 -1.509161 -0.006880 0.999976 -0.000952 -0.470932 0.057942 0.001349 0.998319 28.300274
0.998201 0.008019 -0.059423 -1.626929 -0.007591 0.999944 0.007417 -0.505442 0.059479 -0.006953 0.998205 30.256033
0.998184 0.000478 -0.060239 -1.658218 -0.000084 0.999979 0.006548 -0.517860 0.060241 -0.006531 0.998163 31.237314
0.998083 -0.001697 -0.061858 -1.709621 0.001898 0.999993 0.003189 -0.529384 0.061853 -0.003300 0.998080 32.222153
0.997972 -0.001399 -0.063632 -1.774169 0.001382 0.999999 -0.000303 -0.539414 0.063632 0.000214 0.997973 33.206108
0.997972 -0.001399 -0.063632 -1.774169 0.001382 0.999999 -0.000303 -0.539414 0.063632 0.000214 0.997973 33.206108
0.997798 -0.001472 -0.066313 -1.915020 0.001545 0.999998 0.001050 -0.569278 0.066311 -0.001150 0.997798 35.163792
0.997687 0.000155 -0.067980 -1.993759 0.000056 0.999995 0.003111 -0.578364 0.067980 -0.003108 0.997682 36.202946
0.997616 0.000506 -0.069009 -2.071615 -0.000222 0.999991 0.004124 -0.592441 0.069011 -0.004099 0.997607 37.214222
0.997539 0.000187 -0.070110 -2.143205 0.000228 0.999983 0.005903 -0.600046 0.070110 -0.005904 0.997522 38.233459
0.997539 0.000187 -0.070110 -2.143205 0.000228 0.999983 0.005903 -0.600046 0.070110 -0.005904 0.997522 38.233459
0.997503 0.009240 -0.070024 -2.310303 -0.008357 0.999882 0.012889 -0.632409 0.070135 -0.012271 0.997462 40.191582
0.997505 0.009608 -0.069945 -2.387495 -0.008780 0.999888 0.012129 -0.634158 0.070054 -0.011485 0.997477 41.196541
0.997540 0.009482 -0.069450 -2.458996 -0.008769 0.999906 0.010563 -0.647335 0.069543 -0.009928 0.997530 42.191437
0.997560 0.012229 -0.068729 -2.546461 -0.011677 0.999896 0.008438 -0.659256 0.068825 -0.007615 0.997600 43.185059
0.997396 0.011931 -0.071133 -2.610611 -0.011236 0.999885 0.010158 -0.664917 0.071246 -0.009333 0.997415 44.145050
0.997396 0.011931 -0.071133 -2.610611 -0.011236 0.999885 0.010158 -0.664917 0.071246 -0.009333 0.997415 44.145050
0.997396 0.011931 -0.071133 -2.610611 -0.011236 0.999885 0.010158 -0.664917 0.071246 -0.009333 0.997415 44.145050
0.997396 0.011931 -0.071133 -2.610611 -0.011236 0.999885 0.010158 -0.664917 0.071246 -0.009333 0.997415 44.145050
0.997396 0.011931 -0.071133 -2.610611 -0.011236 0.999885 0.010158 -0.664917 0.071246 -0.009333 0.997415 44.145050
0.997104 0.015429 -0.074471 -2.920303 -0.015112 0.999874 0.004813 -0.707710 0.074536 -0.003674 0.997212 48.119316
0.997069 0.015333 -0.074955 -3.072203 -0.014884 0.999868 0.006535 -0.734593 0.075046 -0.005400 0.997165 50.029381
0.997042 0.013027 -0.075746 -3.142982 -0.012365 0.999881 0.009212 -0.753108 0.075857 -0.008248 0.997085 51.027077
0.997017 0.011881 -0.076264 -3.219823 -0.011195 0.999893 0.009427 -0.759425 0.076368 -0.008545 0.997043 52.003193
0.997015 0.008323 -0.076757 -3.287790 -0.007732 0.999938 0.007994 -0.767199 0.076819 -0.007377 0.997018 52.971886
0.997015 0.008323 -0.076757 -3.287790 -0.007732 0.999938 0.007994 -0.767199 0.076819 -0.007377 0.997018 52.971886
0.997058 0.004141 -0.076541 -3.403970 -0.003351 0.999940 0.010440 -0.790079 0.076580 -0.010153 0.997012 54.841454
0.996992 0.002703 -0.077457 -3.472435 -0.001652 0.999906 0.013631 -0.791373 0.077487 -0.013462 0.996902 55.798515
0.996907 0.000610 -0.078585 -3.540820 0.000797 0.999840 0.017871 -0.800760 0.078583 -0.017879 0.996747 56.775749
0.996847 0.001560 -0.079333 -3.624953 -0.000008 0.999809 0.019552 -0.798253 0.079348 -0.019490 0.996656 57.737617
0.996847 0.001560 -0.079333 -3.624953 -0.000008 0.999809 0.019552 -0.798253 0.079348 -0.019490 0.996656 57.737617
0.996665 -0.000890 -0.081602 -3.776278 0.001888 0.999924 0.012154 -0.807540 0.081585 -0.012267 0.996591 59.574032
0.996595 0.001392 -0.082435 -3.863944 -0.000763 0.999970 0.007665 -0.816466 0.082443 -0.007576 0.996567 60.491798
0.996493 0.005747 -0.083479 -3.960008 -0.005109 0.999956 0.007856 -0.817950 0.083520 -0.007402 0.996479 61.417622
0.996374 0.007932 -0.084706 -4.044218 -0.007129 0.999927 0.009787 -0.829343 0.084777 -0.009148 0.996358 62.330524
0.996374 0.007932 -0.084706 -4.044218 -0.007129 0.999927 0.009787 -0.829343 0.084777 -0.009148 0.996358 62.330524
0.996158 0.013894 -0.086470 -4.214951 -0.012952 0.999851 0.011441 -0.865372 0.086616 -0.010277 0.996189 64.040825
0.995978 0.015146 -0.088307 -4.290757 -0.014128 0.999826 0.012139 -0.873053 0.088476 -0.010843 0.996019 64.903236
0.995835 0.015649 -0.089826 -4.372039 -0.014582 0.999815 0.012515 -0.880967 0.090006 -0.011153 0.995879 65.751724
0.995679 0.015975 -0.091473 -4.445330 -0.014868 0.999808 0.012773 -0.890410 0.091660 -0.011358 0.995726 66.585686
0.995594 0.017970 -0.092030 -4.539858 -0.016712 0.999756 0.014417 -0.907323 0.092267 -0.012816 0.995652 67.379425
0.995594 0.017970 -0.092030 -4.539858 -0.016712 0.999756 0.014417 -0.907323 0.092267 -0.012816 0.995652 67.379425
0.995594 0.017970 -0.092030 -4.539858 -0.016712 0.999756 0.014417 -0.907323 0.092267 -0.012816 0.995652 67.379425
0.995594 0.017970 -0.092030 -4.539858 -0.016712 0.999756 0.014417 -0.907323 0.092267 -0.012816 0.995652 67.379425
0.995594 0.017970 -0.092030 -4.539858 -0.016712 0.999756 0.014417 -0.907323 0.092267 -0.012816 0.995652 67.379425
0.994721 0.024612 -0.099620 -4.885992 -0.023017 0.999588 0.017126 -0.927285 0.100000 -0.014743 0.994878 70.537979
0.994728 0.022025 -0.100160 -5.008952 -0.021388 0.999744 0.007427 -0.938729 0.100298 -0.005246 0.994944 71.940987
0.994648 0.023357 -0.100647 -5.085919 -0.022907 0.999722 0.005620 -0.942308 0.100750 -0.003284 0.994906 72.638710
0.994514 0.025838 -0.101366 -5.165892 -0.025138 0.999651 0.008182 -0.952969 0.101542 -0.005589 0.994816 73.333916
0.994384 0.025576 -0.102698 -5.236360 -0.024694 0.999647 0.009848 -0.963885 0.102913 -0.007256 0.994664 74.003532
0.994384 0.025576 -0.102698 -5.236360 -0.024694 0.999647 0.009848 -0.963885 0.102913 -0.007256 0.994664 74.003532
0.994489 0.016900 -0.103468 -5.351344 -0.016628 0.999856 0.003490 -0.986923 0.103512 -0.001751 0.994627 75.214172
0.994615 0.013385 -0.102772 -5.404270 -0.013562 0.999907 -0.001027 -1.001226 0.102749 0.002415 0.994704 75.817436
0.994874 0.015482 -0.099929 -5.473536 -0.015716 0.999875 -0.001558 -1.014960 0.099893 0.003121 0.994993 76.411179
0.995184 0.019428 -0.096077 -5.548268 -0.019471 0.999810 0.000496 -1.022166 0.096068 0.001377 0.995374 77.001907
0.995184 0.019428 -0.096077 -5.548268 -0.019471 0.999810 0.000496 -1.022166 0.096068 0.001377 0.995374 77.001907
0.996203 0.018140 -0.085152 -5.634706 -0.017564 0.999818 0.007510 -1.040308 0.085272 -0.005986 0.996340 78.056259
0.996898 0.014748 -0.077313 -5.669573 -0.013960 0.999845 0.010719 -1.056843 0.077459 -0.009606 0.996949 78.602219
0.997612 0.017006 -0.066940 -5.716622 -0.016328 0.999810 0.010668 -1.071421 0.067109 -0.009550 0.997700 79.117683
0.998366 0.021741 -0.052846 -5.772707 -0.021217 0.999720 0.010451 -1.078427 0.053058 -0.009313 0.998548 79.621826
0.998366 0.021741 -0.052846 -5.772707 -0.021217 0.999720 0.010451 -1.078427 0.053058 -0.009313 0.998548 79.621826
0.999631 0.023540 -0.013529 -5.790924 -0.023367 0.999646 0.012758 -1.078867 0.013825 -0.012437 0.999827 80.555283
0.999728 0.020359 0.011410 -5.780001 -0.020509 0.999703 0.013186 -1.083175 -0.011138 -0.013417 0.999848 81.020844
0.999027 0.018691 0.039957 -5.766895 -0.019281 0.999710 0.014449 -1.090613 -0.039675 -0.015206 0.999097 81.484695
0.997239 0.017617 0.072138 -5.736869 -0.018794 0.999700 0.015674 -1.093475 -0.071841 -0.016986 0.997271 81.944107
0.993604 0.016936 0.111639 -5.643832 -0.019212 0.999628 0.019342 -1.106482 -0.111270 -0.021363 0.993561 82.334007
0.993604 0.016936 0.111639 -5.643832 -0.019212 0.999628 0.019342 -1.106482 -0.111270 -0.021363 0.993561 82.334007
0.993604 0.016936 0.111639 -5.643832 -0.019212 0.999628 0.019342 -1.106482 -0.111270 -0.021363 0.993561 82.334007
0.993604 0.016936 0.111639 -5.643832 -0.019212 0.999628 0.019342 -1.106482 -0.111270 -0.021363 0.993561 82.334007
0.993604 0.016936 0.111639 -5.643832 -0.019212 0.999628 0.019342 -1.106482 -0.111270 -0.021363 0.993561 82.334007
0.954807 0.016457 0.296770 -5.284131 -0.022049 0.999637 0.015503 -1.115007 -0.296407 -0.021346 0.954823 83.988480
0.912038 0.016431 0.409777 -4.993131 -0.023435 0.999652 0.012074 -1.115783 -0.409436 -0.020615 0.912106 84.666985
0.884262 0.015571 0.466731 -4.812579 -0.023142 0.999677 0.010494 -1.110814 -0.466417 -0.020081 0.884337 85.008339
0.852189 0.013144 0.523069 -4.604898 -0.021092 0.999735 0.009242 -1.115934 -0.522809 -0.018909 0.852240 85.329102
0.816756 0.012043 0.576858 -4.377407 -0.020638 0.999752 0.008348 -1.121056 -0.576615 -0.018724 0.816802 85.630852
0.816756 0.012043 0.576858 -4.377407 -0.020638 0.999752 0.008348 -1.121056 -0.576615 -0.018724 0.816802 85.630852
0.735945 0.008920 0.676983 -3.885885 -0.021336 0.999722 0.010022 -1.145126 -0.676705 -0.021820 0.735931 86.195869
0.692430 0.007782 0.721443 -3.613941 -0.021605 0.999717 0.009952 -1.143931 -0.721161 -0.022478 0.692403 86.457993
0.647202 0.006092 0.762294 -3.321086 -0.019277 0.999779 0.008377 -1.144841 -0.762075 -0.020116 0.647177 86.687332
0.601708 0.002985 0.798711 -3.007353 -0.015192 0.999855 0.007708 -1.154086 -0.798572 -0.016772 0.601666 86.898232
0.601708 0.002985 0.798711 -3.007353 -0.015192 0.999855 0.007708 -1.154086 -0.798572 -0.016772 0.601666 86.898232
0.508435 0.002318 0.861098 -2.362898 -0.017551 0.999817 0.007671 -1.175136 -0.860922 -0.019013 0.508382 87.309311
0.463640 0.003515 0.886017 -2.031820 -0.018357 0.999816 0.005640 -1.173550 -0.885834 -0.018879 0.463619 87.480835
0.422028 0.001237 0.906582 -1.684355 -0.013230 0.999901 0.004794 -1.161974 -0.906486 -0.014017 0.422003 87.614769
0.383140 -0.006620 0.923667 -1.309936 -0.000030 0.999974 0.007180 -1.167666 -0.923690 -0.002779 0.383130 87.714455
0.383140 -0.006620 0.923667 -1.309936 -0.000030 0.999974 0.007180 -1.167666 -0.923690 -0.002779 0.383130 87.714455
0.310340 -0.009136 0.950582 -0.586314 0.003256 0.999958 0.008548 -1.199082 -0.950620 0.000443 0.310357 87.997208
0.279896 -0.002841 0.960026 -0.226282 -0.005722 0.999973 0.004627 -1.207660 -0.960013 -0.006788 0.279872 88.139099
0.252036 0.001741 0.967716 0.150584 -0.010701 0.999942 0.000988 -1.206614 -0.967659 -0.010605 0.252040 88.257698
0.226655 0.003116 0.973970 0.548431 -0.009542 0.999954 -0.000978 -1.210115 -0.973928 -0.009072 0.226675 88.344154
0.199135 0.005185 0.979958 0.911338 -0.003931 0.999982 -0.004493 -1.210614 -0.979964 -0.002958 0.199151 88.426743
0.199135 0.005185 0.979958 0.911338 -0.003931 0.999982 -0.004493 -1.210614 -0.979964 -0.002958 0.199151 88.426743
0.199135 0.005185 0.979958 0.911338 -0.003931 0.999982 -0.004493 -1.210614 -0.979964 -0.002958 0.199151 88.426743
0.199135 0.005185 0.979958 0.911338 -0.003931 0.999982 -0.004493 -1.210614 -0.979964 -0.002958 0.199151 88.426743
0.199135 0.005185 0.979958 0.911338 -0.003931 0.999982 -0.004493 -1.210614 -0.979964 -0.002958 0.199151 88.426743
0.126894 0.013244 0.991828 2.678100 -0.000813 0.999912 -0.013248 -1.240891 -0.991916 0.000875 0.126893 88.688484
0.097388 0.007639 0.995217 3.603797 0.000503 0.999970 -0.007724 -1.268546 -0.995246 0.001253 0.097381 88.797241
0.086424 0.006405 0.996238 4.122457 0.003211 0.999972 -0.006707 -1.278457 -0.996253 0.003779 0.086401 88.830223
0.076675 0.006643 0.997034 4.646828 0.006220 0.999955 -0.007141 -1.293314 -0.997037 0.006749 0.076630 88.862267
0.069311 0.006921 0.997571 5.194596 0.007838 0.999941 -0.007482 -1.307072 -0.997564 0.008338 0.069253 88.893105
0.069311 0.006921 0.997571 5.194596 0.007838 0.999941 -0.007482 -1.307072 -0.997564 0.008338 0.069253 88.893105
0.056478 0.007915 0.998372 6.263974 0.015498 0.999841 -0.008804 -1.320860 -0.998284 0.015970 0.056347 88.949066
0.050927 0.008625 0.998665 6.865941 0.016275 0.999823 -0.009465 -1.333320 -0.998570 0.016736 0.050777 88.980408
0.047036 0.008936 0.998853 7.488373 0.018288 0.999785 -0.009805 -1.344238 -0.998726 0.018728 0.046863 89.007736
0.044329 0.008689 0.998979 8.125558 0.019297 0.999768 -0.009553 -1.364959 -0.998831 0.019701 0.044151 89.034607
0.044329 0.008689 0.998979 8.125558 0.019297 0.999768 -0.009553 -1.364959 -0.998831 0.019701 0.044151 89.034607
0.037753 0.007609 0.999258 9.380533 0.018621 0.999792 -0.008316 -1.389376 -0.999114 0.018922 0.037603 89.081490
0.037836 0.007334 0.999257 10.069631 0.021807 0.999729 -0.008163 -1.402644 -0.999046 0.022099 0.037665 89.094933
0.039249 0.007032 0.999205 10.773716 0.024619 0.999665 -0.008002 -1.418082 -0.998926 0.024914 0.039062 89.109230
0.042088 0.006919 0.999090 11.485097 0.026188 0.999625 -0.008026 -1.436898 -0.998771 0.026502 0.041891 89.125656
0.042088 0.006919 0.999090 11.485097 0.026188 0.999625 -0.008026 -1.436898 -0.998771 0.026502 0.041891 89.125656
0.048349 0.005584 0.998815 12.897156 0.028754 0.999562 -0.006980 -1.446714 -0.998417 0.029058 0.048167 89.198303
0.053147 0.004462 0.998577 13.661573 0.028157 0.999586 -0.005966 -1.463431 -0.998190 0.028434 0.052999 89.231789
0.057418 0.003113 0.998345 14.446713 0.028197 0.999591 -0.004739 -1.480932 -0.997952 0.028423 0.057307 89.274727
0.062007 0.001452 0.998075 15.239604 0.026410 0.999646 -0.003095 -1.499237 -0.997726 0.026552 0.061946 89.325127
0.064663 -0.000334 0.997907 16.039011 0.027299 0.999626 -0.001434 -1.498971 -0.997534 0.027334 0.064648 89.371101
0.064663 -0.000334 0.997907 16.039011 0.027299 0.999626 -0.001434 -1.498971 -0.997534 0.027334 0.064648 89.371101
0.064663 -0.000334 0.997907 16.039011 0.027299 0.999626 -0.001434 -1.498971 -0.997534 0.027334 0.064648 89.371101
0.064663 -0.000334 0.997907 16.039011 0.027299 0.999626 -0.001434 -1.498971 -0.997534 0.027334 0.064648 89.371101
0.064663 -0.000334 0.997907 16.039011 0.027299 0.999626 -0.001434 -1.498971 -0.997534 0.027334 0.064648 89.371101
0.074999 0.011023 0.997123 19.315714 0.020184 0.999717 -0.012570 -1.587376 -0.996979 0.021069 0.074756 89.632141
0.074445 0.010570 0.997169 20.924282 0.010868 0.999876 -0.011410 -1.622933 -0.997166 0.011686 0.074321 89.806541
0.074937 0.009453 0.997144 21.760391 0.012222 0.999871 -0.010398 -1.648503 -0.997113 0.012967 0.074811 89.873756
0.075874 0.009161 0.997075 22.595072 0.010542 0.999895 -0.009989 -1.678057 -0.997062 0.011269 0.075769 89.945656
0.076555 0.009724 0.997018 23.415218 0.009930 0.999895 -0.010515 -1.702721 -0.997016 0.010705 0.076450 90.014030
0.076555 0.009724 0.997018 23.415218 0.009930 0.999895 -0.010515 -1.702721 -0.997016 0.010705 0.076450 90.014030
0.073157 0.010113 0.997269 25.008289 0.001865 0.999945 -0.010277 -1.743319 -0.997319 0.002612 0.073134 90.151970
0.071148 0.009764 0.997418 25.833574 0.000911 0.999951 -0.009854 -1.761560 -0.997465 0.001610 0.071135 90.228912
0.068229 0.008805 0.997631 26.667473 0.000531 0.999961 -0.008861 -1.779983 -0.997670 0.001134 0.068222 90.298042
0.063630 0.006638 0.997952 27.487242 0.000952 0.999977 -0.006712 -1.796583 -0.997973 0.001377 0.063622 90.364571
0.063630 0.006638 0.997952 27.487242 0.000952 0.999977 -0.006712 -1.796583 -0.997973 0.001377 0.063622 90.364571
0.049119 0.003973 0.998785 29.095049 -0.010993 0.999934 -0.003436 -1.848003 -0.998732 -0.010811 0.049160 90.492668
0.041579 0.004525 0.999125 29.905697 -0.010081 0.999941 -0.004110 -1.861387 -0.999084 -0.009901 0.041623 90.534569
0.032614 0.004981 0.999456 30.721327 -0.009239 0.999946 -0.004682 -1.875766 -0.999425 -0.009082 0.032658 90.569611
0.023915 0.004372 0.999704 31.536833 -0.008619 0.999954 -0.004167 -1.892192 -0.999677 -0.008516 0.023952 90.603020
0.023915 0.004372 0.999704 31.536833 -0.008619 0.999954 -0.004167 -1.892192 -0.999677 -0.008516 0.023952 90.603020
-0.001695 0.001620 0.999997 33.105839 -0.008515 0.999962 -0.001634 -1.953104 -0.999962 -0.008517 -0.001681 90.592461
-0.012161 0.001794 0.999924 33.899181 -0.008523 0.999962 -0.001897 -1.969640 -0.999890 -0.008546 -0.012145 90.588181
-0.022476 0.002440 0.999744 34.683327 -0.008895 0.999957 -0.002640 -1.990530 -0.999708 -0.008952 -0.022454 90.580032
-0.032745 0.003828 0.999456 35.468212 -0.009041 0.999951 -0.004126 -2.008879 -0.999423 -0.009171 -0.032709 90.561600
-0.045653 0.003321 0.998952 36.238838 -0.006102 0.999975 -0.003603 -2.036890 -0.998939 -0.006260 -0.045631 90.504654
-0.045653 0.003321 0.998952 36.238838 -0.006102 0.999975 -0.003603 -2.036890 -0.998939 -0.006260 -0.045631 90.504654
-0.045653 0.003321 0.998952 36.238838 -0.006102 0.999975 -0.003603 -2.036890 -0.998939 -0.006260 -0.045631 90.504654
-0.045653 0.003321 0.998952 36.238838 -0.006102 0.999975 -0.003603 -2.036890 -0.998939 -0.006260 -0.045631 90.504654
-0.045653 0.003321 0.998952 36.238838 -0.006102 0.999975 -0.003603 -2.036890 -0.998939 -0.006260 -0.045631 90.504654
-0.080143 0.004988 0.996771 39.290615 -0.005136 0.999972 -0.005417 -2.114957 -0.996770 -0.005554 -0.080115 90.307678
-0.095745 0.000559 0.995406 40.700951 -0.001610 0.999998 -0.000716 -2.150894 -0.995405 -0.001671 -0.095744 90.177048
-0.099541 -0.000570 0.995033 41.435356 0.000925 0.999999 0.000666 -2.171113 -0.995033 0.000986 -0.099540 90.098770
-0.102123 -0.001562 0.994771 42.146809 0.002971 0.999994 0.001875 -2.186194 -0.994767 0.003147 -0.102117 90.020256
-0.103811 -0.002211 0.994595 42.847393 0.003473 0.999991 0.002585 -2.204525 -0.994591 0.003722 -0.103802 89.949211
-0.103811 -0.002211 0.994595 42.847393 0.003473 0.999991 0.002585 -2.204525 -0.994591 0.003722 -0.103802 89.949211
-0.103449 -0.002300 0.994632 44.146206 0.007438 0.999968 0.003086 -2.236034 -0.994607 0.007717 -0.103428 89.795212
-0.101133 -0.000910 0.994873 44.790821 0.008372 0.999963 0.001766 -2.249537 -0.994838 0.008508 -0.101121 89.729988
-0.096362 -0.000212 0.995346 45.424706 0.009308 0.999956 0.001114 -2.263521 -0.995303 0.009372 -0.096355 89.666504
-0.088864 0.000446 0.996044 46.037628 0.008627 0.999963 0.000322 -2.280672 -0.996006 0.008622 -0.088865 89.612114
-0.088864 0.000446 0.996044 46.037628 0.008627 0.999963 0.000322 -2.280672 -0.996006 0.008622 -0.088865 89.612114
-0.062969 0.000839 0.998015 47.173931 0.004410 0.999990 -0.000562 -2.311710 -0.998006 0.004366 -0.062972 89.549477
-0.046130 0.002442 0.998932 47.726688 0.004572 0.999987 -0.002234 -2.325241 -0.998925 0.004464 -0.046141 89.524628
-0.025611 0.005331 0.999658 48.270466 0.004112 0.999978 -0.005228 -2.339495 -0.999664 0.003977 -0.025632 89.510857
-0.001481 0.008199 0.999965 48.808353 0.002649 0.999963 -0.008195 -2.352876 -0.999995 0.002636 -0.001502 89.511810
-0.001481 0.008199 0.999965 48.808353 0.002649 0.999963 -0.008195 -2.352876 -0.999995 0.002636 -0.001502 89.511810
0.059697 0.010830 0.998158 49.844715 -0.001175 0.999941 -0.010779 -2.383019 -0.998216 -0.000529 0.059706 89.608353
0.097512 0.009537 0.995189 50.380150 -0.002349 0.999954 -0.009353 -2.393074 -0.995232 -0.001426 0.097530 89.659317
0.139635 0.007028 0.990178 50.903675 -0.003925 0.999971 -0.006544 -2.407092 -0.990195 -0.002973 0.139658 89.739655
0.185484 0.004069 0.982639 51.426266 -0.005220 0.999981 -0.003156 -2.418924 -0.982633 -0.004544 0.185501 89.842392
0.232265 0.001080 0.972652 51.924721 -0.010440 0.999945 0.001383 -2.432070 -0.972596 -0.010476 0.232264 90.050209
0.232265 0.001080 0.972652 51.924721 -0.010440 0.999945 0.001383 -2.432070 -0.972596 -0.010476 0.232264 90.050209
0.232265 0.001080 0.972652 51.924721 -0.010440 0.999945 0.001383 -2.432070 -0.972596 -0.010476 0.232264 90.050209
0.232265 0.001080 0.972652 51.924721 -0.010440 0.999945 0.001383 -2.432070 -0.972596 -0.010476 0.232264 90.050209
0.232265 0.001080 0.972652 51.924721 -0.010440 0.999945 0.001383 -2.432070 -0.972596 -0.010476 0.232264 90.050209
0.456893 0.006672 0.889496 53.799885 -0.009038 0.999955 -0.002858 -2.466374 -0.889476 -0.006733 0.456933 90.789169
0.571362 0.014311 0.820573 54.576786 -0.010990 0.999892 -0.009786 -2.507228 -0.820625 -0.003426 0.571457 91.376297
0.627208 0.018456 0.778633 54.944042 -0.013895 0.999825 -0.012506 -2.510726 -0.778728 -0.002975 0.627355 91.683899
0.679895 0.020359 0.733027 55.293690 -0.014475 0.999792 -0.014343 -2.520639 -0.733167 -0.000859 0.680048 92.005424
0.729020 0.020221 0.684193 55.625282 -0.014435 0.999795 -0.014167 -2.528589 -0.684340 0.000451 0.729163 92.354050
0.729020 0.020221 0.684193 55.625282 -0.014435 0.999795 -0.014167 -2.528589 -0.684340 0.000451 0.729163 92.354050
0.814800 0.015347 0.579539 56.155006 -0.015169 0.999872 -0.005152 -2.553114 -0.579544 -0.004593 0.814928 93.124390
0.851322 0.013908 0.524459 56.405506 -0.016527 0.999863 0.000312 -2.566631 -0.524383 -0.008934 0.851436 93.552330
0.882575 0.012318 0.470010 56.623165 -0.017094 0.999837 0.005894 -2.572592 -0.469861 -0.013236 0.882641 93.986237
0.908008 0.012835 0.418756 56.809200 -0.019216 0.999755 0.011025 -2.588003 -0.418511 -0.018057 0.908032 94.424568
0.908008 0.012835 0.418756 56.809200 -0.019216 0.999755 0.011025 -2.588003 -0.418511 -0.018057 0.908032 94.424568
0.943080 0.018177 0.332069 57.079819 -0.026050 0.999475 0.019273 -2.609411 -0.331544 -0.026826 0.943058 95.283150
0.954839 0.022064 0.296305 57.203266 -0.028757 0.999420 0.018248 -2.610568 -0.295730 -0.025944 0.954919 95.742088
0.963834 0.024283 0.265396 57.317841 -0.029890 0.999407 0.017108 -2.599626 -0.264823 -0.024422 0.963988 96.198868
0.969891 0.019795 0.242733 57.444992 -0.024558 0.999560 0.016612 -2.603930 -0.242298 -0.022072 0.969951 96.662270
0.969891 0.019795 0.242733 57.444992 -0.024558 0.999560 0.016612 -2.603930 -0.242298 -0.022072 0.969951 96.662270
0.976560 0.020712 0.214248 57.644485 -0.025402 0.999494 0.019163 -2.594463 -0.213743 -0.024156 0.976591 97.613274
0.978567 0.025918 0.204290 57.731976 -0.030434 0.999356 0.018995 -2.593183 -0.203666 -0.024806 0.978726 98.117783
0.979645 0.031712 0.198219 57.808739 -0.035880 0.999203 0.017470 -2.595282 -0.197507 -0.024227 0.980002 98.632347
0.980037 0.036697 0.195399 57.886505 -0.040133 0.999101 0.013654 -2.598841 -0.194722 -0.021223 0.980629 99.152916
0.979907 0.042086 0.194966 57.963428 -0.045276 0.998903 0.011929 -2.576540 -0.194250 -0.020517 0.980738 99.670456
0.979907 0.042086 0.194966 57.963428 -0.045276 0.998903 0.011929 -2.576540 -0.194250 -0.020517 0.980738 99.670456
0.979907 0.042086 0.194966 57.963428 -0.045276 0.998903 0.011929 -2.576540 -0.194250 -0.020517 0.980738 99.670456
0.979907 0.042086 0.194966 57.963428 -0.045276 0.998903 0.011929 -2.576540 -0.194250 -0.020517 0.980738 99.670456
0.979907 0.042086 0.194966 57.963428 -0.045276 0.998903 0.011929 -2.576540 -0.194250 -0.020517 0.980738 99.670456
0.977396 0.041828 0.207239 58.410713 -0.042410 0.999099 -0.001632 -2.605086 -0.207121 -0.007194 0.978289 101.889496
0.974333 0.045511 0.220463 58.675739 -0.047816 0.998843 0.005127 -2.599910 -0.219974 -0.015537 0.975382 103.133850
0.973680 0.042097 0.223997 58.822338 -0.045443 0.998919 0.009801 -2.606679 -0.223342 -0.019722 0.974541 103.761787
0.973107 0.041354 0.226610 58.967060 -0.045522 0.998876 0.013199 -2.611392 -0.225810 -0.023159 0.973896 104.399399
0.972711 0.038276 0.228840 59.122620 -0.042431 0.999011 0.013260 -2.611494 -0.228106 -0.022608 0.973374 105.038399
0.972711 0.038276 0.228840 59.122620 -0.042431 0.999011 0.013260 -2.611494 -0.228106 -0.022608 0.973374 105.038399
0.972840 0.028649 0.229698 59.480301 -0.031222 0.999484 0.007576 -2.603732 -0.229363 -0.014542 0.973232 106.325432
0.973067 0.032093 0.228279 59.633190 -0.033139 0.999451 0.000748 -2.596705 -0.228129 -0.008293 0.973596 106.994873
0.973629 0.036028 0.225273 59.781086 -0.036377 0.999335 -0.002605 -2.595694 -0.225217 -0.005658 0.974292 107.681122
0.974289 0.035984 0.222411 59.944672 -0.036915 0.999318 0.000030 -2.596769 -0.222258 -0.008240 0.974953 108.389069
0.974289 0.035984 0.222411 59.944672 -0.036915 0.999318 0.000030 -2.596769 -0.222258 -0.008240 0.974953 108.389069
0.974753 0.034579 0.220593 60.265526 -0.038823 0.999135 0.014930 -2.638817 -0.219886 -0.023117 0.975252 109.829521
0.974918 0.038741 0.219166 60.419445 -0.042841 0.998984 0.013985 -2.646032 -0.218402 -0.023023 0.975587 110.565521
0.975180 0.044609 0.216874 60.566654 -0.047752 0.998816 0.009270 -2.644249 -0.216204 -0.019396 0.976156 111.309113
0.975791 0.048113 0.213345 60.722183 -0.050055 0.998740 0.003706 -2.646827 -0.212898 -0.014295 0.976970 112.050255
0.975791 0.048113 0.213345 60.722183 -0.050055 0.998740 0.003706 -2.646827 -0.212898 -0.014295 0.976970 112.050255
0.977919 0.039420 0.205231 61.053207 -0.040785 0.999165 0.002424 -2.662809 -0.204964 -0.010741 0.978711 113.583015
0.978822 0.035886 0.201544 61.226921 -0.037499 0.999288 0.004187 -2.678277 -0.201250 -0.011656 0.979470 114.376984
0.979275 0.033921 0.199672 61.392914 -0.035938 0.999333 0.006486 -2.693265 -0.199319 -0.013527 0.979841 115.180344
0.979675 0.030976 0.198185 61.567989 -0.033221 0.999416 0.008011 -2.700756 -0.197821 -0.014432 0.980132 115.997231
0.979684 0.030766 0.198172 61.723782 -0.033761 0.999361 0.011751 -2.684148 -0.197683 -0.018203 0.980097 116.786705
0.979684 0.030766 0.198172 61.723782 -0.033761 0.999361 0.011751 -2.684148 -0.197683 -0.018203 0.980097 116.786705
0.979684 0.030766 0.198172 61.723782 -0.033761 0.999361 0.011751 -2.684148 -0.197683 -0.018203 0.980097 116.786705
0.979684 0.030766 0.198172 61.723782 -0.033761 0.999361 0.011751 -2.684148 -0.197683 -0.018203 0.980097 116.786705
0.979684 0.030766 0.198172 61.723782 -0.033761 0.999361 0.011751 -2.684148 -0.197683 -0.018203 0.980097 116.786705
0.978833 0.048498 0.198829 62.321812 -0.050706 0.998695 0.006029 -2.716161 -0.198277 -0.015984 0.980016 120.126579
0.976826 0.058964 0.205754 62.617558 -0.062121 0.998029 0.008916 -2.712424 -0.204823 -0.021491 0.978563 121.788078
0.976279 0.060981 0.207753 62.790333 -0.063949 0.997924 0.007593 -2.719953 -0.206858 -0.020698 0.978152 122.647911
0.976053 0.061284 0.208723 62.968964 -0.063785 0.997950 0.005269 -2.722696 -0.207973 -0.018457 0.977961 123.504143
0.976202 0.056634 0.209340 63.171276 -0.058999 0.998245 0.005064 -2.731698 -0.208686 -0.017294 0.977830 124.354546
0.976202 0.056634 0.209340 63.171276 -0.058999 0.998245 0.005064 -2.731698 -0.208686 -0.017294 0.977830 124.354546
0.976190 0.047046 0.211755 63.552349 -0.049406 0.998762 0.005865 -2.759476 -0.211217 -0.016187 0.977305 125.994850
0.975704 0.051091 0.213053 63.727917 -0.053861 0.998522 0.007214 -2.765720 -0.212369 -0.018514 0.977014 126.862877
0.975525 0.054353 0.213066 63.901119 -0.058018 0.998255 0.010978 -2.770097 -0.212098 -0.023071 0.976976 127.732315
0.975174 0.058406 0.213598 64.069405 -0.062665 0.997947 0.013216 -2.777426 -0.212387 -0.026273 0.976832 128.590256
0.975174 0.058406 0.213598 64.069405 -0.062665 0.997947 0.013216 -2.777426 -0.212387 -0.026273 0.976832 128.590256
0.975149 0.046968 0.216516 64.445541 -0.047084 0.998880 -0.004627 -2.767023 -0.216491 -0.005682 0.976268 130.143814
0.975470 0.045389 0.215402 64.634529 -0.043606 0.998964 -0.013028 -2.789889 -0.215770 0.003316 0.976438 130.953995
0.975763 0.044126 0.214333 64.822189 -0.043926 0.999019 -0.005694 -2.813445 -0.214374 -0.003859 0.976744 131.806351
0.976326 0.038664 0.212822 65.021591 -0.042457 0.999010 0.013279 -2.835931 -0.212098 -0.022001 0.977001 132.693649
0.976326 0.038664 0.212822 65.021591 -0.042457 0.999010 0.013279 -2.835931 -0.212098 -0.022001 0.977001 132.693649
0.976618 0.033995 0.212278 65.378853 -0.040709 0.998797 0.027334 -2.847986 -0.211093 -0.035337 0.976827 134.343231
0.976733 0.041488 0.210407 65.527443 -0.044948 0.998921 0.011687 -2.852863 -0.209695 -0.020872 0.977544 135.133942
0.977151 0.042591 0.208237 65.693588 -0.044028 0.999028 0.002269 -2.841962 -0.207938 -0.011385 0.978076 135.924026
0.977682 0.040761 0.206098 65.870171 -0.041792 0.999126 0.000650 -2.868036 -0.205892 -0.009249 0.978531 136.736023
0.977853 0.039281 0.205572 66.045410 -0.041249 0.999135 0.005292 -2.878133 -0.205186 -0.013655 0.978628 137.560959
0.977853 0.039281 0.205572 66.045410 -0.041249 0.999135 0.005292 -2.878133 -0.205186 -0.013655 0.978628 137.560959
0.977853 0.039281 0.205572 66.045410 -0.041249 0.999135 0.005292 -2.878133 -0.205186 -0.013655 0.978628 137.560959
0.977853 0.039281 0.205572 66.045410 -0.041249 0.999135 0.005292 -2.878133 -0.205186 -0.013655 0.978628 137.560959
0.977853 0.039281 0.205572 66.045410 -0.041249 0.999135 0.005292 -2.878133 -0.205186 -0.013655 0.978628 137.560959
0.980754 0.049253 0.188932 66.652184 -0.050353 0.998731 0.001021 -2.962353 -0.188642 -0.010514 0.981990 140.805634
0.980569 0.052687 0.188965 66.941689 -0.055100 0.998452 0.007537 -2.954679 -0.188275 -0.017802 0.981955 142.408829
0.980975 0.051285 0.187237 67.098595 -0.053493 0.998545 0.006751 -2.966504 -0.186618 -0.016638 0.982292 143.207794
0.981508 0.049375 0.184944 67.254532 -0.051035 0.998688 0.004219 -2.977292 -0.184493 -0.013579 0.982740 143.997803
0.982569 0.045308 0.180295 67.415154 -0.046203 0.998932 0.000768 -2.988895 -0.180068 -0.009085 0.983612 144.787079
0.982569 0.045308 0.180295 67.415154 -0.046203 0.998932 0.000768 -2.988895 -0.180068 -0.009085 0.983612 144.787079
0.984857 0.041204 0.168402 67.688606 -0.042913 0.999058 0.006521 -2.999412 -0.167974 -0.013649 0.985697 146.394882
0.985889 0.039297 0.162723 67.825676 -0.042149 0.999012 0.014110 -3.006964 -0.162008 -0.020770 0.986571 147.220779
0.986502 0.038152 0.159244 67.955833 -0.042250 0.998855 0.022423 -3.017896 -0.158206 -0.028849 0.986985 148.048569
0.986909 0.042962 0.155451 68.058929 -0.047368 0.998571 0.024746 -3.015934 -0.154166 -0.031785 0.987534 148.857712
0.986909 0.042962 0.155451 68.058929 -0.047368 0.998571 0.024746 -3.015934 -0.154166 -0.031785 0.987534 148.857712
0.988905 0.039448 0.143217 68.300728 -0.041868 0.999026 0.013923 -3.005963 -0.142528 -0.019765 0.989593 150.421021
0.989917 0.037561 0.136579 68.420433 -0.039053 0.999203 0.008260 -3.001880 -0.136160 -0.013511 0.990595 151.213150
0.990700 0.039820 0.130104 68.523743 -0.041244 0.999115 0.008272 -3.007160 -0.129659 -0.013561 0.991466 152.039017
0.991308 0.047557 0.122663 68.602135 -0.049240 0.998729 0.010718 -3.011452 -0.121997 -0.016665 0.992391 152.877884
0.991308 0.047557 0.122663 68.602135 -0.049240 0.998729 0.010718 -3.011452 -0.121997 -0.016665 0.992391 152.877884
0.993151 0.052419 0.104418 68.746239 -0.053377 0.998554 0.006402 -3.030237 -0.103932 -0.011932 0.994513 154.463867
0.994126 0.051714 0.095077 68.834763 -0.052309 0.998624 0.003781 -3.035542 -0.094751 -0.008732 0.995463 155.289764
0.994818 0.052008 0.087361 68.904312 -0.052711 0.998593 0.005754 -3.045908 -0.086939 -0.010329 0.996160 156.131958
0.995318 0.054532 0.079805 68.957428 -0.055680 0.998374 0.012236 -3.053046 -0.079008 -0.016622 0.996735 156.987198
0.995676 0.059249 0.071547 68.981895 -0.060733 0.997978 0.018750 -3.057528 -0.070292 -0.023014 0.997261 157.787827
0.995676 0.059249 0.071547 68.981895 -0.060733 0.997978 0.018750 -3.057528 -0.070292 -0.023014 0.997261 157.787827
0.995676 0.059249 0.071547 68.981895 -0.060733 0.997978 0.018750 -3.057528 -0.070292 -0.023014 0.997261 157.787827
0.995676 0.059249 0.071547 68.981895 -0.060733 0.997978 0.018750 -3.057528 -0.070292 -0.023014 0.997261 157.787827
0.995676 0.059249 0.071547 68.981895 -0.060733 0.997978 0.018750 -3.057528 -0.070292 -0.023014 0.997261 157.787827
0.996848 0.063227 0.047919 69.144333 -0.064045 0.997823 0.015733 -3.059498 -0.046820 -0.018752 0.998727 161.101395
0.996873 0.067472 0.041130 69.174118 -0.067904 0.997650 0.009193 -3.053626 -0.040413 -0.011957 0.999111 162.701157
0.996902 0.068930 0.037885 69.194061 -0.069499 0.997485 0.013913 -3.059820 -0.036830 -0.016503 0.999185 163.547668
0.996841 0.071060 0.035482 69.208534 -0.071880 0.997162 0.022387 -3.056158 -0.033790 -0.024867 0.999120 164.399765
0.996884 0.072375 0.031356 69.224625 -0.073302 0.996873 0.029506 -3.058809 -0.029122 -0.031712 0.999073 165.253647
0.996884 0.072375 0.031356 69.224625 -0.073302 0.996873 0.029506 -3.058809 -0.029122 -0.031712 0.999073 165.253647
0.998225 0.055063 0.022701 69.317772 -0.055544 0.998232 0.021146 -3.043685 -0.021496 -0.022369 0.999519 166.847382
0.998434 0.053750 0.015534 69.334419 -0.054001 0.998408 0.016279 -3.045226 -0.014634 -0.017092 0.999747 167.668655
0.998304 0.057646 0.008179 69.327690 -0.057774 0.998193 0.016494 -3.048706 -0.007214 -0.016939 0.999830 168.496323
0.998436 0.055910 0.000010 69.334457 -0.055898 0.998213 0.021142 -3.046316 0.001172 -0.021109 0.999776 169.348251
0.998436 0.055910 0.000010 69.334457 -0.055898 0.998213 0.021142 -3.046316 0.001172 -0.021109 0.999776 169.348251
0.998767 0.048176 -0.011989 69.352371 -0.047793 0.998396 0.030362 -3.020926 0.013433 -0.029752 0.999467 171.042023
0.998805 0.045587 -0.017621 69.348129 -0.045038 0.998523 0.030383 -3.015875 0.018981 -0.029553 0.999383 171.903946
0.998740 0.044102 -0.023954 69.336311 -0.043512 0.998750 0.024612 -3.011960 0.025009 -0.023539 0.999410 172.732910
0.998851 0.036479 -0.031075 69.334747 -0.036041 0.999245 0.014528 -3.001076 0.031581 -0.013391 0.999411 173.554749
0.998851 0.036479 -0.031075 69.334747 -0.036041 0.999245 0.014528 -3.001076 0.031581 -0.013391 0.999411 173.554749
0.998534 0.028571 -0.045977 69.297165 -0.027780 0.999456 0.017764 -3.001476 0.046460 -0.016461 0.998785 175.189758
0.997943 0.039068 -0.050828 69.220978 -0.037575 0.998843 0.030008 -2.994088 0.051942 -0.028036 0.998257 176.076080
0.997506 0.043979 -0.055208 69.157509 -0.041956 0.998423 0.037290 -2.986049 0.056761 -0.034880 0.997778 176.942535
0.997388 0.042188 -0.058637 69.108185 -0.040188 0.998583 0.034875 -2.972770 0.060026 -0.032427 0.997670 177.785736
0.997482 0.036101 -0.061047 69.045715 -0.034499 0.999037 0.027100 -3.001289 0.061967 -0.024926 0.997767 178.574722
0.997482 0.036101 -0.061047 69.045715 -0.034499 0.999037 0.027100 -3.001289 0.061967 -0.024926 0.997767 178.574722
0.997482 0.036101 -0.061047 69.045715 -0.034499 0.999037 0.027100 -3.001289 0.061967 -0.024926 0.997767 178.574722
0.997482 0.036101 -0.061047 69.045715 -0.034499 0.999037 0.027100 -3.001289 0.061967 -0.024926 0.997767 178.574722
0.997482 0.036101 -0.061047 69.045715 -0.034499 0.999037 0.027100 -3.001289 0.061967 -0.024926 0.997767 178.574722
0.996759 0.039532 -0.070061 68.797173 -0.037782 0.998944 0.026124 -2.980115 0.071020 -0.023392 0.997201 181.998871
0.996523 0.043936 -0.070797 68.656456 -0.041792 0.998630 0.031484 -2.936177 0.072084 -0.028416 0.996994 183.702072
0.996589 0.037507 -0.073512 68.606827 -0.035987 0.999112 0.021896 -2.925775 0.074268 -0.019175 0.997054 184.544220
0.996724 0.026392 -0.076451 68.577209 -0.025625 0.999611 0.011000 -2.923068 0.076711 -0.009004 0.997013 185.383942
0.996723 0.017002 -0.079085 68.537544 -0.016544 0.999842 0.006440 -2.927240 0.079182 -0.005110 0.996847 186.244827
0.996723 0.017002 -0.079085 68.537544 -0.016544 0.999842 0.006440 -2.927240 0.079182 -0.005110 0.996847 186.244827
0.996284 0.035812 -0.078325 68.352303 -0.034236 0.999185 0.021372 -2.932197 0.079027 -0.018611 0.996699 187.937561
0.996218 0.034225 -0.079870 68.278435 -0.032390 0.999183 0.024161 -2.936280 0.080632 -0.021483 0.996512 188.790085
0.996220 0.031295 -0.081034 68.215729 -0.029675 0.999336 0.021123 -2.937530 0.081642 -0.018638 0.996487 189.620728
0.996190 0.031846 -0.081183 68.139053 -0.030692 0.999410 0.015436 -2.938874 0.081626 -0.012885 0.996580 190.446472
0.996190 0.031846 -0.081183 68.139053 -0.030692 0.999410 0.015436 -2.938874 0.081626 -0.012885 0.996580 190.446472
0.995693 0.045098 -0.081010 67.960945 -0.043640 0.998854 0.019672 -2.923637 0.081804 -0.016052 0.996519 192.139511
0.995452 0.049503 -0.081396 67.876144 -0.047881 0.998616 0.021753 -2.918314 0.082361 -0.017757 0.996444 192.989792
0.995211 0.053451 -0.081836 67.796509 -0.051691 0.998387 0.023483 -2.910213 0.082960 -0.019140 0.996369 193.830383
0.994953 0.057508 -0.082222 67.713875 -0.055768 0.998172 0.023310 -2.897524 0.083412 -0.018607 0.996341 194.667099
0.994953 0.057508 -0.082222 67.713875 -0.055768 0.998172 0.023310 -2.897524 0.083412 -0.018607 0.996341 194.667099
0.994852 0.056255 -0.084292 67.563675 -0.054981 0.998337 0.017357 -2.910318 0.085128 -0.012633 0.996290 196.260513
0.994533 0.059458 -0.085838 67.478561 -0.058138 0.998150 0.017803 -2.902488 0.086738 -0.012715 0.996150 197.081985
0.994306 0.060804 -0.087509 67.402374 -0.058750 0.997938 0.025857 -2.892490 0.088901 -0.020569 0.995828 197.916809
0.994328 0.059044 -0.088465 67.337837 -0.056201 0.997830 0.034297 -2.894509 0.090298 -0.029130 0.995489 198.739426
