1.000000 0.000000 0.000000 0.000000 0.000000 1.000000 0.000000 0.000000 0.000000 0.000000 1.000000 0.000000
1.000000 0.000000 0.000000 0.000000 0.000000 1.000000 0.000000 0.000000 0.000000 0.000000 1.000000 0.000000
1.000000 0.000000 0.000000 0.000000 0.000000 1.000000 0.000000 0.000000 0.000000 0.000000 1.000000 0.000000
1.000000 0.000000 0.000000 0.000000 0.000000 1.000000 0.000000 0.000000 0.000000 0.000000 1.000000 0.000000
0.990894 -0.005518 0.134533 0.148501 0.006631 0.999947 -0.007825 -0.074079 -0.134483 0.008646 0.990878 2.913860
0.974188 -0.005972 0.225661 0.453063 0.008268 0.999923 -0.009229 -0.118822 -0.225589 0.010856 0.974162 4.858081
0.962458 -0.007345 0.271331 0.672603 0.010273 0.999903 -0.009372 -0.148304 -0.271236 0.011807 0.962441 5.820222
0.949007 -0.010447 0.315083 0.942901 0.014727 0.999829 -0.011206 -0.168035 -0.314912 0.015275 0.948998 6.783356
0.933915 -0.012259 0.357285 1.253755 0.017529 0.999780 -0.011514 -0.218785 -0.357066 0.017015 0.933924 7.704954
0.933915 -0.012259 0.357285 1.253755 0.017529 0.999780 -0.011514 -0.218785 -0.357066 0.017015 0.933924 7.704954
0.897463 -0.015078 0.440832 2.051340 0.021397 0.999727 -0.009365 -0.276619 -0.440571 0.017837 0.897541 9.480069
0.876039 -0.015394 0.481995 2.470302 0.021655 0.999738 -0.007429 -0.314506 -0.481754 0.016945 0.876143 10.360038
0.852234 -0.015995 0.522916 2.928514 0.022620 0.999724 -0.006285 -0.337435 -0.522671 0.017184 0.852361 11.212548
0.827186 -0.016671 0.561681 3.423246 0.023739 0.999704 -0.005289 -0.360728 -0.561427 0.017709 0.827337 12.049134
0.827186 -0.016671 0.561681 3.423246 0.023739 0.999704 -0.005289 -0.360728 -0.561427 0.017709 0.827337 12.049134
0.770831 -0.019882 0.636729 4.612942 0.028125 0.999600 -0.002835 -0.413365 -0.636418 0.020093 0.771082 13.541945
0.740899 -0.023090 0.671220 5.230680 0.032113 0.999484 -0.001064 -0.433909 -0.670849 0.022344 0.741258 14.274518
0.709274 -0.023025 0.704557 5.874161 0.031972 0.999489 0.000477 -0.461467 -0.704208 0.022188 0.709647 14.971157
0.675612 -0.023118 0.736894 6.524187 0.033555 0.999437 0.000591 -0.469829 -0.736493 0.024327 0.676008 15.635631
0.675612 -0.023118 0.736894 6.524187 0.033555 0.999437 0.000591 -0.469829 -0.736493 0.024327 0.676008 15.635631
0.602838 -0.024632 0.797483 8.033082 0.038122 0.999271 0.002047 -0.511711 -0.796952 0.029168 0.603337 16.822527
0.565665 -0.024638 0.824267 8.767628 0.040638 0.999172 0.001978 -0.528587 -0.823633 0.032378 0.566197 17.379560
0.527176 -0.024104 0.849414 9.543569 0.044601 0.999005 0.000669 -0.539575 -0.848585 0.037532 0.527726 17.897705
0.488561 -0.024185 0.872195 10.327291 0.046055 0.998937 0.001902 -0.554675 -0.871314 0.039240 0.489155 18.399830
0.449677 -0.025112 0.892838 11.252861 0.050453 0.998723 0.002680 -0.562141 -0.891765 0.043842 0.450370 18.802954
0.449677 -0.025112 0.892838 11.252861 0.050453 0.998723 0.002680 -0.562141 -0.891765 0.043842 0.450370 18.802954
0.449677 -0.025112 0.892838 11.252861 0.050453 0.998723 0.002680 -0.562141 -0.891765 0.043842 0.450370 18.802954
0.449677 -0.025112 0.892838 11.252861 0.050453 0.998723 0.002680 -0.562141 -0.891765 0.043842 0.450370 18.802954
0.449677 -0.025112 0.892838 11.252861 0.050453 0.998723 0.002680 -0.562141 -0.891765 0.043842 0.450370 18.802954
0.310773 -0.028603 0.950054 14.726373 0.056439 0.998339 0.011595 -0.609375 -0.948807 0.050016 0.311871 20.311626
0.245755 -0.026911 0.968958 16.747051 0.054287 0.998428 0.013960 -0.648460 -0.967811 0.049171 0.246829 20.883224
0.215064 -0.025757 0.976260 17.683411 0.054041 0.998434 0.014437 -0.633889 -0.975104 0.049653 0.216119 21.131733
0.184165 -0.026058 0.982550 18.658037 0.055247 0.998343 0.016122 -0.631260 -0.981341 0.051314 0.185300 21.343208
0.153137 -0.027037 0.987835 19.649063 0.056313 0.998240 0.018592 -0.631012 -0.986599 0.052781 0.154390 21.532831
0.153137 -0.027037 0.987835 19.649063 0.056313 0.998240 0.018592 -0.631012 -0.986599 0.052781 0.154390 21.532831
0.093817 -0.028320 0.995187 21.794783 0.054961 0.998218 0.023226 -0.619998 -0.994071 0.052517 0.095206 21.786957
0.066530 -0.028526 0.997377 22.859064 0.057103 0.998062 0.024737 -0.598338 -0.996149 0.055308 0.068030 21.874954
0.041508 -0.028508 0.998731 23.940697 0.060750 0.997815 0.025957 -0.581737 -0.997290 0.059596 0.043149 21.933916
0.019183 -0.028457 0.999411 25.028242 0.064646 0.997539 0.027163 -0.560311 -0.997724 0.064087 0.020975 21.953920
0.019183 -0.028457 0.999411 25.028242 0.064646 0.997539 0.027163 -0.560311 -0.997724 0.064087 0.020975 21.953920
-0.020293 -0.029443 0.999360 27.320951 0.074034 0.996778 0.030870 -0.527923 -0.997049 0.074613 -0.018048 21.896307
-0.035725 -0.029702 0.998920 28.455112 0.076481 0.996546 0.032367 -0.507681 -0.996431 0.077554 -0.033330 21.860043
-0.050026 -0.030576 0.998280 29.598623 0.078265 0.996338 0.034438 -0.488583 -0.995677 0.079853 -0.047449 21.810743
-0.063443 -0.031699 0.997482 30.751640 0.078251 0.996260 0.036638 -0.468476 -0.994913 0.080378 -0.060725 21.759138
-0.063443 -0.031699 0.997482 30.751640 0.078251 0.996260 0.036638 -0.468476 -0.994913 0.080378 -0.060725 21.759138
-0.087068 -0.029537 0.995764 33.074409 0.078824 0.996222 0.036443 -0.425306 -0.993079 0.081663 -0.084410 21.585691
-0.096911 -0.026338 0.994945 34.261395 0.079301 0.996267 0.034097 -0.395320 -0.992129 0.082204 -0.094460 21.479519
-0.105888 -0.024387 0.994079 35.471790 0.079718 0.996273 0.032933 -0.363634 -0.991177 0.082733 -0.103550 21.361324
-0.113279 -0.023606 0.993283 36.703331 0.079064 0.996333 0.032696 -0.332597 -0.990412 0.082237 -0.110997 21.231075
-0.118970 -0.022222 0.992649 37.937531 0.079096 0.996360 0.031784 -0.310557 -0.989742 0.082296 -0.116779 21.061758
-0.118970 -0.022222 0.992649 37.937531 0.079096 0.996360 0.031784 -0.310557 -0.989742 0.082296 -0.116779 21.061758
-0.118970 -0.022222 0.992649 37.937531 0.079096 0.996360 0.031784 -0.310557 -0.989742 0.082296 -0.116779 21.061758
-0.118970 -0.022222 0.992649 37.937531 0.079096 0.996360 0.031784 -0.310557 -0.989742 0.082296 -0.116779 21.061758
-0.118970 -0.022222 0.992649 37.937531 0.079096 0.996360 0.031784 -0.310557 -0.989742 0.082296 -0.116779 21.061758
-0.134889 -0.020210 0.990655 43.203636 0.078088 0.996466 0.030962 -0.182414 -0.987779 0.081534 -0.132834 20.387812
-0.139776 -0.022861 0.989919 45.937698 0.078759 0.996309 0.034129 -0.125206 -0.987046 0.082735 -0.137459 19.989864
-0.141736 -0.022530 0.989648 47.327225 0.080286 0.996186 0.034177 -0.086787 -0.986643 0.084299 -0.139387 19.784809
-0.142745 -0.022204 0.989510 48.739090 0.080615 0.996166 0.033983 -0.041367 -0.986471 0.084621 -0.140408 19.580736
-0.143402 -0.021601 0.989429 50.193092 0.081386 0.996118 0.033542 -0.001892 -0.986312 0.085336 -0.141087 19.361736
-0.143402 -0.021601 0.989429 50.193092 0.081386 0.996118 0.033542 -0.001892 -0.986312 0.085336 -0.141087 19.361736
-0.142069 -0.019916 0.989656 53.143147 0.082469 0.996083 0.031884 0.050919 -0.986415 0.086146 -0.139870 18.964476
-0.140494 -0.019941 0.989881 54.654865 0.081992 0.996129 0.031704 0.091629 -0.986681 0.085617 -0.138315 18.741636
-0.138744 -0.020476 0.990117 56.193726 0.081289 0.996177 0.031993 0.129668 -0.986986 0.084924 -0.136549 18.528042
-0.137366 -0.019848 0.990321 57.749611 0.081784 0.996158 0.031309 0.166754 -0.987138 0.085294 -0.135215 18.310137
-0.137366 -0.019848 0.990321 57.749611 0.081784 0.996158 0.031309 0.166754 -0.987138 0.085294 -0.135215 18.310137
-0.135428 -0.018997 0.990605 60.907475 0.083345 0.996054 0.030495 0.223764 -0.987275 0.086692 -0.133311 17.887295
-0.133984 -0.019246 0.990797 62.545143 0.082775 0.996100 0.030543 0.264699 -0.987520 0.086105 -0.131868 17.655920
-0.132315 -0.020788 0.990990 64.209061 0.083245 0.996015 0.032008 0.308476 -0.987706 0.086730 -0.130057 17.422060
-0.130914 -0.022220 0.991145 65.880478 0.084560 0.995855 0.033495 0.354905 -0.987781 0.088196 -0.128492 17.193453
-0.130914 -0.022220 0.991145 65.880478 0.084560 0.995855 0.033495 0.354905 -0.987781 0.088196 -0.128492 17.193453
-0.129947 -0.020768 0.991304 69.160423 0.090566 0.995353 0.032725 0.403965 -0.987376 0.094031 -0.127462 16.765436
-0.128543 -0.020958 0.991482 70.880272 0.089143 0.995485 0.032600 0.444280 -0.987689 0.092574 -0.126094 16.536541
-0.126879 -0.021770 0.991679 72.603691 0.088428 0.995530 0.033168 0.484591 -0.987969 0.091900 -0.124386 16.289448
-0.125235 -0.022243 0.991878 74.367371 0.087494 0.995606 0.033374 0.540952 -0.988262 0.090963 -0.122738 16.031157
-0.128602 -0.022270 0.991446 76.011513 0.089962 0.995364 0.034027 0.552880 -0.987607 0.093569 -0.126002 15.839834
-0.128602 -0.022270 0.991446 76.011513 0.089962 0.995364 0.034027 0.552880 -0.987607 0.093569 -0.126002 15.839834
-0.128602 -0.022270 0.991446 76.011513 0.089962 0.995364 0.034027 0.552880 -0.987607 0.093569 -0.126002 15.839834
-0.128602 -0.022270 0.991446 76.011513 0.089962 0.995364 0.034027 0.552880 -0.987607 0.093569 -0.126002 15.839834
-0.128602 -0.022270 0.991446 76.011513 0.089962 0.995364 0.034027 0.552880 -0.987607 0.093569 -0.126002 15.839834
-0.126113 -0.019891 0.991817 83.231789 0.089600 0.995484 0.031357 0.754054 -0.987961 0.092821 -0.123761 14.747058
-0.129560 -0.020831 0.991353 86.807297 0.088474 0.995549 0.032482 0.801981 -0.987617 0.091917 -0.127140 14.387917
-0.129017 -0.021347 0.991413 88.712082 0.088072 0.995571 0.032898 0.851055 -0.987724 0.091560 -0.126566 14.102585
-0.128791 -0.022146 0.991425 90.580841 0.085725 0.995760 0.033379 0.901035 -0.987960 0.089289 -0.126346 13.846750
-0.129613 -0.021316 0.991335 92.467545 0.084881 0.995861 0.032511 0.953321 -0.987925 0.088359 -0.127268 13.569028
-0.129613 -0.021316 0.991335 92.467545 0.084881 0.995861 0.032511 0.953321 -0.987925 0.088359 -0.127268 13.569028
-0.137213 -0.020031 0.990339 96.164192 0.085627 0.995813 0.032006 1.000266 -0.986834 0.089191 -0.134923 13.162224
-0.140893 -0.020587 0.989811 98.091728 0.083581 0.995967 0.032612 1.044015 -0.986490 0.087325 -0.138604 12.872749
-0.144880 -0.021318 0.989220 100.018913 0.081440 0.996119 0.033394 1.093982 -0.986092 0.085400 -0.142581 12.581038
-0.148992 -0.020687 0.988622 101.959755 0.080300 0.996226 0.032948 1.134978 -0.985573 0.084296 -0.146769 12.281507
-0.148992 -0.020687 0.988622 101.959755 0.080300 0.996226 0.032948 1.134978 -0.985573 0.084296 -0.146769 12.281507
-0.160870 -0.017930 0.986813 105.779274 0.081031 0.996220 0.031310 1.184196 -0.983644 0.085000 -0.158809 11.756730
-0.165219 -0.017547 0.986101 107.736343 0.080182 0.996293 0.031162 1.219893 -0.982992 0.084216 -0.163200 11.454002
-0.169534 -0.018299 0.985354 109.722755 0.078365 0.996411 0.031987 1.252682 -0.982404 0.082640 -0.167492 11.131413
-0.174700 -0.018814 0.984442 111.711571 0.076419 0.996543 0.032606 1.295505 -0.981652 0.080926 -0.172658 10.815805
-0.174700 -0.018814 0.984442 111.711571 0.076419 0.996543 0.032606 1.295505 -0.981652 0.080926 -0.172658 10.815805
-0.188005 -0.019903 0.981966 115.622414 0.074794 0.996601 0.034520 1.365000 -0.979316 0.079935 -0.185877 10.106817
-0.193765 -0.018645 0.980871 117.609909 0.075668 0.996557 0.033891 1.404400 -0.978125 0.080788 -0.191687 9.725554
-0.199381 -0.017869 0.979759 119.600464 0.075091 0.996615 0.033458 1.450197 -0.977041 0.080242 -0.197365 9.340415
-0.206232 -0.018000 0.978338 121.604416 0.076113 0.996506 0.034379 1.486151 -0.975538 0.081554 -0.204141 8.974202
-0.211228 -0.018506 0.977262 123.588898 0.074343 0.996620 0.034941 1.516126 -0.974605 0.080034 -0.209138 8.559042
-0.211228 -0.018506 0.977262 123.588898 0.074343 0.996620 0.034941 1.516126 -0.974605 0.080034 -0.209138 8.559042
-0.211228 -0.018506 0.977262 123.588898 0.074343 0.996620 0.034941 1.516126 -0.974605 0.080034 -0.209138 8.559042
-0.211228 -0.018506 0.977262 123.588898 0.074343 0.996620 0.034941 1.516126 -0.974605 0.080034 -0.209138 8.559042
-0.211228 -0.018506 0.977262 123.588898 0.074343 0.996620 0.034941 1.516126 -0.974605 0.080034 -0.209138 8.559042
-0.233025 -0.018868 0.972288 131.714096 0.076026 0.996398 0.037557 1.694012 -0.969494 0.082671 -0.230751 6.853636
-0.237952 -0.018485 0.971101 135.760681 0.076726 0.996337 0.037765 1.793509 -0.968242 0.083495 -0.235662 5.839788
-0.240846 -0.018897 0.970379 137.821106 0.075859 0.996385 0.038232 1.844221 -0.967594 0.082820 -0.238542 5.351139
-0.244629 -0.018795 0.969435 139.906616 0.074742 0.996472 0.038180 1.891281 -0.966732 0.081798 -0.242361 4.852989
-0.248381 -0.018821 0.968480 141.966370 0.073025 0.996602 0.038096 1.942581 -0.965906 0.080185 -0.246163 4.351835
-0.248381 -0.018821 0.968480 141.966370 0.073025 0.996602 0.038096 1.942581 -0.965906 0.080185 -0.246163 4.351835
-0.256598 -0.017864 0.966353 146.074234 0.072868 0.996626 0.037772 2.046615 -0.963768 0.080108 -0.254430 3.309457
-0.261091 -0.017288 0.965159 148.116669 0.072788 0.996641 0.037543 2.095867 -0.962566 0.080054 -0.258956 2.788258
-0.265256 -0.017143 0.964026 150.152756 0.072590 0.996649 0.037697 2.140901 -0.961442 0.079978 -0.263122 2.255865
-0.270047 -0.017620 0.962686 152.204834 0.072043 0.996660 0.038451 2.196034 -0.960148 0.079738 -0.267875 1.719608
-0.270047 -0.017620 0.962686 152.204834 0.072043 0.996660 0.038451 2.196034 -0.960148 0.079738 -0.267875 1.719608
-0.278022 -0.018508 0.960396 156.447220 0.072618 0.996548 0.040227 2.302106 -0.957826 0.080926 -0.275719 0.471645
-0.282328 -0.017993 0.959149 158.523392 0.072856 0.996534 0.040140 2.361062 -0.956547 0.081212 -0.280039 -0.115841
-0.285973 -0.016569 0.958094 160.603302 0.073261 0.996546 0.039101 2.415927 -0.955433 0.081372 -0.283772 -0.706130
-0.289476 -0.015962 0.957052 162.685669 0.073387 0.996548 0.038818 2.471791 -0.954368 0.081472 -0.287305 -1.312127
-0.289476 -0.015962 0.957052 162.685669 0.073387 0.996548 0.038818 2.471791 -0.954368 0.081472 -0.287305 -1.312127
-0.295353 -0.014896 0.955272 166.989517 0.073210 0.996586 0.038176 2.556327 -0.952579 0.081211 -0.293254 -2.607506
-0.299588 -0.014619 0.953957 169.117279 0.073012 0.996599 0.038201 2.610400 -0.951271 0.081095 -0.297502 -3.226153
-0.303865 -0.014163 0.952610 171.252411 0.074413 0.996482 0.038552 2.669528 -0.949805 0.082601 -0.301742 -3.862578
-0.307380 -0.013861 0.951486 173.408356 0.076379 0.996309 0.039188 2.725858 -0.948517 0.084719 -0.305187 -4.525289
-0.309909 -0.015330 0.950643 175.606705 0.076924 0.996188 0.041141 2.778110 -0.947649 0.085877 -0.307548 -5.293184
-0.309909 -0.015330 0.950643 175.606705 0.076924 0.996188 0.041141 2.778110 -0.947649 0.085877 -0.307548 -5.293184
-0.309909 -0.015330 0.950643 175.606705 0.076924 0.996188 0.041141 2.778110 -0.947649 0.085877 -0.307548 -5.293184
-0.309909 -0.015330 0.950643 175.606705 0.076924 0.996188 0.041141 2.778110 -0.947649 0.085877 -0.307548 -5.293184
-0.309909 -0.015330 0.950643 175.606705 0.076924 0.996188 0.041141 2.778110 -0.947649 0.085877 -0.307548 -5.293184
-0.320672 -0.012903 0.947102 184.360947 0.074081 0.996503 0.038658 3.013387 -0.944289 0.082559 -0.318595 -8.095597
-0.327043 -0.010891 0.944947 188.737518 0.072131 0.996729 0.036453 3.121943 -0.942253 0.080082 -0.325188 -9.580240
-0.330312 -0.010522 0.943813 190.947952 0.072745 0.996680 0.036570 3.177056 -0.941064 0.080737 -0.328450 -10.341285
-0.333697 -0.011155 0.942614 193.165543 0.072622 0.996654 0.037503 3.231364 -0.939879 0.080969 -0.331770 -11.092504
-0.337075 -0.011808 0.941404 195.375336 0.072349 0.996640 0.038406 3.288841 -0.938694 0.081055 -0.335088 -11.862317
-0.337075 -0.011808 0.941404 195.375336 0.072349 0.996640 0.038406 3.288841 -0.938694 0.081055 -0.335088 -11.862317
-0.345061 -0.013313 0.938486 199.769257 0.070231 0.996730 0.039962 3.401420 -0.935949 0.079700 -0.342997 -13.455829
-0.348398 -0.012660 0.937261 201.970901 0.069756 0.996786 0.039393 3.461125 -0.934748 0.079104 -0.346395 -14.244979
-0.350958 -0.012487 0.936308 204.191666 0.069694 0.996789 0.039417 3.518588 -0.933794 0.079089 -0.348961 -15.062914
-0.353178 -0.011839 0.935481 206.376617 0.070922 0.996704 0.039389 3.570573 -0.932864 0.080258 -0.351175 -15.883188
-0.353178 -0.011839 0.935481 206.376617 0.070922 0.996704 0.039389 3.570573 -0.932864 0.080258 -0.351175 -15.883188
-0.360231 -0.013311 0.932768 210.767563 0.072069 0.996513 0.042054 3.687390 -0.930075 0.082373 -0.358015 -17.576504
-0.362507 -0.012801 0.931893 212.971924 0.073114 0.996433 0.042129 3.749847 -0.929109 0.083406 -0.360278 -18.414845
-0.365337 -0.012352 0.930793 215.189346 0.073139 0.996440 0.041930 3.802776 -0.927998 0.083396 -0.363133 -19.263329
-0.367878 -0.012002 0.929797 217.432449 0.073178 0.996442 0.041815 3.863147 -0.926990 0.083423 -0.365691 -20.131620
-0.367878 -0.012002 0.929797 217.432449 0.073178 0.996442 0.041815 3.863147 -0.926990 0.083423 -0.365691 -20.131620
-0.373514 -0.010296 0.927567 221.911774 0.072209 0.996581 0.040139 3.978964 -0.924810 0.081971 -0.371494 -21.876083
-0.376273 -0.010077 0.926454 224.159683 0.070521 0.996729 0.039483 4.035384 -0.923821 0.080191 -0.374331 -22.743946
-0.379640 -0.009416 0.925086 226.389023 0.071002 0.996702 0.039283 4.088363 -0.922406 0.080596 -0.377719 -23.605490
-0.383808 -0.009698 0.923362 228.641800 0.072705 0.996523 0.040688 4.137381 -0.920546 0.082750 -0.381768 -24.475893
-0.384143 -0.011603 0.923201 230.804230 0.071370 0.996556 0.042222 4.189206 -0.920511 0.082108 -0.381992 -25.428865
-0.384143 -0.011603 0.923201 230.804230 0.071370 0.996556 0.042222 4.189206 -0.920511 0.082108 -0.381992 -25.428865
-0.384143 -0.011603 0.923201 230.804230 0.071370 0.996556 0.042222 4.189206 -0.920511 0.082108 -0.381992 -25.428865
-0.384143 -0.011603 0.923201 230.804230 0.071370 0.996556 0.042222 4.189206 -0.920511 0.082108 -0.381992 -25.428865
-0.384143 -0.011603 0.923201 230.804230 0.071370 0.996556 0.042222 4.189206 -0.920511 0.082108 -0.381992 -25.428865
-0.398303 -0.013849 0.917149 239.506302 0.066975 0.996778 0.044137 4.434007 -0.914806 0.079006 -0.396092 -29.026886
-0.402954 -0.014797 0.915101 244.020096 0.064983 0.996883 0.044734 4.569294 -0.912910 0.077492 -0.400736 -30.995523
-0.406734 -0.015267 0.913419 246.245117 0.064185 0.996912 0.045243 4.634732 -0.911289 0.077030 -0.404498 -31.942497
-0.410070 -0.015462 0.911923 248.425278 0.063192 0.996972 0.045320 4.707201 -0.909862 0.076210 -0.407852 -32.905579
-0.413643 -0.015149 0.910313 250.630920 0.062953 0.996993 0.045197 4.776429 -0.908260 0.076002 -0.411445 -33.878929
-0.413643 -0.015149 0.910313 250.630920 0.062953 0.996993 0.045197 4.776429 -0.908260 0.076002 -0.411445 -33.878929
-0.422363 -0.015192 0.906300 254.988403 0.063587 0.996900 0.046344 4.896282 -0.904194 0.077203 -0.420087 -35.882019
-0.425688 -0.015124 0.904743 257.165833 0.062664 0.996967 0.046149 4.966835 -0.902697 0.076340 -0.423450 -36.888065
-0.429146 -0.014956 0.903112 259.342773 0.062886 0.996942 0.046392 5.049329 -0.901044 0.076702 -0.426893 -37.902550
-0.432765 -0.014548 0.901389 261.535614 0.063358 0.996907 0.046508 5.131027 -0.899277 0.077238 -0.430505 -38.926800
-0.432765 -0.014548 0.901389 261.535614 0.063358 0.996907 0.046508 5.131027 -0.899277 0.077238 -0.430505 -38.926800
-0.439495 -0.011960 0.898165 265.880005 0.065942 0.996784 0.045540 5.269377 -0.895821 0.079242 -0.437293 -41.025143
-0.442387 -0.011503 0.896750 268.054321 0.066747 0.996722 0.045714 5.348982 -0.894337 0.080079 -0.440170 -42.102280
-0.445208 -0.010101 0.895370 270.158905 0.068140 0.996655 0.045126 5.427279 -0.892830 0.081101 -0.443031 -43.169163
-0.448015 -0.008391 0.893987 272.288910 0.069735 0.996581 0.044301 5.502641 -0.891302 0.082190 -0.445898 -44.275684
-0.448015 -0.008391 0.893987 272.288910 0.069735 0.996581 0.044301 5.502641 -0.891302 0.082190 -0.445898 -44.275684
-0.453970 -0.006394 0.890994 276.768097 0.071471 0.996491 0.043566 5.647366 -0.888146 0.083458 -0.451920 -46.448200
-0.457185 -0.006684 0.889347 278.969788 0.070241 0.996577 0.043598 5.734390 -0.886594 0.082401 -0.455150 -47.564800
-0.460492 -0.005703 0.887645 281.140259 0.070411 0.996594 0.042931 5.823030 -0.884867 0.082270 -0.458522 -48.715729
-0.463031 -0.005913 0.886322 283.333282 0.069076 0.996696 0.042736 5.907159 -0.883646 0.081012 -0.461092 -49.901176
-0.465162 -0.005118 0.885211 285.630676 0.069419 0.996693 0.042241 5.944964 -0.882500 0.081100 -0.463268 -50.944252
-0.465162 -0.005118 0.885211 285.630676 0.069419 0.996693 0.042241 5.944964 -0.882500 0.081100 -0.463268 -50.944252
-0.465162 -0.005118 0.885211 285.630676 0.069419 0.996693 0.042241 5.944964 -0.882500 0.081100 -0.463268 -50.944252
-0.465162 -0.005118 0.885211 285.630676 0.069419 0.996693 0.042241 5.944964 -0.882500 0.081100 -0.463268 -50.944252
-0.465162 -0.005118 0.885211 285.630676 0.069419 0.996693 0.042241 5.944964 -0.882500 0.081100 -0.463268 -50.944252
-0.473142 -0.006094 0.880965 294.448730 0.070685 0.996490 0.044856 6.281308 -0.878146 0.083494 -0.471051 -55.692158
-0.477981 -0.006701 0.878345 298.997284 0.072050 0.996302 0.046809 6.450946 -0.875410 0.085659 -0.475731 -58.103546
-0.479824 -0.007568 0.877332 301.227753 0.071657 0.996284 0.047785 6.543961 -0.874433 0.085796 -0.477499 -59.335037
-0.480918 -0.007349 0.876735 303.452087 0.070564 0.996397 0.047058 6.648427 -0.873922 0.084497 -0.478666 -60.623116
-0.482885 -0.006064 0.875663 305.656342 0.068999 0.996603 0.044951 6.735615 -0.872961 0.082126 -0.480827 -61.854977
-0.482885 -0.006064 0.875663 305.656342 0.068999 0.996603 0.044951 6.735615 -0.872961 0.082126 -0.480827 -61.854977
-0.490458 -0.008796 0.871421 310.247223 0.065762 0.996724 0.047073 6.889861 -0.868980 0.080393 -0.488273 -64.279404
-0.494252 -0.011495 0.869242 312.470825 0.062441 0.996860 0.048687 6.990509 -0.867073 0.078340 -0.491983 -65.543671
-0.497641 -0.013022 0.867285 314.723938 0.060672 0.996916 0.049781 7.104082 -0.865259 0.077393 -0.495316 -66.872971
-0.500747 -0.013456 0.865489 316.969391 0.060141 0.996922 0.050295 7.212050 -0.863502 0.077237 -0.498396 -68.177330
-0.500747 -0.013456 0.865489 316.969391 0.060141 0.996922 0.050295 7.212050 -0.863502 0.077237 -0.498396 -68.177330
-0.511037 -0.010572 0.859494 321.658844 0.065493 0.996539 0.051199 7.400051 -0.857060 0.082456 -0.508576 -70.863342
-0.510120 -0.012254 0.860016 323.696136 0.064334 0.996554 0.052359 7.523713 -0.857694 0.082038 -0.507574 -72.305740
-0.512413 -0.013871 0.858627 325.822449 0.063460 0.996524 0.053971 7.633053 -0.856391 0.082144 -0.509751 -73.632912
-0.514593 -0.016260 0.857280 327.984680 0.061368 0.996558 0.055739 7.736060 -0.855236 0.081293 -0.511823 -74.969574
-0.514593 -0.016260 0.857280 327.984680 0.061368 0.996558 0.055739 7.736060 -0.855236 0.081293 -0.511823 -74.969574
-0.527546 -0.016453 0.849367 332.540253 0.061438 0.996456 0.057461 7.908994 -0.847302 0.082497 -0.524666 -77.498489
-0.526204 -0.017300 0.850183 333.871643 0.060169 0.996530 0.057518 7.995514 -0.848227 0.081421 -0.523337 -78.437424
-0.526678 -0.018772 0.849858 334.964874 0.059037 0.996534 0.058598 8.055164 -0.848012 0.081035 -0.523745 -79.141594
-0.527436 -0.020479 0.849348 336.140930 0.056836 0.996619 0.059325 8.116714 -0.847692 0.079563 -0.524489 -79.899391
-0.534657 -0.019832 0.844837 337.398712 0.059931 0.996318 0.061315 8.146483 -0.842942 0.083415 -0.531499 -80.574837
-0.534657 -0.019832 0.844837 337.398712 0.059931 0.996318 0.061315 8.146483 -0.842942 0.083415 -0.531499 -80.574837
-0.534657 -0.019832 0.844837 337.398712 0.059931 0.996318 0.061315 8.146483 -0.842942 0.083415 -0.531499 -80.574837
-0.534657 -0.019832 0.844837 337.398712 0.059931 0.996318 0.061315 8.146483 -0.842942 0.083415 -0.531499 -80.574837
-0.534657 -0.019832 0.844837 337.398712 0.059931 0.996318 0.061315 8.146483 -0.842942 0.083415 -0.531499 -80.574837
-0.529559 -0.020973 0.848014 342.994019 0.052942 0.996928 0.057717 8.553858 -0.846619 0.075460 -0.526822 -84.557030
-0.538240 -0.026805 0.842365 346.191315 0.048497 0.996853 0.062709 8.657771 -0.841395 0.074605 -0.535246 -86.405022
-0.541193 -0.026069 0.840494 347.501190 0.049351 0.996812 0.062694 8.740449 -0.839449 0.075409 -0.538181 -87.276550
-0.540395 -0.026488 0.840994 348.115417 0.048260 0.996883 0.062408 8.786597 -0.840026 0.074311 -0.537432 -87.781250
-0.536822 -0.029656 0.843174 348.536285 0.046219 0.996848 0.064487 8.834683 -0.842429 0.073588 -0.533759 -88.252144
-0.536822 -0.029656 0.843174 348.536285 0.046219 0.996848 0.064487 8.834683 -0.842429 0.073588 -0.533759 -88.252144
-0.531167 -0.031614 0.846677 349.497925 0.044060 0.996921 0.064865 8.891745 -0.846121 0.071758 -0.528138 -89.017029
-0.525218 -0.030411 0.850424 349.889862 0.045849 0.996898 0.063965 8.941470 -0.849731 0.072587 -0.522195 -89.565140
-0.521452 -0.029710 0.852763 350.315155 0.046521 0.996917 0.063179 8.995032 -0.852012 0.072617 -0.518462 -90.068115
-0.517239 -0.030225 0.855307 350.581207 0.045429 0.996998 0.062705 9.030303 -0.854635 0.071290 -0.514313 -90.389847
-0.517239 -0.030225 0.855307 350.581207 0.045429 0.996998 0.062705 9.030303 -0.854635 0.071290 -0.514313 -90.389847
-0.515822 -0.036279 0.855927 351.182556 0.031925 0.997595 0.061523 9.042682 -0.856100 0.059060 -0.513424 -90.587234
-0.517467 -0.032976 0.855068 351.347168 0.023488 0.998333 0.052715 9.043466 -0.855381 0.047362 -0.515830 -90.667732
-0.519033 -0.023268 0.854438 351.439392 0.031907 0.998405 0.046570 9.028865 -0.854159 0.051434 -0.517463 -90.786346
-0.516988 -0.021665 0.855719 351.557892 0.040102 0.997969 0.049494 9.000424 -0.855053 0.059904 -0.515069 -90.942787
-0.516988 -0.021665 0.855719 351.557892 0.040102 0.997969 0.049494 9.000424 -0.855053 0.059904 -0.515069 -90.942787
-0.516850 -0.039217 0.855177 351.989777 0.034202 0.997207 0.066401 9.027878 -0.855392 0.063568 -0.514065 -91.202446
-0.517579 -0.043767 0.854515 352.209259 0.029992 0.997149 0.069239 9.072980 -0.855109 0.061465 -0.514791 -91.369919
-0.517939 -0.043479 0.854312 352.369476 0.029509 0.997205 0.068641 9.117005 -0.854908 0.060762 -0.515208 -91.520325
-0.519022 -0.038510 0.853893 352.507141 0.035204 0.997174 0.066370 9.149643 -0.854035 0.064508 -0.516200 -91.675758
-0.520448 -0.036319 0.853121 352.587738 0.036830 0.997211 0.064921 9.134314 -0.853099 0.065209 -0.517658 -91.782471
-0.520448 -0.036319 0.853121 352.587738 0.036830 0.997211 0.064921 9.134314 -0.853099 0.065209 -0.517658 -91.782471
-0.520448 -0.036319 0.853121 352.587738 0.036830 0.997211 0.064921 9.134314 -0.853099 0.065209 -0.517658 -91.782471
-0.520448 -0.036319 0.853121 352.587738 0.036830 0.997211 0.064921 9.134314 -0.853099 0.065209 -0.517658 -91.782471
-0.520448 -0.036319 0.853121 352.587738 0.036830 0.997211 0.064921 9.134314 -0.853099 0.065209 -0.517658 -91.782471
-0.522680 -0.030892 0.851969 353.190826 0.041786 0.997214 0.061794 9.195597 -0.851505 0.067899 -0.519932 -92.410278
-0.526037 -0.033125 0.849816 353.343872 0.037749 0.997347 0.062243 9.209097 -0.849623 0.064822 -0.523391 -92.721588
-0.525245 -0.033540 0.850290 353.435730 0.036208 0.997437 0.061710 9.215371 -0.850180 0.063200 -0.522685 -92.855774
-0.523861 -0.034382 0.851109 353.539337 0.036603 0.997353 0.062819 9.225497 -0.851017 0.064062 -0.521216 -93.011093
-0.523624 -0.035791 0.851197 353.686981 0.037303 0.997196 0.064877 9.247593 -0.851132 0.065724 -0.520820 -93.188133
-0.523624 -0.035791 0.851197 353.686981 0.037303 0.997196 0.064877 9.247593 -0.851132 0.065724 -0.520820 -93.188133
-0.527827 -0.034966 0.848632 353.941742 0.039510 0.997060 0.065656 9.273479 -0.848433 0.068185 -0.524893 -93.655273
-0.527384 -0.034546 0.848924 354.073914 0.035091 0.997435 0.062390 9.292670 -0.848902 0.062693 -0.524819 -93.813225
-0.526674 -0.034897 0.849351 354.187531 0.031328 0.997681 0.060418 9.308480 -0.849490 0.058429 -0.524360 -93.962341
-0.525415 -0.036050 0.850082 354.321960 0.029548 0.997726 0.060574 9.321014 -0.850333 0.056944 -0.523156 -94.138718
-0.525415 -0.036050 0.850082 354.321960 0.029548 0.997726 0.060574 9.321014 -0.850333 0.056944 -0.523156 -94.138718
-0.524459 -0.033753 0.850766 354.546967 0.030716 0.997814 0.058521 9.312972 -0.850881 0.056824 -0.522276 -94.545959
-0.523566 -0.034732 0.851277 354.758484 0.027775 0.997942 0.057799 9.317580 -0.851532 0.053905 -0.521523 -94.743523
-0.524494 -0.036201 0.850644 355.065918 0.027249 0.997870 0.059268 9.327428 -0.850978 0.054265 -0.522390 -94.999184
-0.523457 -0.038479 0.851183 355.396271 0.028061 0.997659 0.062358 9.343700 -0.851590 0.056527 -0.521152 -95.280479
-0.523457 -0.038479 0.851183 355.396271 0.028061 0.997659 0.062358 9.343700 -0.851590 0.056527 -0.521152 -95.280479
-0.520656 -0.041960 0.852735 357.048584 0.036367 0.996795 0.071253 9.440082 -0.852992 0.068110 -0.517462 -96.578323
-0.514373 -0.042554 0.856510 358.320587 0.033841 0.996983 0.069856 9.543828 -0.856898 0.064917 -0.511381 -97.549988
-0.502164 -0.041113 0.863795 359.535553 0.027665 0.997594 0.063564 9.686348 -0.864330 0.055817 -0.499818 -98.835304
-0.491981 -0.040076 0.869683 360.644012 0.024402 0.997913 0.059789 9.799664 -0.870264 0.050638 -0.489976 -99.855812
-0.484338 -0.043033 0.873822 361.717834 0.019332 0.998019 0.059865 9.793435 -0.874668 0.045888 -0.482546 -100.451332
-0.484338 -0.043033 0.873822 361.717834 0.019332 0.998019 0.059865 9.793435 -0.874668 0.045888 -0.482546 -100.451332
-0.484338 -0.043033 0.873822 361.717834 0.019332 0.998019 0.059865 9.793435 -0.874668 0.045888 -0.482546 -100.451332
-0.484338 -0.043033 0.873822 361.717834 0.019332 0.998019 0.059865 9.793435 -0.874668 0.045888 -0.482546 -100.451332
-0.484338 -0.043033 0.873822 361.717834 0.019332 0.998019 0.059865 9.793435 -0.874668 0.045888 -0.482546 -100.451332
-0.475680 -0.044543 0.878490 366.216278 0.013198 0.998243 0.057761 10.034243 -0.879519 0.039070 -0.474257 -103.060707
-0.488184 -0.052692 0.871149 369.375275 -0.001471 0.998224 0.059554 10.116894 -0.872740 0.027792 -0.487394 -104.370789
-0.488374 -0.053262 0.871008 370.862701 -0.003331 0.998242 0.059174 10.193265 -0.872628 0.025997 -0.487693 -105.186279
-0.485738 -0.053744 0.872451 372.673920 -0.001305 0.998151 0.060761 10.288838 -0.874104 0.028375 -0.484910 -106.252747
-0.480820 -0.055741 0.875046 373.844391 0.000021 0.997977 0.063583 10.350534 -0.876819 0.030590 -0.479846 -106.989479
-0.480820 -0.055741 0.875046 373.844391 0.000021 0.997977 0.063583 10.350534 -0.876819 0.030590 -0.479846 -106.989479
-0.473853 -0.056390 0.878797 374.906433 -0.001841 0.998009 0.063047 10.413396 -0.880602 0.028257 -0.473013 -107.711143
-0.472203 -0.054927 0.879777 375.519043 -0.002817 0.998146 0.060805 10.460600 -0.881485 0.026234 -0.471482 -108.086685
-0.470423 -0.053080 0.880843 376.111969 -0.002155 0.998255 0.059005 10.502625 -0.882438 0.025859 -0.469717 -108.467140
-0.468763 -0.052332 0.881773 376.718170 0.001240 0.998204 0.059902 10.539305 -0.883323 0.029173 -0.467856 -108.846947
-0.468763 -0.052332 0.881773 376.718170 0.001240 0.998204 0.059902 10.539305 -0.883323 0.029173 -0.467856 -108.846947
-0.461405 -0.052232 0.885651 377.952515 0.004057 0.998131 0.060979 10.566991 -0.887180 0.031730 -0.460331 -109.629547
-0.457916 -0.051931 0.887478 378.475433 0.004538 0.998143 0.060748 10.605272 -0.888984 0.031845 -0.456830 -109.983078
-0.456762 -0.052708 0.888026 379.061676 0.004459 0.998095 0.061534 10.646421 -0.889578 0.032066 -0.455657 -110.314766
-0.455961 -0.054172 0.888349 379.585205 0.003875 0.998016 0.062849 10.683924 -0.889991 0.032099 -0.454847 -110.606094
-0.455961 -0.054172 0.888349 379.585205 0.003875 0.998016 0.062849 10.683924 -0.889991 0.032099 -0.454847 -110.606094
-0.453273 -0.053057 0.889791 380.899200 0.002149 0.998159 0.060614 10.708576 -0.891369 0.029387 -0.452324 -111.274834
-0.451597 -0.052946 0.890650 381.408295 0.002264 0.998167 0.060486 10.737354 -0.892219 0.029332 -0.450649 -111.569771
-0.448973 -0.053943 0.891915 381.973755 0.001712 0.998122 0.061228 10.773071 -0.893544 0.029017 -0.448038 -111.896507
-0.447872 -0.055132 0.892396 382.446503 0.000186 0.998091 0.061755 10.807205 -0.894098 0.027825 -0.447007 -112.167480
-0.450147 -0.056123 0.891189 383.031281 -0.000148 0.998028 0.062776 10.791368 -0.892955 0.028126 -0.449267 -112.389893
-0.450147 -0.056123 0.891189 383.031281 -0.000148 0.998028 0.062776 10.791368 -0.892955 0.028126 -0.449267 -112.389893
-0.450147 -0.056123 0.891189 383.031281 -0.000148 0.998028 0.062776 10.791368 -0.892955 0.028126 -0.449267 -112.389893
-0.450147 -0.056123 0.891189 383.031281 -0.000148 0.998028 0.062776 10.791368 -0.892955 0.028126 -0.449267 -112.389893
-0.450147 -0.056123 0.891189 383.031281 -0.000148 0.998028 0.062776 10.791368 -0.892955 0.028126 -0.449267 -112.389893
-0.450464 -0.058717 0.890861 385.303253 -0.002727 0.997921 0.064394 10.929704 -0.892790 0.026578 -0.449688 -113.634331
-0.453193 -0.058992 0.889458 386.420990 -0.002733 0.997895 0.064792 10.972569 -0.891408 0.026932 -0.452401 -114.146576
-0.454545 -0.058123 0.888825 386.907104 -0.002485 0.997948 0.063988 11.008915 -0.890720 0.026877 -0.453757 -114.434746
-0.456389 -0.057563 0.887916 387.566132 -0.001345 0.997949 0.064005 11.053565 -0.889779 0.028017 -0.455530 -114.793900
-0.454714 -0.057730 0.888765 388.163086 -0.001442 0.997944 0.064084 11.091584 -0.890636 0.027858 -0.453862 -115.150322
-0.454714 -0.057730 0.888765 388.163086 -0.001442 0.997944 0.064084 11.091584 -0.890636 0.027858 -0.453862 -115.150322
-0.457229 -0.057355 0.887498 389.284210 -0.002289 0.997991 0.063316 11.112914 -0.889346 0.026918 -0.456442 -115.557159
-0.459790 -0.058247 0.886115 389.753021 -0.003043 0.997944 0.064019 11.144429 -0.888022 0.026739 -0.459022 -115.807114
-0.460020 -0.059185 0.885934 390.329865 -0.002722 0.997865 0.065249 11.174545 -0.887904 0.027604 -0.459199 -116.123985
-0.461216 -0.060706 0.885209 390.873047 -0.002620 0.997746 0.067059 11.212049 -0.887284 0.028609 -0.460335 -116.420311
-0.461216 -0.060706 0.885209 390.873047 -0.002620 0.997746 0.067059 11.212049 -0.887284 0.028609 -0.460335 -116.420311
-0.456995 -0.058809 0.887523 392.270081 -0.001705 0.997868 0.065243 11.261529 -0.889467 0.028303 -0.456121 -117.048904
-0.457930 -0.058659 0.887051 392.852264 -0.001358 0.997866 0.065286 11.299856 -0.888987 0.028692 -0.457032 -117.352623
-0.458715 -0.059567 0.886585 393.459717 -0.001425 0.997799 0.066302 11.336727 -0.888582 0.029151 -0.457790 -117.692039
-0.457975 -0.059415 0.886977 394.099365 -0.001998 0.997830 0.065809 11.381934 -0.888963 0.028366 -0.457100 -118.062454
-0.457975 -0.059415 0.886977 394.099365 -0.001998 0.997830 0.065809 11.381934 -0.888963 0.028366 -0.457100 -118.062454
-0.453034 -0.060983 0.889405 395.386353 -0.003726 0.997778 0.066516 11.424597 -0.891485 0.026820 -0.452255 -118.704041
-0.446237 -0.062183 0.892752 396.301453 -0.004578 0.997729 0.067207 11.498280 -0.894903 0.025903 -0.445508 -119.303558
-0.447734 -0.063801 0.891887 396.858307 -0.006321 0.997652 0.068194 11.540340 -0.894144 0.024895 -0.447086 -119.585503
-0.447147 -0.061991 0.892310 397.500275 -0.007062 0.997809 0.065782 11.590872 -0.894432 0.023113 -0.446605 -119.951721
-0.450524 -0.059859 0.890755 398.205902 -0.005456 0.997916 0.064301 11.589715 -0.892748 0.024109 -0.449911 -120.169266
-0.450524 -0.059859 0.890755 398.205902 -0.005456 0.997916 0.064301 11.589715 -0.892748 0.024109 -0.449911 -120.169266
-0.450524 -0.059859 0.890755 398.205902 -0.005456 0.997916 0.064301 11.589715 -0.892748 0.024109 -0.449911 -120.169266
-0.450524 -0.059859 0.890755 398.205902 -0.005456 0.997916 0.064301 11.589715 -0.892748 0.024109 -0.449911 -120.169266
-0.450524 -0.059859 0.890755 398.205902 -0.005456 0.997916 0.064301 11.589715 -0.892748 0.024109 -0.449911 -120.169266
-0.448080 -0.061727 0.891860 400.830261 -0.004467 0.997756 0.066812 11.753835 -0.893982 0.025953 -0.447350 -121.653091
-0.441595 -0.059787 0.895220 402.351318 -0.002202 0.997847 0.065555 11.819668 -0.897212 0.026977 -0.440776 -122.474945
-0.439066 -0.059412 0.896488 403.008575 -0.001415 0.997856 0.065437 11.863908 -0.898454 0.027463 -0.438209 -122.853264
-0.439771 -0.060502 0.896070 403.556946 -0.001140 0.997765 0.066808 11.894982 -0.898109 0.028359 -0.438858 -123.136375
-0.438848 -0.061739 0.896438 403.812500 -0.001305 0.997679 0.068073 11.910838 -0.898560 0.028704 -0.437910 -123.269646
-0.438848 -0.061739 0.896438 403.812500 -0.001305 0.997679 0.068073 11.910838 -0.898560 0.028704 -0.437910 -123.269646
-0.443696 -0.061263 0.894081 404.944214 0.000179 0.997655 0.068449 11.951281 -0.896177 0.030530 -0.442644 -123.802063
-0.439411 -0.061621 0.896170 405.619934 0.001014 0.997610 0.069094 12.002692 -0.898286 0.031269 -0.438298 -124.215805
-0.437706 -0.062598 0.896937 406.221680 0.000136 0.997569 0.069688 12.048738 -0.899118 0.030625 -0.436633 -124.552429
-0.436967 -0.063688 0.897220 406.731934 -0.001127 0.997528 0.070259 12.090367 -0.899477 0.029689 -0.435959 -124.823761
-0.436967 -0.063688 0.897220 406.731934 -0.001127 0.997528 0.070259 12.090367 -0.899477 0.029689 -0.435959 -124.823761
-0.439445 -0.061499 0.896162 407.838531 0.000450 0.997638 0.068684 12.127802 -0.898269 0.030586 -0.438379 -125.313065
-0.437551 -0.060372 0.897164 408.369537 0.002272 0.997666 0.068243 12.159495 -0.899191 0.031898 -0.436393 -125.601578
-0.434766 -0.060518 0.898508 408.996185 0.002833 0.997643 0.068565 12.198008 -0.900539 0.032355 -0.433569 -125.942818
-0.432330 -0.061250 0.899633 409.623566 0.003692 0.997562 0.069692 12.243227 -0.901708 0.033451 -0.431050 -126.275261
-0.432330 -0.061250 0.899633 409.623566 0.003692 0.997562 0.069692 12.243227 -0.901708 0.033451 -0.431050 -126.275261
-0.434440 -0.060839 0.898644 410.925964 0.002586 0.997628 0.068790 12.301002 -0.900697 0.032209 -0.433252 -126.886841
-0.432919 -0.060413 0.899406 411.589844 0.002576 0.997665 0.068253 12.345731 -0.901429 0.031865 -0.431753 -127.218613
-0.430250 -0.060278 0.900695 412.155609 0.002568 0.997682 0.067995 12.388406 -0.902706 0.031568 -0.429098 -127.513870
-0.423556 -0.059733 0.903898 412.820404 0.001798 0.997766 0.066779 12.440476 -0.905868 0.029910 -0.422502 -127.926216
-0.428847 -0.062650 0.901202 413.521881 0.000089 0.997589 0.069393 12.452882 -0.903377 0.029839 -0.427807 -128.201828
-0.428847 -0.062650 0.901202 413.521881 0.000089 0.997589 0.069393 12.452882 -0.903377 0.029839 -0.427807 -128.201828
-0.428847 -0.062650 0.901202 413.521881 0.000089 0.997589 0.069393 12.452882 -0.903377 0.029839 -0.427807 -128.201828
-0.428847 -0.062650 0.901202 413.521881 0.000089 0.997589 0.069393 12.452882 -0.903377 0.029839 -0.427807 -128.201828
-0.428847 -0.062650 0.901202 413.521881 0.000089 0.997589 0.069393 12.452882 -0.903377 0.029839 -0.427807 -128.201828
-0.426183 -0.063248 0.902423 415.618683 -0.002474 0.997631 0.068753 12.599014 -0.904634 0.027069 -0.425330 -129.215195
-0.429178 -0.064102 0.900943 416.593964 -0.001980 0.997543 0.070032 12.658092 -0.903218 0.028273 -0.428250 -129.655304
-0.428541 -0.062135 0.901383 417.121857 -0.001943 0.997694 0.067850 12.698567 -0.903520 0.027325 -0.427674 -129.928680
-0.428239 -0.060832 0.901616 417.566956 -0.001701 0.997784 0.066512 12.725452 -0.903664 0.026950 -0.427393 -130.144211
-0.427488 -0.060153 0.902018 418.064880 -0.001212 0.997821 0.065968 12.754734 -0.904020 0.027108 -0.426629 -130.381332
-0.427488 -0.060153 0.902018 418.064880 -0.001212 0.997821 0.065968 12.754734 -0.904020 0.027108 -0.426629 -130.381332
-0.426308 -0.062424 0.902421 419.297150 0.000246 0.997608 0.069125 12.800035 -0.904578 0.029691 -0.425273 -130.968155
-0.424072 -0.062334 0.903481 419.891327 0.001426 0.997581 0.069495 12.844330 -0.905627 0.030759 -0.422957 -131.276031
-0.422001 -0.061143 0.904531 420.584656 0.001900 0.997661 0.068324 12.892123 -0.906594 0.030551 -0.420898 -131.612564
-0.419251 -0.060341 0.905863 421.171326 0.002159 0.997720 0.067459 12.933613 -0.907868 0.030238 -0.418165 -131.907425
-0.419251 -0.060341 0.905863 421.171326 0.002159 0.997720 0.067459 12.933613 -0.907868 0.030238 -0.418165 -131.907425
-0.421401 -0.061460 0.904789 422.198303 0.003704 0.997576 0.069488 12.985865 -0.906867 0.032633 -0.420152 -132.443130
-0.410607 -0.061112 0.909762 422.815582 0.004051 0.997619 0.068842 13.037302 -0.911804 0.031952 -0.409382 -132.899612
-0.399946 -0.060320 0.914552 423.468384 0.005477 0.997657 0.068196 13.101683 -0.916522 0.032284 -0.398679 -133.363190
-0.387658 -0.058318 0.919957 424.127136 0.006821 0.997788 0.066126 13.160253 -0.921778 0.031910 -0.386403 -133.847504
-0.387658 -0.058318 0.919957 424.127136 0.006821 0.997788 0.066126 13.160253 -0.921778 0.031910 -0.386403 -133.847504
