1.000000 0.000000 0.000000 0.000000 0.000000 1.000000 0.000000 0.000000 0.000000 0.000000 1.000000 0.000000
1.000000 0.000000 0.000000 0.000000 0.000000 1.000000 0.000000 0.000000 0.000000 0.000000 1.000000 0.000000
1.000000 0.000000 0.000000 0.000000 0.000000 1.000000 0.000000 0.000000 0.000000 0.000000 1.000000 0.000000
1.000000 0.000000 0.000000 0.000000 0.000000 1.000000 0.000000 0.000000 0.000000 0.000000 1.000000 0.000000
0.999999 -0.001077 -0.001024 -0.032179 0.001081 0.999992 0.003972 -0.086289 0.001020 -0.003973 0.999992 4.527719
0.999997 -0.000715 -0.002366 -0.052487 0.000725 0.999991 0.004114 -0.137207 0.002363 -0.004116 0.999989 7.524060
0.999994 -0.001433 -0.003233 -0.065231 0.001448 0.999988 0.004626 -0.163555 0.003226 -0.004631 0.999984 9.021397
0.999987 -0.002389 -0.004393 -0.068889 0.002408 0.999988 0.004292 -0.191594 0.004382 -0.004303 0.999981 10.527096
0.999981 -0.003280 -0.005168 -0.075765 0.003305 0.999984 0.004695 -0.214149 0.005152 -0.004712 0.999976 12.017545
0.999981 -0.003280 -0.005168 -0.075765 0.003305 0.999984 0.004695 -0.214149 0.005152 -0.004712 0.999976 12.017545
0.999941 -0.003374 -0.010337 -0.124716 0.003422 0.999984 0.004574 -0.267455 0.010321 -0.004609 0.999936 15.035744
0.999935 -0.001855 -0.011280 -0.151116 0.001915 0.999984 0.005344 -0.294673 0.011270 -0.005365 0.999922 16.520279
0.999932 -0.000646 -0.011616 -0.179439 0.000717 0.999981 0.006143 -0.310371 0.011612 -0.006151 0.999914 17.945333
0.999934 0.000198 -0.011443 -0.205320 -0.000119 0.999976 0.006913 -0.325939 0.011444 -0.006912 0.999911 19.344887
0.999934 0.000198 -0.011443 -0.205320 -0.000119 0.999976 0.006913 -0.325939 0.011444 -0.006912 0.999911 19.344887
0.999911 0.001601 -0.013246 -0.290825 -0.001493 0.999966 0.008149 -0.377270 0.013259 -0.008129 0.999879 22.333487
0.999912 0.002238 -0.013106 -0.313169 -0.002122 0.999958 0.008887 -0.396161 0.013125 -0.008858 0.999875 23.706350
0.999914 0.002650 -0.012866 -0.338650 -0.002523 0.999948 0.009876 -0.412404 0.012892 -0.009843 0.999868 25.101749
0.999918 0.003002 -0.012480 -0.361469 -0.002888 0.999954 0.009174 -0.430481 0.012507 -0.009138 0.999880 26.479488
0.999918 0.003002 -0.012480 -0.361469 -0.002888 0.999954 0.009174 -0.430481 0.012507 -0.009138 0.999880 26.479488
0.999914 0.001538 -0.013060 -0.415767 -0.001444 0.999973 0.007160 -0.471829 0.013071 -0.007140 0.999889 29.527998
0.999916 0.000640 -0.012908 -0.436205 -0.000521 0.999957 0.009262 -0.489283 0.012914 -0.009255 0.999874 30.907816
0.999921 -0.001163 -0.012514 -0.447543 0.001298 0.999941 0.010800 -0.507099 0.012501 -0.010816 0.999863 32.281673
0.999920 -0.001931 -0.012523 -0.462288 0.002061 0.999944 0.010381 -0.529294 0.012502 -0.010406 0.999868 33.632057
0.999920 -0.001867 -0.012544 -0.512016 0.001987 0.999953 0.009532 -0.544652 0.012526 -0.009556 0.999876 35.156677
0.999920 -0.001867 -0.012544 -0.512016 0.001987 0.999953 0.009532 -0.544652 0.012526 -0.009556 0.999876 35.156677
0.999920 -0.001867 -0.012544 -0.512016 0.001987 0.999953 0.009532 -0.544652 0.012526 -0.009556 0.999876 35.156677
0.999920 -0.001867 -0.012544 -0.512016 0.001987 0.999953 0.009532 -0.544652 0.012526 -0.009556 0.999876 35.156677
0.999920 -0.001867 -0.012544 -0.512016 0.001987 0.999953 0.009532 -0.544652 0.012526 -0.009556 0.999876 35.156677
0.999963 0.000264 -0.008549 -0.585402 -0.000169 0.999938 0.011158 -0.621422 0.008552 -0.011156 0.999901 40.376610
0.999989 0.000019 -0.004662 -0.633043 0.000043 0.999909 0.013487 -0.657007 0.004662 -0.013487 0.999898 43.064137
0.999999 -0.000555 -0.001392 -0.640048 0.000573 0.999911 0.013303 -0.671601 0.001385 -0.013304 0.999911 44.303944
0.999996 -0.001308 0.002356 -0.639150 0.001280 0.999927 0.011974 -0.686156 -0.002371 -0.011971 0.999926 45.523491
0.999982 -0.001319 0.005893 -0.639312 0.001255 0.999942 0.010729 -0.700753 -0.005906 -0.010722 0.999925 46.707546
0.999982 -0.001319 0.005893 -0.639312 0.001255 0.999942 0.010729 -0.700753 -0.005906 -0.010722 0.999925 46.707546
0.999874 -0.000556 0.015848 -0.646613 0.000384 0.999941 0.010832 -0.740473 -0.015853 -0.010824 0.999816 49.242294
0.999750 0.000849 0.022353 -0.630953 -0.001075 0.999948 0.010107 -0.754506 -0.022344 -0.010128 0.999699 50.392056
0.999561 0.002097 0.029555 -0.614985 -0.002413 0.999940 0.010641 -0.769065 -0.029531 -0.010707 0.999507 51.539326
0.999280 0.003126 0.037823 -0.587939 -0.003575 0.999924 0.011818 -0.781160 -0.037783 -0.011945 0.999215 52.680553
0.999280 0.003126 0.037823 -0.587939 -0.003575 0.999924 0.011818 -0.781160 -0.037783 -0.011945 0.999215 52.680553
0.998161 0.008027 0.060080 -0.496491 -0.008855 0.999869 0.013514 -0.818375 -0.059964 -0.014021 0.998102 55.099403
0.997170 0.009705 0.074554 -0.439305 -0.010813 0.999837 0.014482 -0.830933 -0.074401 -0.015247 0.997112 56.191525
0.995857 0.011482 0.090201 -0.378051 -0.012978 0.999787 0.016019 -0.839795 -0.089998 -0.017124 0.995795 57.283836
0.994139 0.011678 0.107477 -0.282711 -0.013617 0.999757 0.017320 -0.846921 -0.107249 -0.018682 0.994057 58.361267
0.994139 0.011678 0.107477 -0.282711 -0.013617 0.999757 0.017320 -0.846921 -0.107249 -0.018682 0.994057 58.361267
0.988952 0.010207 0.147883 0.020657 -0.012729 0.999789 0.016117 -0.865580 -0.147687 -0.017822 0.988874 60.603203
0.985570 0.007409 0.169108 0.186229 -0.010264 0.999819 0.016017 -0.865936 -0.168959 -0.017521 0.985467 61.663891
0.981591 0.002919 0.190971 0.381571 -0.006539 0.999811 0.018331 -0.873083 -0.190882 -0.019242 0.981424 62.716133
0.976952 -0.002741 0.213442 0.601361 -0.001615 0.999794 0.020234 -0.874760 -0.213453 -0.020112 0.976746 63.740410
0.971262 -0.009395 0.237828 0.855471 0.004844 0.999794 0.019715 -0.871228 -0.237964 -0.017997 0.971107 64.745750
0.971262 -0.009395 0.237828 0.855471 0.004844 0.999794 0.019715 -0.871228 -0.237964 -0.017997 0.971107 64.745750
0.971262 -0.009395 0.237828 0.855471 0.004844 0.999794 0.019715 -0.871228 -0.237964 -0.017997 0.971107 64.745750
0.971262 -0.009395 0.237828 0.855471 0.004844 0.999794 0.019715 -0.871228 -0.237964 -0.017997 0.971107 64.745750
0.971262 -0.009395 0.237828 0.855471 0.004844 0.999794 0.019715 -0.871228 -0.237964 -0.017997 0.971107 64.745750
0.939507 -0.027057 0.341460 2.018384 0.019451 0.999481 0.025681 -0.882018 -0.341977 -0.017486 0.939545 68.545547
0.915748 -0.030213 0.400615 2.764809 0.022905 0.999473 0.023019 -0.885135 -0.401099 -0.011903 0.915957 70.373955
0.902879 -0.031487 0.428741 3.150440 0.026163 0.999490 0.018307 -0.875196 -0.429099 -0.005312 0.903242 71.224121
0.888619 -0.033721 0.457405 3.571927 0.029376 0.999430 0.016610 -0.872659 -0.457705 -0.001323 0.889103 72.059296
0.872902 -0.034406 0.486681 4.010505 0.028119 0.999400 0.020219 -0.881680 -0.487084 -0.003964 0.873346 72.910629
0.872902 -0.034406 0.486681 4.010505 0.028119 0.999400 0.020219 -0.881680 -0.487084 -0.003964 0.873346 72.910629
0.835133 -0.035082 0.548928 4.977700 0.021736 0.999289 0.030796 -0.896855 -0.549619 -0.013787 0.835302 74.574989
0.814278 -0.031042 0.579644 5.468944 0.018673 0.999453 0.027293 -0.892848 -0.580174 -0.011400 0.814413 75.340874
0.792387 -0.024997 0.609506 5.994634 0.015243 0.999659 0.021181 -0.884938 -0.609828 -0.007493 0.792498 76.085869
0.770101 -0.023042 0.637506 6.549803 0.013527 0.999713 0.019793 -0.870316 -0.637779 -0.006619 0.770191 76.814369
0.770101 -0.023042 0.637506 6.549803 0.013527 0.999713 0.019793 -0.870316 -0.637779 -0.006619 0.770191 76.814369
0.722118 -0.025770 0.691289 7.782076 0.013616 0.999642 0.023041 -0.860899 -0.691636 -0.007225 0.722210 78.168762
0.696531 -0.025231 0.717083 8.418724 0.014661 0.999673 0.020934 -0.863649 -0.717377 -0.004068 0.696673 78.817101
0.669989 -0.023631 0.741994 9.055834 0.014044 0.999718 0.019157 -0.857797 -0.742238 -0.002414 0.670132 79.442314
0.643504 -0.021945 0.765128 9.719222 0.011883 0.999755 0.018680 -0.852148 -0.765351 -0.002928 0.643607 80.041473
0.643504 -0.021945 0.765128 9.719222 0.011883 0.999755 0.018680 -0.852148 -0.765351 -0.002928 0.643607 80.041473
0.586743 -0.015459 0.809625 11.139405 0.010405 0.999879 0.011551 -0.861466 -0.809706 0.001647 0.586833 81.146446
0.557037 -0.007215 0.830456 11.856029 0.008836 0.999957 0.002761 -0.856774 -0.830440 0.005800 0.557077 81.661705
0.526160 -0.000170 0.850386 12.600691 0.007296 0.999964 -0.004314 -0.862936 -0.850354 0.008475 0.526142 82.166084
0.494971 0.003668 0.868902 13.375952 0.004373 0.999968 -0.006713 -0.873738 -0.868899 0.007122 0.494939 82.645348
0.462360 0.004323 0.886682 14.169811 -0.000503 0.999989 -0.004614 -0.911465 -0.886692 0.001688 0.462357 83.062424
0.462360 0.004323 0.886682 14.169811 -0.000503 0.999989 -0.004614 -0.911465 -0.886692 0.001688 0.462357 83.062424
0.462360 0.004323 0.886682 14.169811 -0.000503 0.999989 -0.004614 -0.911465 -0.886692 0.001688 0.462357 83.062424
0.462360 0.004323 0.886682 14.169811 -0.000503 0.999989 -0.004614 -0.911465 -0.886692 0.001688 0.462357 83.062424
0.462360 0.004323 0.886682 14.169811 -0.000503 0.999989 -0.004614 -0.911465 -0.886692 0.001688 0.462357 83.062424
0.326894 0.005740 0.945044 17.555880 -0.021583 0.999766 0.001393 -0.967187 -0.944815 -0.020852 0.326941 84.620674
0.253110 0.003970 0.967429 19.357321 -0.027375 0.999621 0.003060 -0.987567 -0.967050 -0.027258 0.253122 85.209419
0.217857 0.002811 0.975977 20.285721 -0.027147 0.999626 0.003180 -0.997426 -0.975603 -0.027188 0.217852 85.444115
0.182568 0.001459 0.983192 21.229923 -0.025538 0.999669 0.003259 -0.998574 -0.982862 -0.025704 0.182545 85.639847
0.148132 0.000103 0.988968 22.183657 -0.018994 0.999816 0.002741 -1.009210 -0.988785 -0.019190 0.148106 85.796982
0.148132 0.000103 0.988968 22.183657 -0.018994 0.999816 0.002741 -1.009210 -0.988785 -0.019190 0.148106 85.796982
0.081988 0.006645 0.996611 24.081448 -0.015029 0.999872 -0.005430 -1.038958 -0.996520 -0.014532 0.082078 85.990349
0.053246 0.009024 0.998541 25.051277 -0.010634 0.999908 -0.008469 -1.062567 -0.998525 -0.010167 0.053337 86.045471
0.028373 0.006836 0.999574 26.029882 -0.008962 0.999938 -0.006584 -1.086015 -0.999557 -0.008771 0.028433 86.091835
0.007266 0.003416 0.999968 27.036997 -0.008680 0.999957 -0.003353 -1.104048 -0.999936 -0.008655 0.007295 86.125061
0.007266 0.003416 0.999968 27.036997 -0.008680 0.999957 -0.003353 -1.104048 -0.999936 -0.008655 0.007295 86.125061
-0.028802 0.003557 0.999579 29.024006 -0.005185 0.999980 -0.003708 -1.139069 -0.999572 -0.005290 -0.028783 86.067352
-0.042899 0.008263 0.999045 29.992853 -0.001980 0.999963 -0.008356 -1.147281 -0.999077 -0.002337 -0.042881 86.026901
-0.054294 0.012416 0.998448 30.983097 0.000880 0.999923 -0.012387 -1.170013 -0.998525 0.000206 -0.054301 85.977669
-0.062567 0.016476 0.997905 31.972715 0.006673 0.999848 -0.016089 -1.186241 -0.998018 0.005652 -0.062668 85.902367
-0.062567 0.016476 0.997905 31.972715 0.006673 0.999848 -0.016089 -1.186241 -0.998018 0.005652 -0.062668 85.902367
-0.074895 0.025443 0.996867 33.965664 0.013116 0.999613 -0.024527 -1.261734 -0.997105 0.011238 -0.075199 85.712143
-0.077190 0.028779 0.996601 34.955025 0.014077 0.999515 -0.027773 -1.299464 -0.996917 0.011885 -0.077558 85.623398
-0.080389 0.031738 0.996258 35.942635 0.015404 0.999413 -0.030595 -1.337335 -0.996645 0.012887 -0.080831 85.537056
-0.082360 0.034889 0.995992 36.932129 0.016234 0.999301 -0.033662 -1.377801 -0.996470 0.013397 -0.082869 85.450584
-0.085536 0.038807 0.995579 37.965836 0.017037 0.999152 -0.037483 -1.438702 -0.996189 0.013756 -0.086125 85.374229
-0.085536 0.038807 0.995579 37.965836 0.017037 0.999152 -0.037483 -1.438702 -0.996189 0.013756 -0.086125 85.374229
-0.085536 0.038807 0.995579 37.965836 0.017037 0.999152 -0.037483 -1.438702 -0.996189 0.013756 -0.086125 85.374229
-0.085536 0.038807 0.995579 37.965836 0.017037 0.999152 -0.037483 -1.438702 -0.996189 0.013756 -0.086125 85.374229
-0.085536 0.038807 0.995579 37.965836 0.017037 0.999152 -0.037483 -1.438702 -0.996189 0.013756 -0.086125 85.374229
-0.093818 0.038920 0.994828 42.033546 0.018463 0.999132 -0.037347 -1.639393 -0.995418 0.014863 -0.094455 84.944183
-0.099371 0.043474 0.994100 44.103397 0.015669 0.998990 -0.042121 -1.757375 -0.994927 0.011391 -0.099952 84.791122
-0.102333 0.046567 0.993660 45.120270 0.013300 0.998878 -0.045442 -1.812606 -0.994661 0.008566 -0.102837 84.682381
-0.105133 0.050434 0.993178 46.161629 0.010294 0.998715 -0.049626 -1.874404 -0.994405 0.005007 -0.105517 84.572914
-0.107852 0.052611 0.992774 47.209164 0.007795 0.998613 -0.052074 -1.935613 -0.994136 0.002123 -0.108112 84.474930
-0.107852 0.052611 0.992774 47.209164 0.007795 0.998613 -0.052074 -1.935613 -0.994136 0.002123 -0.108112 84.474930
-0.112155 0.047597 0.992550 49.353992 0.000185 0.998853 -0.047879 -2.069488 -0.993691 -0.005186 -0.112036 84.302589
-0.115060 0.045542 0.992314 50.409229 0.000169 0.998949 -0.045827 -2.135346 -0.993359 -0.005105 -0.114947 84.169281
-0.117115 0.045624 0.992070 51.455769 -0.000054 0.998944 -0.045946 -2.195538 -0.993118 -0.005434 -0.116989 84.049759
-0.118966 0.048197 0.991728 52.500244 0.001638 0.998829 -0.048345 -2.255700 -0.992897 -0.004127 -0.118906 83.914101
-0.118966 0.048197 0.991728 52.500244 0.001638 0.998829 -0.048345 -2.255700 -0.992897 -0.004127 -0.118906 83.914101
-0.118147 0.051578 0.991656 54.653912 0.001667 0.998659 -0.051743 -2.394778 -0.992995 -0.004460 -0.118075 83.682114
-0.118144 0.050517 0.991711 55.724419 -0.001652 0.998694 -0.051070 -2.463498 -0.992995 -0.007672 -0.117906 83.552963
-0.118121 0.050000 0.991740 56.793133 -0.004902 0.998690 -0.050934 -2.535036 -0.992987 -0.010878 -0.117721 83.438934
-0.118326 0.050589 0.991685 57.875244 -0.008548 0.998612 -0.051963 -2.605228 -0.992938 -0.014626 -0.117729 83.318909
-0.118326 0.050589 0.991685 57.875244 -0.008548 0.998612 -0.051963 -2.605228 -0.992938 -0.014626 -0.117729 83.318909
-0.118018 0.049630 0.991770 60.081684 -0.016889 0.998505 -0.051977 -2.747257 -0.992868 -0.022884 -0.117003 83.078659
-0.118287 0.044880 0.991965 61.183144 -0.017462 0.998730 -0.047268 -2.809586 -0.992826 -0.022913 -0.117353 82.943474
-0.118580 0.036853 0.992260 62.298950 -0.014627 0.999138 -0.038857 -2.871392 -0.992837 -0.019121 -0.117938 82.792084
-0.118332 0.031521 0.992474 63.414803 -0.008840 0.999423 -0.032795 -2.923930 -0.992935 -0.012654 -0.117985 82.627319
-0.117450 0.033875 0.992501 64.533684 0.002694 0.999425 -0.033793 -2.967134 -0.993075 -0.001295 -0.117474 82.528664
-0.117450 0.033875 0.992501 64.533684 0.002694 0.999425 -0.033793 -2.967134 -0.993075 -0.001295 -0.117474 82.528664
-0.117450 0.033875 0.992501 64.533684 0.002694 0.999425 -0.033793 -2.967134 -0.993075 -0.001295 -0.117474 82.528664
-0.117450 0.033875 0.992501 64.533684 0.002694 0.999425 -0.033793 -2.967134 -0.993075 -0.001295 -0.117474 82.528664
-0.117450 0.033875 0.992501 64.533684 0.002694 0.999425 -0.033793 -2.967134 -0.993075 -0.001295 -0.117474 82.528664
-0.115347 0.045593 0.992278 68.963577 0.009591 0.998951 -0.044785 -3.208285 -0.993279 0.004351 -0.115663 81.932892
-0.114251 0.038453 0.992707 71.240166 0.002924 0.999259 -0.038370 -3.344304 -0.993448 -0.001481 -0.114278 81.728012
-0.113623 0.039091 0.992755 72.385712 0.001331 0.999231 -0.039194 -3.398239 -0.993523 -0.003132 -0.113588 81.595970
-0.113288 0.043153 0.992625 73.515091 0.000838 0.999060 -0.043337 -3.456767 -0.993562 -0.004077 -0.113218 81.458527
-0.113342 0.046146 0.992484 74.650970 0.001503 0.998928 -0.046274 -3.522983 -0.993555 -0.003753 -0.113290 81.311966
-0.113342 0.046146 0.992484 74.650970 0.001503 0.998928 -0.046274 -3.522983 -0.993555 -0.003753 -0.113290 81.311966
-0.113291 0.038335 0.992822 76.941093 0.001754 0.999262 -0.038383 -3.659373 -0.993560 -0.002607 -0.113274 81.081055
-0.113321 0.036181 0.992899 78.102974 0.001686 0.999342 -0.036223 -3.725193 -0.993557 -0.002430 -0.113307 80.938873
-0.113075 0.038827 0.992827 79.255791 -0.000221 0.999235 -0.039102 -3.779176 -0.993586 -0.004641 -0.112980 80.814972
-0.112942 0.041669 0.992727 80.398819 -0.001380 0.999113 -0.042094 -3.834039 -0.993601 -0.006124 -0.112785 80.686195
-0.112942 0.041669 0.992727 80.398819 -0.001380 0.999113 -0.042094 -3.834039 -0.993601 -0.006124 -0.112785 80.686195
-0.112542 0.038756 0.992891 82.776939 -0.001975 0.999228 -0.039227 -3.953255 -0.993645 -0.006376 -0.112378 80.469116
-0.111690 0.037529 0.993034 83.951302 -0.000913 0.999282 -0.037868 -4.014756 -0.993743 -0.005136 -0.111575 80.330452
-0.110716 0.037837 0.993132 85.133751 0.000602 0.999277 -0.038004 -4.076599 -0.993852 -0.003609 -0.110659 80.177742
-0.109952 0.037852 0.993216 86.315033 0.002666 0.999282 -0.037788 -4.138521 -0.993933 -0.001507 -0.109973 80.030190
-0.109952 0.037852 0.993216 86.315033 0.002666 0.999282 -0.037788 -4.138521 -0.993933 -0.001507 -0.109973 80.030190
-0.107094 0.037662 0.993535 88.735542 0.004201 0.999291 -0.037428 -4.253942 -0.994240 0.000165 -0.107176 79.798195
-0.106385 0.035823 0.993679 89.937859 0.004787 0.999358 -0.035516 -4.316161 -0.994313 0.000978 -0.106488 79.659630
-0.106033 0.035050 0.993745 91.140213 0.003325 0.999385 -0.034895 -4.375082 -0.994357 -0.000396 -0.106085 79.523293
-0.104967 0.034659 0.993872 92.352806 0.004291 0.999399 -0.034399 -4.429099 -0.994466 0.000654 -0.105053 79.386894
-0.101308 0.034812 0.994246 93.600372 0.004290 0.999394 -0.034556 -4.490854 -0.994846 0.000765 -0.101396 79.288483
-0.101308 0.034812 0.994246 93.600372 0.004290 0.999394 -0.034556 -4.490854 -0.994846 0.000765 -0.101396 79.288483
-0.101308 0.034812 0.994246 93.600372 0.004290 0.999394 -0.034556 -4.490854 -0.994846 0.000765 -0.101396 79.288483
-0.101308 0.034812 0.994246 93.600372 0.004290 0.999394 -0.034556 -4.490854 -0.994846 0.000765 -0.101396 79.288483
-0.101308 0.034812 0.994246 93.600372 0.004290 0.999394 -0.034556 -4.490854 -0.994846 0.000765 -0.101396 79.288483
-0.099240 0.035386 0.994434 98.525093 -0.003717 0.999347 -0.035932 -4.736336 -0.995057 -0.007262 -0.099043 78.774651
-0.099545 0.032025 0.994518 101.051186 -0.010279 0.999395 -0.033211 -4.854449 -0.994980 -0.013529 -0.099156 78.605896
-0.100520 0.030509 0.994467 102.307198 -0.012193 0.999417 -0.031893 -4.913479 -0.994860 -0.015331 -0.100089 78.485718
-0.102404 0.029836 0.994295 103.562553 -0.013763 0.999412 -0.031407 -4.968974 -0.994648 -0.016900 -0.101933 78.360550
-0.103961 0.030121 0.994125 104.823654 -0.013800 0.999401 -0.031724 -5.026163 -0.994486 -0.017017 -0.103483 78.222717
-0.103961 0.030121 0.994125 104.823654 -0.013800 0.999401 -0.031724 -5.026163 -0.994486 -0.017017 -0.103483 78.222717
-0.110223 0.023252 0.993635 107.349106 -0.017942 0.999517 -0.025380 -5.146966 -0.993745 -0.020625 -0.109753 77.997917
-0.114403 0.022577 0.993178 108.600960 -0.019050 0.999508 -0.024915 -5.197568 -0.993252 -0.021770 -0.113917 77.857376
-0.119925 0.027251 0.992409 109.838715 -0.023567 0.999263 -0.030288 -5.255961 -0.992503 -0.027020 -0.119194 77.740120
-0.127744 0.030603 0.991335 111.056297 -0.024483 0.999122 -0.033998 -5.300789 -0.991505 -0.028614 -0.126883 77.589890
-0.127744 0.030603 0.991335 111.056297 -0.024483 0.999122 -0.033998 -5.300789 -0.991505 -0.028614 -0.126883 77.589890
-0.147191 0.023782 0.988822 113.547569 -0.022718 0.999366 -0.027417 -5.414090 -0.988847 -0.026499 -0.146558 77.297966
-0.159711 0.024550 0.986859 114.759674 -0.020857 0.999384 -0.028237 -5.470901 -0.986944 -0.025093 -0.159100 77.115669
-0.174124 0.024372 0.984422 115.977135 -0.020128 0.999397 -0.028303 -5.525258 -0.984518 -0.024743 -0.173528 76.919479
-0.188363 0.022806 0.981835 117.193336 -0.019689 0.999442 -0.026992 -5.570167 -0.981902 -0.024416 -0.187809 76.697754
-0.188363 0.022806 0.981835 117.193336 -0.019689 0.999442 -0.026992 -5.570167 -0.981902 -0.024416 -0.187809 76.697754
-0.219366 0.026932 0.975271 119.579262 -0.014305 0.999423 -0.030816 -5.688128 -0.975538 -0.020711 -0.218854 76.206009
-0.234657 0.029706 0.971624 120.749252 -0.015185 0.999299 -0.034220 -5.747716 -0.971960 -0.022784 -0.234042 75.942909
-0.250953 0.027216 0.967616 121.923668 -0.019808 0.999251 -0.033243 -5.809716 -0.967797 -0.027509 -0.250226 75.670013
-0.267118 0.020975 0.963436 123.103844 -0.025848 0.999247 -0.028922 -5.867390 -0.963317 -0.032628 -0.266374 75.384254
-0.282668 0.018043 0.959048 124.314590 -0.029525 0.999186 -0.027500 -5.926416 -0.958763 -0.036090 -0.281905 75.083885
-0.282668 0.018043 0.959048 124.314590 -0.029525 0.999186 -0.027500 -5.926416 -0.958763 -0.036090 -0.281905 75.083885
-0.282668 0.018043 0.959048 124.314590 -0.029525 0.999186 -0.027500 -5.926416 -0.958763 -0.036090 -0.281905 75.083885
-0.282668 0.018043 0.959048 124.314590 -0.029525 0.999186 -0.027500 -5.926416 -0.958763 -0.036090 -0.281905 75.083885
-0.282668 0.018043 0.959048 124.314590 -0.029525 0.999186 -0.027500 -5.926416 -0.958763 -0.036090 -0.281905 75.083885
-0.340172 0.022187 0.940101 128.860596 -0.029045 0.998997 -0.034087 -6.141486 -0.939915 -0.038901 -0.339186 73.644455
-0.367724 0.017771 0.929765 131.113083 -0.031885 0.998989 -0.031704 -6.269722 -0.929388 -0.041304 -0.366786 72.822701
-0.381972 0.018878 0.923981 132.210617 -0.033516 0.998851 -0.034264 -6.319768 -0.923566 -0.044056 -0.380901 72.402046
-0.396589 0.020681 0.917763 133.292084 -0.032941 0.998782 -0.036741 -6.372580 -0.917405 -0.044804 -0.395425 71.957222
-0.410622 0.021879 0.911543 134.386581 -0.032198 0.998741 -0.038476 -6.429880 -0.911237 -0.045149 -0.409400 71.490829
-0.410622 0.021879 0.911543 134.386581 -0.032198 0.998741 -0.038476 -6.429880 -0.911237 -0.045149 -0.409400 71.490829
-0.441881 0.028816 0.896611 136.539719 -0.028992 0.998503 -0.046379 -6.562677 -0.896605 -0.046488 -0.440384 70.471672
-0.456595 0.029990 0.889169 137.602356 -0.029118 0.998393 -0.048627 -6.628510 -0.889198 -0.048094 -0.454988 69.943871
-0.471533 0.027257 0.881427 138.677795 -0.030562 0.998417 -0.047225 -6.706284 -0.881319 -0.049206 -0.469953 69.397369
-0.486285 0.022782 0.873503 139.750061 -0.033670 0.998429 -0.044785 -6.771420 -0.873151 -0.051190 -0.484754 68.836090
-0.486285 0.022782 0.873503 139.750061 -0.033670 0.998429 -0.044785 -6.771420 -0.873151 -0.051190 -0.484754 68.836090
-0.520696 0.021046 0.853483 141.864746 -0.036738 0.998218 -0.047028 -6.915617 -0.852951 -0.055843 -0.518995 67.628212
-0.536211 0.020148 0.843844 142.909821 -0.037516 0.998158 -0.047671 -6.986599 -0.843250 -0.057220 -0.534467 67.003822
-0.551618 0.019222 0.833876 143.948318 -0.039105 0.998039 -0.048875 -7.059355 -0.833180 -0.059569 -0.549784 66.350746
-0.566710 0.018479 0.823710 144.969955 -0.039709 0.997974 -0.049708 -7.134173 -0.822960 -0.060878 -0.564828 65.676590
-0.566710 0.018479 0.823710 144.969955 -0.039709 0.997974 -0.049708 -7.134173 -0.822960 -0.060878 -0.564828 65.676590
-0.597627 0.010182 0.801710 147.052750 -0.043575 0.998029 -0.045159 -7.288942 -0.800590 -0.061923 -0.596005 64.261604
-0.611775 0.008323 0.790988 148.059479 -0.043202 0.998101 -0.043917 -7.361881 -0.789851 -0.061039 -0.610253 63.514950
-0.625956 0.007195 0.779825 149.045547 -0.043705 0.998062 -0.044289 -7.433843 -0.778633 -0.061805 -0.624428 62.758442
-0.640801 0.007297 0.767672 150.023697 -0.045722 0.997817 -0.047650 -7.509009 -0.766344 -0.065633 -0.639069 61.985596
-0.657883 0.007393 0.753084 151.006195 -0.046782 0.997620 -0.050661 -7.582902 -0.751666 -0.068560 -0.655971 61.169830
-0.657883 0.007393 0.753084 151.006195 -0.046782 0.997620 -0.050661 -7.582902 -0.751666 -0.068560 -0.655971 61.169830
-0.657883 0.007393 0.753084 151.006195 -0.046782 0.997620 -0.050661 -7.582902 -0.751666 -0.068560 -0.655971 61.169830
-0.657883 0.007393 0.753084 151.006195 -0.046782 0.997620 -0.050661 -7.582902 -0.751666 -0.068560 -0.655971 61.169830
-0.657883 0.007393 0.753084 151.006195 -0.046782 0.997620 -0.050661 -7.582902 -0.751666 -0.068560 -0.655971 61.169830
-0.721328 -0.007971 0.692548 154.769562 -0.056082 0.997322 -0.046934 -7.886240 -0.690319 -0.072694 -0.719844 57.752499
-0.757323 -0.015384 0.652859 156.544907 -0.061063 0.997011 -0.047340 -8.029188 -0.650180 -0.075717 -0.755998 55.900997
-0.772905 -0.014732 0.634351 157.382538 -0.060110 0.996934 -0.050087 -8.113165 -0.631668 -0.076844 -0.771421 54.952137
-0.787953 -0.013831 0.615579 158.187988 -0.056608 0.997141 -0.050056 -8.180740 -0.613127 -0.074289 -0.786484 53.970768
-0.802292 -0.013564 0.596777 158.967056 -0.053514 0.997351 -0.049275 -8.269716 -0.594528 -0.071468 -0.800893 52.967999
-0.802292 -0.013564 0.596777 158.967056 -0.053514 0.997351 -0.049275 -8.269716 -0.594528 -0.071468 -0.800893 52.967999
-0.831832 -0.010180 0.554934 160.438080 -0.050462 0.997078 -0.057350 -8.435674 -0.552728 -0.075709 -0.829915 50.871670
-0.844540 -0.009897 0.535401 161.153793 -0.048508 0.997132 -0.058084 -8.517067 -0.533291 -0.075026 -0.842598 49.822121
-0.855828 -0.010870 0.517146 161.847610 -0.046706 0.997319 -0.056332 -8.613975 -0.515148 -0.072365 -0.854041 48.742142
-0.865982 -0.009447 0.499985 162.509537 -0.044623 0.997293 -0.058444 -8.696230 -0.498080 -0.072922 -0.864060 47.637226
-0.865982 -0.009447 0.499985 162.509537 -0.044623 0.997293 -0.058444 -8.696230 -0.498080 -0.072922 -0.864060 47.637226
-0.885757 -0.009733 0.464048 163.725021 -0.044440 0.996965 -0.063915 -8.899862 -0.462017 -0.077236 -0.883501 45.375797
-0.893607 -0.011987 0.448691 164.322739 -0.045577 0.996900 -0.064139 -8.989491 -0.446531 -0.077765 -0.891383 44.236057
-0.900400 -0.014515 0.434820 164.906586 -0.047016 0.996836 -0.064082 -9.089062 -0.432515 -0.078143 -0.898234 43.090504
-0.906809 -0.015313 0.421263 165.453079 -0.046646 0.996848 -0.064173 -9.184815 -0.418952 -0.077843 -0.904666 41.962444
-0.906809 -0.015313 0.421263 165.453079 -0.046646 0.996848 -0.064173 -9.184815 -0.418952 -0.077843 -0.904666 41.962444
-0.919103 -0.025005 0.393224 166.526535 -0.052986 0.996763 -0.060462 -9.402502 -0.390439 -0.076406 -0.917453 39.642700
-0.923836 -0.028821 0.381703 167.054153 -0.054752 0.996857 -0.057248 -9.495193 -0.378853 -0.073787 -0.922510 38.463879
-0.928293 -0.027986 0.370796 167.542786 -0.052156 0.997106 -0.055315 -9.575057 -0.368174 -0.070688 -0.927066 37.283810
-0.931734 -0.024575 0.362309 167.998657 -0.048099 0.997269 -0.056051 -9.667254 -0.359941 -0.069651 -0.930371 36.101788
-0.934448 -0.017674 0.355661 168.432449 -0.041435 0.997380 -0.059299 -9.757272 -0.353682 -0.070149 -0.932732 34.839676
-0.934448 -0.017674 0.355661 168.432449 -0.041435 0.997380 -0.059299 -9.757272 -0.353682 -0.070149 -0.932732 34.839676
-0.934448 -0.017674 0.355661 168.432449 -0.041435 0.997380 -0.059299 -9.757272 -0.353682 -0.070149 -0.932732 34.839676
-0.934448 -0.017674 0.355661 168.432449 -0.041435 0.997380 -0.059299 -9.757272 -0.353682 -0.070149 -0.932732 34.839676
-0.934448 -0.017674 0.355661 168.432449 -0.041435 0.997380 -0.059299 -9.757272 -0.353682 -0.070149 -0.932732 34.839676
-0.941334 -0.030668 0.336081 170.272568 -0.051688 0.997214 -0.053775 -10.148288 -0.333495 -0.067992 -0.940297 30.058849
-0.943683 -0.039418 0.328495 171.166809 -0.061804 0.996403 -0.057982 -10.319450 -0.325027 -0.075019 -0.942724 27.625586
-0.944339 -0.039609 0.326581 171.595398 -0.062569 0.996230 -0.060097 -10.404713 -0.322969 -0.077186 -0.943257 26.420609
-0.944516 -0.038563 0.326195 172.025345 -0.062111 0.996137 -0.062081 -10.498770 -0.322540 -0.078897 -0.943262 25.218441
-0.944688 -0.036376 0.325946 172.445679 -0.060330 0.996145 -0.063684 -10.595524 -0.322373 -0.079826 -0.943241 24.005873
-0.944688 -0.036376 0.325946 172.445679 -0.060330 0.996145 -0.063684 -10.595524 -0.322373 -0.079826 -0.943241 24.005873
-0.943716 -0.034433 0.328959 173.299606 -0.059429 0.996033 -0.066232 -10.800643 -0.325373 -0.082054 -0.942019 21.548031
-0.942977 -0.033311 0.331187 173.713791 -0.058481 0.996083 -0.066324 -10.901876 -0.327681 -0.081911 -0.941231 20.333796
-0.941999 -0.033237 0.333967 174.146957 -0.058506 0.996110 -0.065890 -11.010362 -0.330478 -0.081608 -0.940279 19.120926
-0.940817 -0.034063 0.337199 174.589951 -0.059626 0.996053 -0.065744 -11.110525 -0.333629 -0.081959 -0.939135 17.920382
-0.940817 -0.034063 0.337199 174.589951 -0.059626 0.996053 -0.065744 -11.110525 -0.333629 -0.081959 -0.939135 17.920382
-0.937555 -0.040499 0.345473 175.478867 -0.065005 0.996101 -0.059643 -11.331726 -0.341710 -0.078376 -0.936532 15.568677
-0.935918 -0.041587 0.349754 175.940857 -0.065497 0.996234 -0.056811 -11.417033 -0.346074 -0.076078 -0.935117 14.405889
-0.933587 -0.039869 0.356126 176.382721 -0.063730 0.996422 -0.055520 -11.510291 -0.352638 -0.074529 -0.932787 13.213137
-0.931112 -0.038279 0.362718 176.827194 -0.062499 0.996513 -0.055273 -11.590301 -0.359338 -0.074135 -0.930258 12.084601
-0.931112 -0.038279 0.362718 176.827194 -0.062499 0.996513 -0.055273 -11.590301 -0.359338 -0.074135 -0.930258 12.084601
-0.921656 -0.033602 0.386551 177.777893 -0.059999 0.996603 -0.056422 -11.774814 -0.383342 -0.075194 -0.920541 9.755676
-0.917394 -0.031682 0.396718 178.259094 -0.058800 0.996677 -0.056378 -11.861362 -0.393614 -0.075048 -0.916207 8.609703
-0.912702 -0.029933 0.407529 178.749985 -0.058240 0.996661 -0.057231 -11.947771 -0.404455 -0.075969 -0.911397 7.489861
-0.907446 -0.027516 0.419266 179.264069 -0.056443 0.996792 -0.056745 -12.035543 -0.416360 -0.075158 -0.906088 6.366028
-0.899413 -0.027797 0.436216 179.847473 -0.056962 0.996919 -0.053919 -12.117682 -0.433373 -0.073343 -0.898225 5.202242
-0.899413 -0.027797 0.436216 179.847473 -0.056962 0.996919 -0.053919 -12.117682 -0.433373 -0.073343 -0.898225 5.202242
-0.899413 -0.027797 0.436216 179.847473 -0.056962 0.996919 -0.053919 -12.117682 -0.433373 -0.073343 -0.898225 5.202242
-0.899413 -0.027797 0.436216 179.847473 -0.056962 0.996919 -0.053919 -12.117682 -0.433373 -0.073343 -0.898225 5.202242
-0.899413 -0.027797 0.436216 179.847473 -0.056962 0.996919 -0.053919 -12.117682 -0.433373 -0.073343 -0.898225 5.202242
-0.873514 -0.020775 0.486355 182.091888 -0.049129 0.997750 -0.045618 -12.457887 -0.484313 -0.063742 -0.872570 0.689908
-0.854778 -0.013761 0.518811 183.372208 -0.040992 0.998316 -0.041059 -12.626551 -0.517372 -0.056363 -0.853903 -1.454084
-0.844781 -0.011438 0.534990 183.999527 -0.038249 0.998505 -0.039049 -12.704156 -0.533744 -0.053451 -0.843955 -2.518289
-0.834814 -0.007246 0.550485 184.654083 -0.033524 0.998727 -0.037693 -12.762841 -0.549511 -0.049921 -0.833994 -3.548582
-0.823739 -0.005383 0.566944 185.325409 -0.031592 0.998837 -0.036418 -12.830245 -0.566088 -0.047910 -0.822951 -4.589634
-0.823739 -0.005383 0.566944 185.325409 -0.031592 0.998837 -0.036418 -12.830245 -0.566088 -0.047910 -0.822951 -4.589634
-0.798999 -0.003073 0.601325 186.758667 -0.029062 0.999016 -0.033510 -12.977108 -0.600630 -0.044250 -0.798302 -6.604531
-0.786055 -0.002453 0.618152 187.495605 -0.027525 0.999139 -0.031038 -13.045555 -0.617544 -0.041412 -0.785446 -7.582841
-0.772020 -0.001219 0.635597 188.242722 -0.025141 0.999274 -0.028620 -13.109963 -0.635101 -0.038075 -0.771490 -8.537827
-0.756496 0.001876 0.653995 188.994263 -0.022296 0.999341 -0.028657 -13.167513 -0.653618 -0.036260 -0.755956 -9.465830
-0.756496 0.001876 0.653995 188.994263 -0.022296 0.999341 -0.028657 -13.167513 -0.653618 -0.036260 -0.755956 -9.465830
-0.721426 0.007509 0.692450 190.602280 -0.017482 0.999425 -0.029052 -13.273438 -0.692270 -0.033065 -0.720880 -11.196281
-0.702933 0.007926 0.711212 191.422470 -0.017438 0.999445 -0.028374 -13.328869 -0.711043 -0.032348 -0.702404 -12.068239
-0.683858 0.008018 0.729571 192.262924 -0.017577 0.999468 -0.027459 -13.381310 -0.729403 -0.031602 -0.683354 -12.890484
-0.664263 0.007863 0.747458 193.127182 -0.019376 0.999428 -0.027733 -13.441643 -0.747248 -0.032905 -0.663730 -13.690578
-0.664263 0.007863 0.747458 193.127182 -0.019376 0.999428 -0.027733 -13.441643 -0.747248 -0.032905 -0.663730 -13.690578
-0.620450 0.007339 0.784212 194.988037 -0.020988 0.999443 -0.025958 -13.544706 -0.783965 -0.032565 -0.619950 -15.158618
-0.597959 0.007238 0.801494 195.920547 -0.020320 0.999501 -0.024186 -13.594882 -0.801269 -0.030748 -0.597513 -15.904067
-0.574126 0.008261 0.818725 196.882172 -0.019308 0.999534 -0.023625 -13.640106 -0.818539 -0.029372 -0.573700 -16.632328
-0.549065 0.011173 0.835705 197.838837 -0.016962 0.999556 -0.024508 -13.684882 -0.835608 -0.027631 -0.548631 -17.321682
-0.522510 0.011766 0.852552 198.869980 -0.015738 0.999601 -0.023441 -13.751745 -0.852488 -0.025666 -0.522116 -17.895477
-0.522510 0.011766 0.852552 198.869980 -0.015738 0.999601 -0.023441 -13.751745 -0.852488 -0.025666 -0.522116 -17.895477
-0.522510 0.011766 0.852552 198.869980 -0.015738 0.999601 -0.023441 -13.751745 -0.852488 -0.025666 -0.522116 -17.895477
-0.522510 0.011766 0.852552 198.869980 -0.015738 0.999601 -0.023441 -13.751745 -0.852488 -0.025666 -0.522116 -17.895477
-0.522510 0.011766 0.852552 198.869980 -0.015738 0.999601 -0.023441 -13.751745 -0.852488 -0.025666 -0.522116 -17.895477
-0.406281 0.011631 0.913674 203.036972 -0.015589 0.999685 -0.019658 -13.928697 -0.913615 -0.022230 -0.405971 -20.195900
-0.343331 0.015132 0.939093 205.231964 -0.009256 0.999767 -0.019494 -14.015806 -0.939169 -0.015385 -0.343111 -21.067396
-0.310334 0.014917 0.950511 206.348373 -0.008302 0.999796 -0.018401 -14.059665 -0.950591 -0.013602 -0.310147 -21.481274
-0.276934 0.014750 0.960776 207.480301 -0.006025 0.999836 -0.017087 -14.097095 -0.960870 -0.010521 -0.276800 -21.852264
-0.241610 0.013368 0.970281 208.630615 -0.005076 0.999874 -0.015039 -14.134093 -0.970360 -0.008558 -0.241511 -22.189220
-0.241610 0.013368 0.970281 208.630615 -0.005076 0.999874 -0.015039 -14.134093 -0.970360 -0.008558 -0.241511 -22.189220
-0.173278 0.011402 0.984807 210.876541 0.000129 0.999933 -0.011554 -14.213206 -0.984873 -0.001875 -0.173267 -22.645231
-0.138008 0.011557 0.990364 212.035538 0.002130 0.999933 -0.011372 -14.244080 -0.990429 0.000540 -0.138024 -22.860405
-0.102286 0.011736 0.994686 213.196472 0.002979 0.999930 -0.011491 -14.280457 -0.994751 0.001788 -0.102314 -23.024427
-0.066698 0.012708 0.997692 214.362213 0.002563 0.999918 -0.012566 -14.315909 -0.997770 0.001719 -0.066725 -23.142389
-0.066698 0.012708 0.997692 214.362213 0.002563 0.999918 -0.012566 -14.315909 -0.997770 0.001719 -0.066725 -23.142389
0.001066 0.011422 0.999934 216.687119 0.005045 0.999922 -0.011427 -14.381298 -0.999987 0.005057 0.001008 -23.166159
0.033687 0.012051 0.999360 217.850876 0.005202 0.999912 -0.012233 -14.412243 -0.999419 0.005611 0.033621 -23.154003
0.066381 0.012573 0.997715 219.026062 0.007216 0.999888 -0.013080 -14.441709 -0.997768 0.008068 0.066283 -23.114639
0.098342 0.011711 0.995084 220.211700 0.008701 0.999882 -0.012627 -14.469858 -0.995115 0.009900 0.098229 -23.035360
0.098342 0.011711 0.995084 220.211700 0.008701 0.999882 -0.012627 -14.469858 -0.995115 0.009900 0.098229 -23.035360
0.161839 0.009997 0.986767 222.536819 0.012304 0.999851 -0.012148 -14.564178 -0.986740 0.014107 0.161692 -22.743925
0.191715 0.010568 0.981394 223.706039 0.014398 0.999804 -0.013579 -14.597941 -0.981345 0.016734 0.191526 -22.563808
0.221760 0.010402 0.975046 224.878876 0.017406 0.999742 -0.014624 -14.626603 -0.974946 0.020215 0.221522 -22.343542
0.251586 0.009380 0.967790 226.036850 0.020907 0.999667 -0.015124 -14.660570 -0.967609 0.024039 0.251306 -22.092491
0.282380 0.006375 0.959281 227.163910 0.024838 0.999594 -0.013954 -14.702396 -0.958981 0.027767 0.282107 -21.758932
0.282380 0.006375 0.959281 227.163910 0.024838 0.999594 -0.013954 -14.702396 -0.958981 0.027767 0.282107 -21.758932
0.282380 0.006375 0.959281 227.163910 0.024838 0.999594 -0.013954 -14.702396 -0.958981 0.027767 0.282107 -21.758932
0.282380 0.006375 0.959281 227.163910 0.024838 0.999594 -0.013954 -14.702396 -0.958981 0.027767 0.282107 -21.758932
0.282380 0.006375 0.959281 227.163910 0.024838 0.999594 -0.013954 -14.702396 -0.958981 0.027767 0.282107 -21.758932
0.395159 0.004138 0.918604 231.656754 0.033294 0.999268 -0.018824 -14.850801 -0.918009 0.038022 0.394732 -20.211014
0.453985 0.005100 0.890995 233.833832 0.038765 0.998924 -0.025469 -14.938064 -0.890166 0.046102 0.453298 -19.200209
0.481408 0.004463 0.876485 234.887665 0.040205 0.998822 -0.027168 -14.980714 -0.875574 0.048318 0.480661 -18.683874
0.508016 0.002840 0.861343 235.944504 0.041269 0.998766 -0.027633 -15.030307 -0.860358 0.049585 0.507272 -18.109022
0.533399 0.000863 0.845863 236.973465 0.041650 0.998760 -0.027284 -15.084650 -0.844838 0.049783 0.532702 -17.501375
0.533399 0.000863 0.845863 236.973465 0.041650 0.998760 -0.027284 -15.084650 -0.844838 0.049783 0.532702 -17.501375
0.578609 0.000300 0.815605 238.976730 0.042064 0.998658 -0.030208 -15.193046 -0.814520 0.051786 0.577820 -16.141487
0.597993 -0.000323 0.801501 239.962845 0.042174 0.998627 -0.031063 -15.245005 -0.800391 0.052378 0.597186 -15.436490
0.616026 -0.002626 0.787721 240.938950 0.042761 0.998631 -0.030111 -15.298519 -0.786564 0.052233 0.615295 -14.706416
0.633179 -0.005520 0.773986 241.904816 0.043865 0.998623 -0.028763 -15.354120 -0.772762 0.052162 0.632549 -13.966098
0.633179 -0.005520 0.773986 241.904816 0.043865 0.998623 -0.028763 -15.354120 -0.772762 0.052162 0.632549 -13.966098
0.665386 -0.009891 0.746434 243.776306 0.047036 0.998481 -0.028698 -15.454307 -0.745016 0.054204 0.664840 -12.360025
0.679555 -0.010127 0.733555 244.685730 0.047267 0.998432 -0.030004 -15.508589 -0.732100 0.055062 0.678968 -11.549283
0.693628 -0.010701 0.720254 245.585068 0.047588 0.998386 -0.030996 -15.560296 -0.718759 0.055775 0.693018 -10.719180
0.707764 -0.012120 0.706345 246.469055 0.047395 0.998415 -0.030359 -15.611734 -0.704857 0.054964 0.707217 -9.859985
0.707764 -0.012120 0.706345 246.469055 0.047395 0.998415 -0.030359 -15.611734 -0.704857 0.054964 0.707217 -9.859985
0.739482 -0.017912 0.672938 248.180023 0.049821 0.998361 -0.028173 -15.723995 -0.671330 0.054360 0.739162 -8.025851
0.752577 -0.018362 0.658249 249.006424 0.050603 0.998268 -0.030008 -15.780414 -0.656557 0.055893 0.752202 -7.121545
0.764265 -0.018936 0.644625 249.815506 0.051237 0.998192 -0.031425 -15.834813 -0.642864 0.057046 0.763853 -6.194246
0.775393 -0.019208 0.631186 250.625870 0.050784 0.998197 -0.032010 -15.891190 -0.629433 0.056874 0.774970 -5.234716
0.788897 -0.021943 0.614134 251.405396 0.052179 0.998145 -0.031363 -15.941893 -0.612306 0.056787 0.788579 -4.204825
0.788897 -0.021943 0.614134 251.405396 0.052179 0.998145 -0.031363 -15.941893 -0.612306 0.056787 0.788579 -4.204825
0.788897 -0.021943 0.614134 251.405396 0.052179 0.998145 -0.031363 -15.941893 -0.612306 0.056787 0.788579 -4.204825
0.788897 -0.021943 0.614134 251.405396 0.052179 0.998145 -0.031363 -15.941893 -0.612306 0.056787 0.788579 -4.204825
0.788897 -0.021943 0.614134 251.405396 0.052179 0.998145 -0.031363 -15.941893 -0.612306 0.056787 0.788579 -4.204825
0.826029 -0.029149 0.562873 254.424942 0.058979 0.997649 -0.034888 -16.176519 -0.560533 0.062016 0.825806 -0.192482
0.841954 -0.034628 0.538437 255.859146 0.063748 0.997333 -0.035543 -16.288567 -0.535770 0.064250 0.841916 1.994139
0.847488 -0.035643 0.529617 256.563202 0.064025 0.997323 -0.035332 -16.352797 -0.526940 0.063853 0.847501 3.081660
0.851879 -0.036853 0.522441 257.263062 0.064132 0.997355 -0.034219 -16.414560 -0.519798 0.062655 0.851989 4.196110
0.854854 -0.038383 0.517447 257.958618 0.064845 0.997345 -0.033146 -16.477863 -0.514801 0.061889 0.855073 5.314808
0.854854 -0.038383 0.517447 257.958618 0.064845 0.997345 -0.033146 -16.477863 -0.514801 0.061889 0.855073 5.314808
0.860448 -0.040427 0.507931 259.282318 0.065539 0.997348 -0.031643 -16.602892 -0.505305 0.060516 0.860816 7.569763
0.862587 -0.041861 0.504174 259.963104 0.066090 0.997355 -0.030263 -16.659546 -0.501574 0.059425 0.863072 8.702479
0.864708 -0.043835 0.500358 260.647797 0.067689 0.997267 -0.029611 -16.715687 -0.497693 0.059474 0.865312 9.845263
0.866707 -0.044713 0.496810 261.321625 0.068708 0.997182 -0.030119 -16.774240 -0.494064 0.060239 0.867336 10.975230
0.866707 -0.044713 0.496810 261.321625 0.068708 0.997182 -0.030119 -16.774240 -0.494064 0.060239 0.867336 10.975230
0.871275 -0.046893 0.488550 262.607788 0.070122 0.997107 -0.029349 -16.903015 -0.485760 0.059829 0.872042 13.290132
0.873437 -0.047327 0.484631 263.277222 0.070148 0.997113 -0.029052 -16.965784 -0.481857 0.059371 0.874236 14.454017
0.875286 -0.047213 0.481295 263.947083 0.069717 0.997146 -0.028973 -17.029606 -0.478554 0.058914 0.876080 15.633387
