1.000000 0.000000 0.000000 0.000000 0.000000 1.000000 0.000000 0.000000 0.000000 0.000000 1.000000 0.000000
1.000000 0.000000 0.000000 0.000000 0.000000 1.000000 0.000000 0.000000 0.000000 0.000000 1.000000 0.000000
1.000000 0.000000 0.000000 0.000000 0.000000 1.000000 0.000000 0.000000 0.000000 0.000000 1.000000 0.000000
1.000000 0.000000 0.000000 0.000000 0.000000 1.000000 0.000000 0.000000 0.000000 0.000000 1.000000 0.000000
0.999995 -0.002880 -0.000943 0.019169 0.002881 0.999995 0.000962 -0.078736 0.000940 -0.000965 0.999999 3.963402
0.999995 -0.002987 -0.001064 0.011477 0.002988 0.999994 0.001601 -0.125563 0.001059 -0.001604 0.999998 6.601431
0.999991 -0.004221 -0.000802 0.009914 0.004224 0.999987 0.002763 -0.153302 0.000791 -0.002766 0.999996 7.926440
0.999992 -0.003793 -0.001253 0.006998 0.003797 0.999988 0.003211 -0.177649 0.001241 -0.003215 0.999994 9.254688
0.999994 -0.003142 -0.001696 -0.005929 0.003145 0.999993 0.001970 -0.206565 0.001690 -0.001976 0.999997 10.580031
0.999994 -0.003142 -0.001696 -0.005929 0.003145 0.999993 0.001970 -0.206565 0.001690 -0.001976 0.999997 10.580031
0.999996 0.002092 -0.001976 -0.063359 -0.002091 0.999998 0.000237 -0.277843 0.001976 -0.000232 0.999998 13.255337
0.999988 0.004512 -0.002075 -0.083668 -0.004512 0.999990 0.000183 -0.301838 0.002075 -0.000173 0.999998 14.596174
0.999983 0.005506 -0.002028 -0.099081 -0.005504 0.999984 0.000949 -0.327589 0.002033 -0.000938 0.999997 15.943562
0.999992 0.003509 -0.001736 -0.098280 -0.003504 0.999989 0.003160 -0.349119 0.001747 -0.003154 0.999994 17.304689
0.999992 0.003509 -0.001736 -0.098280 -0.003504 0.999989 0.003160 -0.349119 0.001747 -0.003154 0.999994 17.304689
0.999995 -0.002149 -0.002283 -0.095207 0.002157 0.999991 0.003626 -0.401042 0.002276 -0.003631 0.999991 20.017632
0.999991 -0.003392 -0.002626 -0.101519 0.003397 0.999993 0.001848 -0.422987 0.002619 -0.001857 0.999995 21.373604
0.999997 -0.001398 -0.001982 -0.114791 0.001401 0.999998 0.001431 -0.470092 0.001980 -0.001434 0.999997 22.738756
0.999998 0.001522 -0.001574 -0.130073 -0.001518 0.999995 0.002699 -0.487554 0.001578 -0.002696 0.999995 24.113569
0.999998 0.001522 -0.001574 -0.130073 -0.001518 0.999995 0.002699 -0.487554 0.001578 -0.002696 0.999995 24.113569
1.000000 0.000653 -0.000365 -0.140341 -0.000650 0.999972 0.007490 -0.517765 0.000370 -0.007490 0.999972 26.835892
0.999996 -0.002708 -0.000841 -0.130037 0.002713 0.999974 0.006676 -0.545703 0.000823 -0.006679 0.999977 28.212273
0.999993 -0.003702 -0.000771 -0.139876 0.003705 0.999984 0.004336 -0.559420 0.000755 -0.004339 0.999990 29.590845
0.999993 -0.003817 -0.000063 -0.149785 0.003817 0.999989 0.002869 -0.590079 0.000052 -0.002870 0.999996 30.967058
0.999998 -0.001751 0.000705 -0.181596 0.001750 0.999997 0.001402 -0.620744 -0.000707 -0.001401 0.999999 32.309052
0.999998 -0.001751 0.000705 -0.181596 0.001750 0.999997 0.001402 -0.620744 -0.000707 -0.001401 0.999999 32.309052
0.999998 -0.001751 0.000705 -0.181596 0.001750 0.999997 0.001402 -0.620744 -0.000707 -0.001401 0.999999 32.309052
0.999998 -0.001751 0.000705 -0.181596 0.001750 0.999997 0.001402 -0.620744 -0.000707 -0.001401 0.999999 32.309052
0.999998 -0.001751 0.000705 -0.181596 0.001750 0.999997 0.001402 -0.620744 -0.000707 -0.001401 0.999999 32.309052
0.999999 0.000883 0.000881 -0.214445 -0.000886 0.999996 0.002499 -0.723877 -0.000879 -0.002500 0.999996 37.878319
0.999983 0.005843 0.000548 -0.253376 -0.005845 0.999977 0.003321 -0.786504 -0.000528 -0.003324 0.999994 40.663532
0.999971 0.007568 0.000479 -0.275968 -0.007569 0.999966 0.003294 -0.804315 -0.000454 -0.003298 0.999994 42.064518
0.999966 0.008298 0.000189 -0.292687 -0.008299 0.999960 0.003300 -0.827383 -0.000161 -0.003301 0.999995 43.469612
0.999973 0.007394 -0.000406 -0.301582 -0.007392 0.999967 0.003392 -0.849366 0.000431 -0.003389 0.999994 44.873161
0.999973 0.007394 -0.000406 -0.301582 -0.007392 0.999967 0.003392 -0.849366 0.000431 -0.003389 0.999994 44.873161
0.999968 0.007815 -0.001589 -0.299024 -0.007809 0.999962 0.003843 -0.912591 0.001618 -0.003830 0.999991 47.700874
0.999970 0.007419 -0.002398 -0.316346 -0.007407 0.999961 0.004725 -0.933280 0.002433 -0.004707 0.999986 49.122387
0.999965 0.007573 -0.003577 -0.332665 -0.007556 0.999961 0.004564 -0.957383 0.003612 -0.004537 0.999983 50.544842
0.999958 0.007564 -0.005182 -0.343626 -0.007541 0.999961 0.004494 -0.978720 0.005215 -0.004455 0.999976 51.980652
0.999958 0.007564 -0.005182 -0.343626 -0.007541 0.999961 0.004494 -0.978720 0.005215 -0.004455 0.999976 51.980652
0.999940 0.008337 -0.007127 -0.360445 -0.008282 0.999936 0.007773 -1.031293 0.007191 -0.007713 0.999944 54.791744
0.999949 0.006073 -0.008041 -0.374158 -0.006008 0.999949 0.008101 -1.046431 0.008090 -0.008052 0.999935 56.220772
0.999953 0.003374 -0.009109 -0.382840 -0.003306 0.999966 0.007501 -1.058269 0.009134 -0.007471 0.999930 57.668884
0.999956 0.002541 -0.009052 -0.401984 -0.002472 0.999968 0.007616 -1.075797 0.009071 -0.007594 0.999930 59.105572
0.999956 0.002541 -0.009052 -0.401984 -0.002472 0.999968 0.007616 -1.075797 0.009071 -0.007594 0.999930 59.105572
0.999969 0.000606 -0.007897 -0.421456 -0.000533 0.999958 0.009203 -1.141471 0.007902 -0.009199 0.999926 61.904938
0.999974 -0.000497 -0.007246 -0.436272 0.000562 0.999961 0.008868 -1.159095 0.007242 -0.008872 0.999934 63.328384
0.999973 -0.001872 -0.007173 -0.447910 0.001928 0.999968 0.007827 -1.172868 0.007158 -0.007840 0.999944 64.780769
0.999974 -0.002281 -0.006767 -0.463473 0.002331 0.999970 0.007428 -1.193868 0.006750 -0.007444 0.999950 66.218376
0.999984 -0.000533 -0.005556 -0.479813 0.000582 0.999960 0.008869 -1.242608 0.005551 -0.008872 0.999945 67.536919
0.999984 -0.000533 -0.005556 -0.479813 0.000582 0.999960 0.008869 -1.242608 0.005551 -0.008872 0.999945 67.536919
0.999984 -0.000533 -0.005556 -0.479813 0.000582 0.999960 0.008869 -1.242608 0.005551 -0.008872 0.999945 67.536919
0.999984 -0.000533 -0.005556 -0.479813 0.000582 0.999960 0.008869 -1.242608 0.005551 -0.008872 0.999945 67.536919
0.999984 -0.000533 -0.005556 -0.479813 0.000582 0.999960 0.008869 -1.242608 0.005551 -0.008872 0.999945 67.536919
0.999949 0.009387 -0.003735 -0.590290 -0.009348 0.999902 0.010374 -1.301334 0.003832 -0.010339 0.999939 73.247696
0.999852 0.017106 -0.001764 -0.617418 -0.017085 0.999790 0.011331 -1.343815 0.001957 -0.011299 0.999934 76.032455
0.999846 0.017486 -0.001273 -0.638360 -0.017470 0.999780 0.011601 -1.357732 0.001476 -0.011577 0.999932 77.449104
0.999862 0.016552 -0.001316 -0.647127 -0.016536 0.999801 0.011190 -1.368370 0.001501 -0.011167 0.999937 78.852440
0.999888 0.014911 -0.001133 -0.652906 -0.014899 0.999838 0.010096 -1.383458 0.001283 -0.010078 0.999948 80.233139
0.999888 0.014911 -0.001133 -0.652906 -0.014899 0.999838 0.010096 -1.383458 0.001283 -0.010078 0.999948 80.233139
0.999864 0.016351 -0.001966 -0.661209 -0.016327 0.999802 0.011340 -1.436548 0.002151 -0.011306 0.999934 82.995201
0.999866 0.016067 -0.003003 -0.669541 -0.016034 0.999812 0.010909 -1.452721 0.003178 -0.010859 0.999936 84.391167
0.999853 0.016663 -0.004144 -0.679512 -0.016616 0.999801 0.011045 -1.464674 0.004327 -0.010974 0.999930 85.779091
0.999856 0.016222 -0.005078 -0.695426 -0.016164 0.999807 0.011196 -1.477546 0.005258 -0.011112 0.999924 87.169838
0.999856 0.016222 -0.005078 -0.695426 -0.016164 0.999807 0.011196 -1.477546 0.005258 -0.011112 0.999924 87.169838
0.999899 0.012530 -0.006695 -0.707404 -0.012438 0.999829 0.013670 -1.522862 0.006865 -0.013585 0.999884 89.881409
0.999915 0.010225 -0.008069 -0.720969 -0.010114 0.999856 0.013611 -1.530245 0.008207 -0.013528 0.999875 91.252876
0.999925 0.008469 -0.008819 -0.734984 -0.008353 0.999879 0.013113 -1.539242 0.008929 -0.013038 0.999875 92.617081
0.999927 0.007576 -0.009403 -0.753681 -0.007456 0.999891 0.012735 -1.550764 0.009498 -0.012664 0.999875 93.971794
0.999927 0.007576 -0.009403 -0.753681 -0.007456 0.999891 0.012735 -1.550764 0.009498 -0.012664 0.999875 93.971794
0.999935 0.007338 -0.008720 -0.792722 -0.007224 0.999888 0.013098 -1.602033 0.008815 -0.013034 0.999876 96.677254
0.999930 0.008159 -0.008532 -0.817403 -0.008052 0.999891 0.012409 -1.616294 0.008633 -0.012339 0.999887 98.014534
0.999930 0.008454 -0.008234 -0.841338 -0.008350 0.999886 0.012563 -1.624624 0.008340 -0.012493 0.999887 99.347099
0.999930 0.008810 -0.007920 -0.868517 -0.008705 0.999874 0.013267 -1.634603 0.008036 -0.013197 0.999881 100.698212
0.999906 0.011393 -0.007654 -0.882531 -0.011273 0.999816 0.015500 -1.676401 0.007829 -0.015413 0.999851 102.084061
0.999906 0.011393 -0.007654 -0.882531 -0.011273 0.999816 0.015500 -1.676401 0.007829 -0.015413 0.999851 102.084061
0.999906 0.011393 -0.007654 -0.882531 -0.011273 0.999816 0.015500 -1.676401 0.007829 -0.015413 0.999851 102.084061
0.999906 0.011393 -0.007654 -0.882531 -0.011273 0.999816 0.015500 -1.676401 0.007829 -0.015413 0.999851 102.084061
0.999906 0.011393 -0.007654 -0.882531 -0.011273 0.999816 0.015500 -1.676401 0.007829 -0.015413 0.999851 102.084061
0.999945 0.007318 -0.007553 -0.950298 -0.007238 0.999918 0.010607 -1.710926 0.007630 -0.010552 0.999915 107.383080
0.999970 0.004480 -0.006381 -0.970167 -0.004387 0.999887 0.014394 -1.750997 0.006445 -0.014365 0.999876 110.115822
0.999978 0.003848 -0.005398 -0.978196 -0.003776 0.999904 0.013310 -1.759254 0.005449 -0.013290 0.999897 111.448212
0.999969 0.005838 -0.005292 -1.000630 -0.005778 0.999920 0.011248 -1.773710 0.005357 -0.011217 0.999923 112.780975
0.999960 0.007801 -0.004304 -1.020005 -0.007760 0.999926 0.009408 -1.788976 0.004377 -0.009374 0.999946 114.122589
0.999960 0.007801 -0.004304 -1.020005 -0.007760 0.999926 0.009408 -1.788976 0.004377 -0.009374 0.999946 114.122589
0.999932 0.011626 -0.001315 -1.059573 -0.011610 0.999865 0.011596 -1.833298 0.001450 -0.011580 0.999932 116.815277
0.999930 0.011842 -0.000576 -1.069554 -0.011834 0.999845 0.013055 -1.842641 0.000731 -0.013048 0.999915 118.168266
0.999932 0.011634 0.000041 -1.081269 -0.011634 0.999843 0.013350 -1.856445 0.000114 -0.013350 0.999911 119.521965
0.999926 0.012160 0.000431 -1.090914 -0.012164 0.999846 0.012676 -1.868155 -0.000277 -0.012680 0.999920 120.861153
0.999926 0.012160 0.000431 -1.090914 -0.012164 0.999846 0.012676 -1.868155 -0.000277 -0.012680 0.999920 120.861153
0.999890 0.014211 0.004169 -1.102865 -0.014269 0.999797 0.014196 -1.896764 -0.003966 -0.014254 0.999891 123.507339
0.999884 0.014446 0.004747 -1.111532 -0.014508 0.999805 0.013392 -1.909502 -0.004552 -0.013460 0.999899 124.849693
0.999869 0.015279 0.005390 -1.115507 -0.015345 0.999803 0.012562 -1.920377 -0.005197 -0.012643 0.999907 126.187195
0.999859 0.015509 0.006488 -1.118160 -0.015589 0.999802 0.012339 -1.931141 -0.006295 -0.012439 0.999903 127.536560
0.999859 0.015509 0.006488 -1.118160 -0.015589 0.999802 0.012339 -1.931141 -0.006295 -0.012439 0.999903 127.536560
0.999846 0.015062 0.008980 -1.112163 -0.015189 0.999783 0.014278 -1.952428 -0.008763 -0.014413 0.999858 130.238571
0.999857 0.014048 0.009363 -1.105571 -0.014182 0.999795 0.014464 -1.963660 -0.009158 -0.014595 0.999852 131.582886
0.999880 0.012347 0.009392 -1.094257 -0.012480 0.999821 0.014218 -1.972271 -0.009214 -0.014333 0.999855 132.939972
0.999894 0.011448 0.008955 -1.085843 -0.011581 0.999821 0.014948 -1.983817 -0.008782 -0.015050 0.999848 134.293747
0.999933 0.007767 0.008640 -1.073137 -0.007906 0.999839 0.016136 -1.995151 -0.008513 -0.016203 0.999832 135.614456
0.999933 0.007767 0.008640 -1.073137 -0.007906 0.999839 0.016136 -1.995151 -0.008513 -0.016203 0.999832 135.614456
0.999933 0.007767 0.008640 -1.073137 -0.007906 0.999839 0.016136 -1.995151 -0.008513 -0.016203 0.999832 135.614456
0.999933 0.007767 0.008640 -1.073137 -0.007906 0.999839 0.016136 -1.995151 -0.008513 -0.016203 0.999832 135.614456
0.999933 0.007767 0.008640 -1.073137 -0.007906 0.999839 0.016136 -1.995151 -0.008513 -0.016203 0.999832 135.614456
0.999972 0.006367 0.003856 -1.050141 -0.006431 0.999838 0.016824 -2.024814 -0.003749 -0.016848 0.999851 141.033081
0.999991 0.003773 0.002131 -1.063893 -0.003808 0.999851 0.016844 -2.044037 -0.002068 -0.016852 0.999856 143.729218
0.999998 0.001703 0.001164 -1.064463 -0.001720 0.999896 0.014313 -2.047448 -0.001140 -0.014315 0.999897 145.079758
0.999994 -0.003389 0.000166 -1.053471 0.003387 0.999905 0.013355 -2.053803 -0.000211 -0.013355 0.999911 146.431229
0.999950 -0.009986 -0.000523 -1.037994 0.009993 0.999833 0.015327 -2.059593 0.000370 -0.015331 0.999882 147.795898
0.999950 -0.009986 -0.000523 -1.037994 0.009993 0.999833 0.015327 -2.059593 0.000370 -0.015331 0.999882 147.795898
0.999724 -0.023166 -0.003870 -1.010792 0.023222 0.999616 0.015143 -2.084471 0.003518 -0.015229 0.999878 150.478546
0.999731 -0.022881 -0.003772 -1.021057 0.022925 0.999662 0.012303 -2.093712 0.003489 -0.012386 0.999917 151.822952
0.999802 -0.019709 -0.002827 -1.040733 0.019737 0.999755 0.009981 -2.104972 0.002630 -0.010035 0.999946 153.168976
0.999806 -0.019585 -0.002253 -1.049550 0.019605 0.999762 0.009599 -2.115268 0.002065 -0.009642 0.999951 154.499710
0.999806 -0.019585 -0.002253 -1.049550 0.019605 0.999762 0.009599 -2.115268 0.002065 -0.009642 0.999951 154.499710
0.999733 -0.023058 -0.001320 -1.052075 0.023075 0.999617 0.015252 -2.174971 0.000968 -0.015279 0.999883 157.150467
0.999658 -0.026079 -0.001682 -1.042916 0.026103 0.999528 0.016182 -2.179917 0.001259 -0.016220 0.999868 158.487244
0.999627 -0.027253 -0.001577 -1.048138 0.027275 0.999491 0.016523 -2.191961 0.001125 -0.016560 0.999862 159.829651
0.999681 -0.025226 -0.000839 -1.057819 0.025236 0.999536 0.017086 -2.200469 0.000408 -0.017101 0.999854 161.161072
0.999681 -0.025226 -0.000839 -1.057819 0.025236 0.999536 0.017086 -2.200469 0.000408 -0.017101 0.999854 161.161072
0.999679 -0.025316 0.000925 -1.071634 0.025298 0.999547 0.016289 -2.205990 -0.001337 -0.016261 0.999867 163.895554
0.999748 -0.022380 0.001618 -1.087453 0.022352 0.999628 0.015651 -2.212026 -0.001967 -0.015611 0.999876 165.276917
0.999792 -0.020352 0.001645 -1.097575 0.020322 0.999656 0.016552 -2.216381 -0.001981 -0.016515 0.999862 166.649597
0.999830 -0.018355 0.001455 -1.106861 0.018329 0.999699 0.016290 -2.225837 -0.001754 -0.016261 0.999866 168.017349
0.999835 -0.018022 0.002071 -1.110544 0.017989 0.999728 0.014868 -2.228198 -0.002339 -0.014828 0.999887 169.336487
0.999835 -0.018022 0.002071 -1.110544 0.017989 0.999728 0.014868 -2.228198 -0.002339 -0.014828 0.999887 169.336487
0.999835 -0.018022 0.002071 -1.110544 0.017989 0.999728 0.014868 -2.228198 -0.002339 -0.014828 0.999887 169.336487
0.999835 -0.018022 0.002071 -1.110544 0.017989 0.999728 0.014868 -2.228198 -0.002339 -0.014828 0.999887 169.336487
0.999835 -0.018022 0.002071 -1.110544 0.017989 0.999728 0.014868 -2.228198 -0.002339 -0.014828 0.999887 169.336487
0.999983 -0.005747 0.000318 -1.170473 0.005742 0.999887 0.013875 -2.260604 -0.000397 -0.013873 0.999904 174.918884
0.999997 0.002144 0.000681 -1.214952 -0.002155 0.999855 0.016903 -2.309873 -0.000645 -0.016904 0.999857 177.641983
0.999999 0.000466 -0.001640 -1.218113 -0.000438 0.999855 0.017012 -2.315109 0.001647 -0.017011 0.999854 179.050644
0.999990 0.000513 -0.004342 -1.228675 -0.000455 0.999911 0.013357 -2.317547 0.004348 -0.013355 0.999901 180.456116
0.999981 0.001467 -0.005960 -1.250062 -0.001411 0.999954 0.009464 -2.324150 0.005974 -0.009455 0.999937 181.895569
0.999981 0.001467 -0.005960 -1.250062 -0.001411 0.999954 0.009464 -2.324150 0.005974 -0.009455 0.999937 181.895569
0.999971 0.006267 -0.004256 -1.277169 -0.006227 0.999937 0.009352 -2.362489 0.004315 -0.009325 0.999947 184.589493
0.999956 0.008324 -0.004420 -1.290545 -0.008273 0.999900 0.011513 -2.369458 0.004516 -0.011476 0.999924 185.993042
0.999956 0.008418 -0.004058 -1.307483 -0.008362 0.999871 0.013715 -2.375649 0.004173 -0.013680 0.999898 187.407089
0.999962 0.007736 -0.003903 -1.319350 -0.007680 0.999870 0.014165 -2.373964 0.004012 -0.014135 0.999892 188.812683
0.999962 0.007736 -0.003903 -1.319350 -0.007680 0.999870 0.014165 -2.373964 0.004012 -0.014135 0.999892 188.812683
0.999964 0.007615 -0.003701 -1.352179 -0.007550 0.999819 0.017460 -2.409659 0.003833 -0.017431 0.999841 191.610641
0.999971 0.006879 -0.003350 -1.357677 -0.006818 0.999820 0.017714 -2.420235 0.003472 -0.017691 0.999837 193.014114
0.999982 0.005290 -0.002708 -1.362856 -0.005239 0.999812 0.018673 -2.424419 0.002806 -0.018659 0.999822 194.441803
0.999991 0.003189 -0.002683 -1.359547 -0.003134 0.999786 0.020442 -2.434103 0.002748 -0.020434 0.999787 195.871841
0.999991 0.003189 -0.002683 -1.359547 -0.003134 0.999786 0.020442 -2.434103 0.002748 -0.020434 0.999787 195.871841
0.999977 -0.006224 -0.002699 -1.370595 0.006270 0.999830 0.017356 -2.429963 0.002591 -0.017373 0.999846 198.696701
0.999996 -0.000222 -0.002796 -1.398117 0.000257 0.999919 0.012747 -2.432964 0.002793 -0.012747 0.999915 200.120987
0.999959 0.008917 -0.001717 -1.435180 -0.008895 0.999884 0.012374 -2.440143 0.001827 -0.012358 0.999922 201.553574
0.999867 0.016262 -0.000826 -1.472333 -0.016247 0.999754 0.015120 -2.442879 0.001072 -0.015104 0.999885 202.995102
0.999821 0.018855 0.001393 -1.490422 -0.018877 0.999664 0.017738 -2.458553 -0.001058 -0.017761 0.999842 204.469635
0.999821 0.018855 0.001393 -1.490422 -0.018877 0.999664 0.017738 -2.458553 -0.001058 -0.017761 0.999842 204.469635
0.999821 0.018855 0.001393 -1.490422 -0.018877 0.999664 0.017738 -2.458553 -0.001058 -0.017761 0.999842 204.469635
0.999821 0.018855 0.001393 -1.490422 -0.018877 0.999664 0.017738 -2.458553 -0.001058 -0.017761 0.999842 204.469635
0.999821 0.018855 0.001393 -1.490422 -0.018877 0.999664 0.017738 -2.458553 -0.001058 -0.017761 0.999842 204.469635
0.999869 0.015899 -0.003180 -1.497756 -0.015843 0.999731 0.016933 -2.472876 0.003448 -0.016880 0.999852 210.309906
0.999880 0.015324 -0.002069 -1.514927 -0.015283 0.999714 0.018413 -2.489902 0.002350 -0.018379 0.999828 213.214294
0.999879 0.015317 -0.002546 -1.521088 -0.015271 0.999730 0.017537 -2.491072 0.002813 -0.017496 0.999843 214.686584
0.999881 0.015117 -0.003115 -1.529598 -0.015063 0.999747 0.016709 -2.494088 0.003367 -0.016660 0.999856 216.159409
0.999884 0.014772 -0.003812 -1.542491 -0.014707 0.999757 0.016429 -2.500278 0.004054 -0.016371 0.999858 217.602432
0.999884 0.014772 -0.003812 -1.542491 -0.014707 0.999757 0.016429 -2.500278 0.004054 -0.016371 0.999858 217.602432
0.999908 0.013056 -0.003754 -1.588700 -0.012990 0.999767 0.017228 -2.517756 0.003978 -0.017178 0.999845 220.539352
0.999907 0.012983 -0.004124 -1.603866 -0.012912 0.999775 0.016801 -2.519890 0.004341 -0.016747 0.999850 222.001175
0.999896 0.013608 -0.004786 -1.621602 -0.013526 0.999768 0.016788 -2.522013 0.005013 -0.016722 0.999848 223.473145
0.999893 0.013673 -0.005166 -1.637331 -0.013586 0.999771 0.016507 -2.526853 0.005390 -0.016435 0.999850 224.960831
0.999893 0.013673 -0.005166 -1.637331 -0.013586 0.999771 0.016507 -2.526853 0.005390 -0.016435 0.999850 224.960831
0.999883 0.014409 -0.005125 -1.679179 -0.014319 0.999750 0.017152 -2.551387 0.005371 -0.017076 0.999840 227.965988
0.999887 0.014070 -0.005334 -1.695968 -0.013980 0.999767 0.016441 -2.552420 0.005564 -0.016364 0.999851 229.467270
0.999895 0.013496 -0.005322 -1.718622 -0.013407 0.999775 0.016460 -2.555578 0.005542 -0.016387 0.999850 230.965027
0.999898 0.013149 -0.005526 -1.733065 -0.013054 0.999770 0.016995 -2.559254 0.005749 -0.016921 0.999840 232.483215
0.999898 0.013149 -0.005526 -1.733065 -0.013054 0.999770 0.016995 -2.559254 0.005749 -0.016921 0.999840 232.483215
0.999916 0.011987 -0.004989 -1.743530 -0.011893 0.999756 0.018589 -2.589337 0.005211 -0.018528 0.999815 235.480545
0.999909 0.012535 -0.004905 -1.761526 -0.012446 0.999762 0.017894 -2.588450 0.005128 -0.017831 0.999828 236.993805
0.999890 0.014006 -0.004816 -1.789584 -0.013916 0.999734 0.018379 -2.586482 0.005072 -0.018310 0.999820 238.512817
0.999892 0.014017 -0.004467 -1.809293 -0.013923 0.999697 0.020299 -2.578622 0.004750 -0.020235 0.999784 240.044815
0.999911 0.012893 -0.003345 -1.805263 -0.012818 0.999682 0.021737 -2.608295 0.003624 -0.021692 0.999758 241.530930
0.999911 0.012893 -0.003345 -1.805263 -0.012818 0.999682 0.021737 -2.608295 0.003624 -0.021692 0.999758 241.530930
0.999911 0.012893 -0.003345 -1.805263 -0.012818 0.999682 0.021737 -2.608295 0.003624 -0.021692 0.999758 241.530930
0.999911 0.012893 -0.003345 -1.805263 -0.012818 0.999682 0.021737 -2.608295 0.003624 -0.021692 0.999758 241.530930
0.999911 0.012893 -0.003345 -1.805263 -0.012818 0.999682 0.021737 -2.608295 0.003624 -0.021692 0.999758 241.530930
0.999898 0.013773 -0.003748 -1.856648 -0.013698 0.999717 0.019469 -2.595123 0.004015 -0.019416 0.999803 247.676758
0.999869 0.015945 -0.002925 -1.890396 -0.015878 0.999640 0.021624 -2.622958 0.003268 -0.021574 0.999762 250.717590
0.999826 0.018376 -0.003333 -1.908804 -0.018299 0.999599 0.021629 -2.626915 0.003729 -0.021564 0.999761 252.281906
0.999807 0.019420 -0.002819 -1.921687 -0.019354 0.999573 0.021891 -2.626717 0.003243 -0.021832 0.999756 253.861237
0.999788 0.020345 -0.003252 -1.938624 -0.020270 0.999560 0.021670 -2.619505 0.003692 -0.021600 0.999760 255.404846
0.999788 0.020345 -0.003252 -1.938624 -0.020270 0.999560 0.021670 -2.619505 0.003692 -0.021600 0.999760 255.404846
0.999876 0.015564 -0.002588 -1.962666 -0.015498 0.999597 0.023796 -2.602525 0.002957 -0.023753 0.999713 258.465942
0.999911 0.013077 -0.002465 -1.973778 -0.013014 0.999625 0.024081 -2.596362 0.002779 -0.024047 0.999707 260.043335
0.999928 0.011773 -0.002383 -1.987530 -0.011715 0.999662 0.023222 -2.592732 0.002656 -0.023193 0.999727 261.581207
0.999943 0.010440 -0.002172 -2.002192 -0.010389 0.999701 0.022113 -2.589622 0.002402 -0.022089 0.999753 263.105713
0.999943 0.010440 -0.002172 -2.002192 -0.010389 0.999701 0.022113 -2.589622 0.002402 -0.022089 0.999753 263.105713
0.999979 0.006098 -0.002203 -1.998417 -0.006037 0.999632 0.026433 -2.598048 0.002363 -0.026419 0.999648 266.038147
0.999989 0.004152 -0.002010 -2.002020 -0.004099 0.999662 0.025684 -2.584864 0.002116 -0.025675 0.999668 267.564331
0.999994 0.003195 -0.001490 -2.007084 -0.003158 0.999693 0.024579 -2.575410 0.001568 -0.024574 0.999697 269.082703
0.999994 0.003396 -0.000790 -2.015723 -0.003376 0.999705 0.024034 -2.566882 0.000872 -0.024032 0.999711 270.635437
0.999994 0.003396 -0.000790 -2.015723 -0.003376 0.999705 0.024034 -2.566882 0.000872 -0.024032 0.999711 270.635437
0.999976 0.006857 0.000872 -2.034965 -0.006877 0.999635 0.026141 -2.569793 -0.000693 -0.026146 0.999658 273.743958
0.999970 0.007481 0.001744 -2.053303 -0.007524 0.999635 0.025961 -2.558183 -0.001549 -0.025973 0.999661 275.303101
0.999970 0.007248 0.002891 -2.064864 -0.007319 0.999651 0.025387 -2.541363 -0.002706 -0.025407 0.999674 276.880310
0.999968 0.006991 0.003815 -2.073499 -0.007083 0.999671 0.024648 -2.531721 -0.003641 -0.024674 0.999689 278.435272
0.999945 0.009777 0.003688 -2.081878 -0.009866 0.999641 0.024910 -2.557395 -0.003443 -0.024945 0.999683 279.942017
0.999945 0.009777 0.003688 -2.081878 -0.009866 0.999641 0.024910 -2.557395 -0.003443 -0.024945 0.999683 279.942017
0.999945 0.009777 0.003688 -2.081878 -0.009866 0.999641 0.024910 -2.557395 -0.003443 -0.024945 0.999683 279.942017
0.999945 0.009777 0.003688 -2.081878 -0.009866 0.999641 0.024910 -2.557395 -0.003443 -0.024945 0.999683 279.942017
0.999945 0.009777 0.003688 -2.081878 -0.009866 0.999641 0.024910 -2.557395 -0.003443 -0.024945 0.999683 279.942017
0.999965 0.005150 0.006573 -2.055818 -0.005299 0.999725 0.022840 -2.524143 -0.006454 -0.022874 0.999718 286.148926
0.999971 0.005583 0.005161 -2.057045 -0.005701 0.999718 0.023066 -2.528755 -0.005031 -0.023095 0.999721 289.237915
0.999981 0.004495 0.004114 -2.052698 -0.004587 0.999736 0.022500 -2.522586 -0.004011 -0.022518 0.999738 290.805725
0.999985 0.004431 0.003180 -2.034717 -0.004499 0.999753 0.021786 -2.521710 -0.003083 -0.021800 0.999758 292.393158
0.999986 0.004571 0.002641 -2.026199 -0.004628 0.999754 0.021704 -2.517280 -0.002542 -0.021716 0.999761 293.976105
0.999986 0.004571 0.002641 -2.026199 -0.004628 0.999754 0.021704 -2.517280 -0.002542 -0.021716 0.999761 293.976105
0.999988 0.004624 0.001717 -2.068153 -0.004663 0.999725 0.022982 -2.520184 -0.001611 -0.022990 0.999734 297.079498
0.999992 0.003896 0.000679 -2.059507 -0.003911 0.999697 0.024296 -2.507513 -0.000584 -0.024298 0.999705 298.660431
0.999988 0.004938 0.000124 -2.053047 -0.004939 0.999664 0.025455 -2.498891 0.000002 -0.025456 0.999676 300.264313
0.999986 0.005215 0.000153 -2.055630 -0.005217 0.999665 0.025330 -2.487132 -0.000020 -0.025331 0.999679 301.856903
0.999986 0.005215 0.000153 -2.055630 -0.005217 0.999665 0.025330 -2.487132 -0.000020 -0.025331 0.999679 301.856903
0.999989 0.004582 0.000824 -2.103744 -0.004601 0.999658 0.025732 -2.484437 -0.000706 -0.025736 0.999669 305.039398
0.999997 0.002451 0.000765 -2.081837 -0.002469 0.999692 0.024713 -2.469440 -0.000704 -0.024715 0.999694 306.646362
0.999999 0.000904 0.000826 -2.062561 -0.000923 0.999730 0.023230 -2.462816 -0.000804 -0.023231 0.999730 308.280884
1.000000 0.000418 -0.000084 -2.042475 -0.000416 0.999757 0.022031 -2.452552 0.000093 -0.022031 0.999757 309.938171
1.000000 0.000418 -0.000084 -2.042475 -0.000416 0.999757 0.022031 -2.452552 0.000093 -0.022031 0.999757 309.938171
0.999993 0.003099 -0.001859 -2.118620 -0.003057 0.999756 0.021884 -2.464068 0.001926 -0.021878 0.999759 313.136658
0.999990 0.003645 -0.002409 -2.112628 -0.003584 0.999683 0.024928 -2.457155 0.002499 -0.024919 0.999686 314.787506
0.999995 0.002272 -0.002200 -2.099554 -0.002210 0.999614 0.027682 -2.445673 0.002262 -0.027677 0.999614 316.441498
0.999996 0.001698 -0.002137 -2.093228 -0.001637 0.999599 0.028254 -2.436857 0.002184 -0.028250 0.999599 318.073944
0.999998 0.000899 -0.001675 -2.167161 -0.000850 0.999583 0.028853 -2.438288 0.001700 -0.028851 0.999582 319.644623
0.999998 0.000899 -0.001675 -2.167161 -0.000850 0.999583 0.028853 -2.438288 0.001700 -0.028851 0.999582 319.644623
0.999998 0.000899 -0.001675 -2.167161 -0.000850 0.999583 0.028853 -2.438288 0.001700 -0.028851 0.999582 319.644623
0.999998 0.000899 -0.001675 -2.167161 -0.000850 0.999583 0.028853 -2.438288 0.001700 -0.028851 0.999582 319.644623
0.999998 0.000899 -0.001675 -2.167161 -0.000850 0.999583 0.028853 -2.438288 0.001700 -0.028851 0.999582 319.644623
0.999998 0.002007 0.000278 -2.171684 -0.002014 0.999602 0.028150 -2.391550 -0.000221 -0.028150 0.999604 326.225861
0.999997 0.002140 0.000921 -2.219275 -0.002167 0.999555 0.029741 -2.372785 -0.000857 -0.029743 0.999557 329.446411
0.999999 0.001320 0.001079 -2.219502 -0.001353 0.999530 0.030613 -2.358820 -0.001038 -0.030614 0.999531 331.078247
0.999999 0.001115 0.000637 -2.222586 -0.001133 0.999560 0.029636 -2.345932 -0.000604 -0.029636 0.999561 332.692047
0.999997 0.002205 0.001054 -2.221090 -0.002235 0.999557 0.029694 -2.340559 -0.000988 -0.029696 0.999559 334.324493
0.999997 0.002205 0.001054 -2.221090 -0.002235 0.999557 0.029694 -2.340559 -0.000988 -0.029696 0.999559 334.324493
0.999995 0.003221 -0.000751 -2.253332 -0.003200 0.999642 0.026568 -2.324816 0.000836 -0.026566 0.999647 337.550507
0.999989 0.004444 -0.001381 -2.262382 -0.004406 0.999638 0.026531 -2.311746 0.001498 -0.026525 0.999647 339.191986
0.999985 0.004923 -0.002218 -2.267664 -0.004856 0.999567 0.029024 -2.297236 0.002360 -0.029013 0.999576 340.818512
0.999974 0.006178 -0.003794 -2.274823 -0.006057 0.999492 0.031296 -2.281698 0.003985 -0.031272 0.999503 342.459045
0.999974 0.006178 -0.003794 -2.274823 -0.006057 0.999492 0.031296 -2.281698 0.003985 -0.031272 0.999503 342.459045
0.999962 0.006426 -0.005961 -2.312981 -0.006240 0.999508 0.030728 -2.273577 0.006156 -0.030690 0.999510 345.632019
0.999955 0.005558 -0.007700 -2.322120 -0.005313 0.999489 0.031513 -2.254927 0.007871 -0.031471 0.999474 347.255249
0.999953 0.004277 -0.008663 -2.335075 -0.003997 0.999478 0.032052 -2.245815 0.008795 -0.032016 0.999449 348.861053
0.999953 0.003661 -0.008935 -2.352654 -0.003379 0.999503 0.031355 -2.230073 0.009045 -0.031323 0.999468 350.457336
0.999953 0.003661 -0.008935 -2.352654 -0.003379 0.999503 0.031355 -2.230073 0.009045 -0.031323 0.999468 350.457336
0.999946 0.002921 -0.010006 -2.426280 -0.002605 0.999500 0.031503 -2.208256 0.010093 -0.031476 0.999454 353.593231
0.999945 0.002299 -0.010195 -2.453814 -0.001977 0.999502 0.031488 -2.196163 0.010262 -0.031466 0.999452 355.194672
0.999948 0.001519 -0.010096 -2.472937 -0.001205 0.999516 0.031085 -2.185090 0.010139 -0.031071 0.999466 356.785278
0.999949 0.001150 -0.010051 -2.505127 -0.000844 0.999538 0.030393 -2.172794 0.010082 -0.030383 0.999487 358.388031
0.999943 0.001180 -0.010571 -2.516445 -0.000851 0.999518 0.031036 -2.167403 0.010603 -0.031025 0.999462 359.962585
0.999943 0.001180 -0.010571 -2.516445 -0.000851 0.999518 0.031036 -2.167403 0.010603 -0.031025 0.999462 359.962585
0.999943 0.001180 -0.010571 -2.516445 -0.000851 0.999518 0.031036 -2.167403 0.010603 -0.031025 0.999462 359.962585
0.999943 0.001180 -0.010571 -2.516445 -0.000851 0.999518 0.031036 -2.167403 0.010603 -0.031025 0.999462 359.962585
0.999943 0.001180 -0.010571 -2.516445 -0.000851 0.999518 0.031036 -2.167403 0.010603 -0.031025 0.999462 359.962585
0.999943 -0.002192 -0.010433 -2.589716 0.002518 0.999505 0.031352 -2.115228 0.010359 -0.031376 0.999454 366.362244
0.999937 -0.003315 -0.010739 -2.640615 0.003649 0.999504 0.031294 -2.085755 0.010630 -0.031331 0.999453 369.529480
0.999945 -0.001808 -0.010334 -2.671914 0.002137 0.999486 0.031982 -2.065646 0.010271 -0.032002 0.999435 371.145081
0.999950 -0.000724 -0.009971 -2.696309 0.001052 0.999459 0.032865 -2.044220 0.009941 -0.032873 0.999410 372.787720
0.999949 -0.000584 -0.010066 -2.713225 0.000915 0.999457 0.032935 -2.018748 0.010041 -0.032943 0.999407 374.453796
0.999949 -0.000584 -0.010066 -2.713225 0.000915 0.999457 0.032935 -2.018748 0.010041 -0.032943 0.999407 374.453796
0.999958 0.000300 -0.009130 -2.771946 -0.000012 0.999505 0.031461 -2.004298 0.009135 -0.031460 0.999463 377.593231
0.999955 0.000668 -0.009426 -2.794693 -0.000375 0.999515 0.031145 -1.984200 0.009443 -0.031140 0.999470 379.248718
0.999956 0.001369 -0.009298 -2.818240 -0.001079 0.999514 0.031170 -1.967397 0.009336 -0.031159 0.999471 380.916473
0.999961 0.001578 -0.008731 -2.832914 -0.001302 0.999499 0.031611 -1.948139 0.008777 -0.031599 0.999462 382.569672
0.999961 0.001578 -0.008731 -2.832914 -0.001302 0.999499 0.031611 -1.948139 0.008777 -0.031599 0.999462 382.569672
0.999949 0.006419 -0.007864 -2.904188 -0.006164 0.999470 0.031977 -1.926512 0.008066 -0.031927 0.999458 385.805969
0.999949 0.007141 -0.007196 -2.933937 -0.006907 0.999464 0.031995 -1.900552 0.007420 -0.031944 0.999462 387.459595
0.999940 0.008764 -0.006633 -2.948114 -0.008543 0.999430 0.032655 -1.876609 0.006916 -0.032596 0.999445 389.099518
0.999932 0.009827 -0.006331 -2.968135 -0.009614 0.999416 0.032783 -1.853486 0.006650 -0.032720 0.999442 390.760834
0.999932 0.009827 -0.006331 -2.968135 -0.009614 0.999416 0.032783 -1.853486 0.006650 -0.032720 0.999442 390.760834
0.999916 0.010928 -0.006922 -3.021160 -0.010688 0.999373 0.033740 -1.850473 0.007286 -0.033663 0.999407 393.915436
