1.000000 0.000000 0.000000 0.000000 0.000000 1.000000 0.000000 0.000000 0.000000 0.000000 1.000000 0.000000
1.000000 0.000000 0.000000 0.000000 0.000000 1.000000 0.000000 0.000000 0.000000 0.000000 1.000000 0.000000
1.000000 0.000000 0.000000 0.000000 0.000000 1.000000 0.000000 0.000000 0.000000 0.000000 1.000000 0.000000
1.000000 0.000000 0.000000 0.000000 0.000000 1.000000 0.000000 0.000000 0.000000 0.000000 1.000000 0.000000
0.999987 -0.001647 -0.004744 0.007893 0.001632 0.999994 -0.003112 -0.052522 0.004749 0.003104 0.999984 1.677187
0.999954 -0.004496 -0.008420 0.006157 0.004445 0.999972 -0.006044 -0.082133 0.008447 0.006006 0.999946 2.798439
0.999940 -0.004963 -0.009754 0.003592 0.004898 0.999966 -0.006637 -0.098700 0.009786 0.006589 0.999930 3.366483
0.999925 -0.005032 -0.011159 0.002500 0.004966 0.999970 -0.006001 -0.115437 0.011189 0.005946 0.999920 3.943334
0.999909 -0.005272 -0.012447 0.002635 0.005195 0.999968 -0.006155 -0.133609 0.012479 0.006090 0.999904 4.527862
0.999909 -0.005272 -0.012447 0.002635 0.005195 0.999968 -0.006155 -0.133609 0.012479 0.006090 0.999904 4.527862
0.999868 -0.006239 -0.015016 -0.032832 0.006057 0.999908 -0.012145 -0.165935 0.015091 0.012053 0.999813 5.706681
0.999854 -0.004748 -0.016440 -0.048676 0.004498 0.999874 -0.015248 -0.180292 0.016510 0.015172 0.999749 6.316188
0.999841 -0.002977 -0.017562 -0.061180 0.002704 0.999875 -0.015556 -0.198792 0.017607 0.015506 0.999725 6.937349
0.999830 -0.000566 -0.018436 -0.078955 0.000385 0.999952 -0.009793 -0.210998 0.018441 0.009784 0.999782 7.584619
0.999830 -0.000566 -0.018436 -0.078955 0.000385 0.999952 -0.009793 -0.210998 0.018441 0.009784 0.999782 7.584619
0.999801 0.002442 -0.019822 -0.152197 -0.002339 0.999984 0.005189 -0.257117 0.019835 -0.005142 0.999790 8.916160
0.999775 0.003963 -0.020859 -0.175457 -0.003861 0.999980 0.004942 -0.281843 0.020878 -0.004861 0.999770 9.593279
0.999749 0.006205 -0.021543 -0.196741 -0.006232 0.999980 -0.001169 -0.290761 0.021536 0.001302 0.999767 10.271632
0.999728 0.006228 -0.022490 -0.215804 -0.006398 0.999951 -0.007516 -0.289379 0.022442 0.007658 0.999719 10.972017
0.999728 0.006228 -0.022490 -0.215804 -0.006398 0.999951 -0.007516 -0.289379 0.022442 0.007658 0.999719 10.972017
0.999654 0.004695 -0.025873 -0.260939 -0.004616 0.999984 0.003132 -0.317934 0.025887 -0.003011 0.999660 12.491047
0.999643 0.003878 -0.026445 -0.281559 -0.003594 0.999936 0.010747 -0.332015 0.026485 -0.010648 0.999592 13.273538
0.999619 0.002970 -0.027458 -0.298066 -0.002606 0.999909 0.013271 -0.341904 0.027495 -0.013194 0.999535 14.067418
0.999615 0.001285 -0.027715 -0.312219 -0.000926 0.999916 0.012953 -0.347231 0.027729 -0.012922 0.999532 14.867355
0.999622 -0.000994 -0.027488 -0.346598 0.001314 0.999932 0.011603 -0.342434 0.027475 -0.011635 0.999555 15.684396
0.999622 -0.000994 -0.027488 -0.346598 0.001314 0.999932 0.011603 -0.342434 0.027475 -0.011635 0.999555 15.684396
0.999622 -0.000994 -0.027488 -0.346598 0.001314 0.999932 0.011603 -0.342434 0.027475 -0.011635 0.999555 15.684396
0.999622 -0.000994 -0.027488 -0.346598 0.001314 0.999932 0.011603 -0.342434 0.027475 -0.011635 0.999555 15.684396
0.999622 -0.000994 -0.027488 -0.346598 0.001314 0.999932 0.011603 -0.342434 0.027475 -0.011635 0.999555 15.684396
0.999647 -0.003604 -0.026303 -0.420551 0.003413 0.999967 -0.007334 -0.373891 0.026329 0.007242 0.999627 19.121401
0.999693 -0.000545 -0.024778 -0.486419 0.000315 0.999957 -0.009256 -0.412022 0.024782 0.009245 0.999650 20.916153
0.999675 -0.000021 -0.025505 -0.506647 -0.000232 0.999951 -0.009923 -0.439592 0.025504 0.009926 0.999625 21.855314
0.999661 0.002340 -0.025925 -0.538717 -0.002638 0.999931 -0.011449 -0.467027 0.025897 0.011513 0.999598 22.798353
0.999608 0.006407 -0.027245 -0.567077 -0.006742 0.999903 -0.012201 -0.495915 0.027164 0.012380 0.999554 23.762083
0.999608 0.006407 -0.027245 -0.567077 -0.006742 0.999903 -0.012201 -0.495915 0.027164 0.012380 0.999554 23.762083
0.999643 0.009015 -0.025161 -0.673167 -0.009330 0.999879 -0.012421 -0.546670 0.025046 0.012651 0.999606 25.646482
0.999613 0.009507 -0.026146 -0.701095 -0.009830 0.999876 -0.012274 -0.577323 0.026026 0.012526 0.999583 26.641733
0.999585 0.010768 -0.026703 -0.732514 -0.011072 0.999875 -0.011283 -0.607363 0.026578 0.011574 0.999580 27.636829
0.999544 0.011829 -0.027791 -0.766715 -0.012106 0.999879 -0.009808 -0.638514 0.027672 0.010140 0.999566 28.652679
0.999544 0.011829 -0.027791 -0.766715 -0.012106 0.999879 -0.009808 -0.638514 0.027672 0.010140 0.999566 28.652679
0.999593 0.010238 -0.026611 -0.844097 -0.010460 0.999911 -0.008222 -0.688104 0.026524 0.008497 0.999612 30.640425
0.999558 0.011079 -0.027570 -0.874882 -0.011327 0.999897 -0.008844 -0.714738 0.027470 0.009153 0.999581 31.682150
0.999542 0.010657 -0.028333 -0.900963 -0.010902 0.999904 -0.008500 -0.735495 0.028240 0.008805 0.999562 32.730110
0.999521 0.009890 -0.029321 -0.921900 -0.010087 0.999928 -0.006572 -0.760790 0.029254 0.006865 0.999548 33.785629
0.999521 0.009890 -0.029321 -0.921900 -0.010087 0.999928 -0.006572 -0.760790 0.029254 0.006865 0.999548 33.785629
0.999531 0.012993 -0.027747 -1.006583 -0.013008 0.999915 -0.000390 -0.829485 0.027739 0.000751 0.999615 35.868366
0.999518 0.012074 -0.028613 -1.033719 -0.012080 0.999927 -0.000039 -0.851522 0.028610 0.000384 0.999591 36.943130
0.999518 0.011051 -0.029014 -1.063468 -0.011092 0.999938 -0.001249 -0.873045 0.028998 0.001570 0.999578 38.014339
0.999494 0.011755 -0.029559 -1.096284 -0.011809 0.999929 -0.001676 -0.895596 0.029537 0.002024 0.999562 39.095421
0.999461 0.012656 -0.030304 -1.162641 -0.012644 0.999920 0.000569 -0.922708 0.030309 -0.000186 0.999541 40.133743
0.999461 0.012656 -0.030304 -1.162641 -0.012644 0.999920 0.000569 -0.922708 0.030309 -0.000186 0.999541 40.133743
0.999461 0.012656 -0.030304 -1.162641 -0.012644 0.999920 0.000569 -0.922708 0.030309 -0.000186 0.999541 40.133743
0.999461 0.012656 -0.030304 -1.162641 -0.012644 0.999920 0.000569 -0.922708 0.030309 -0.000186 0.999541 40.133743
0.999461 0.012656 -0.030304 -1.162641 -0.012644 0.999920 0.000569 -0.922708 0.030309 -0.000186 0.999541 40.133743
0.999395 0.014637 -0.031564 -1.325888 -0.014611 0.999893 0.001063 -1.016437 0.031576 -0.000602 0.999501 44.482777
0.999342 0.015204 -0.032925 -1.413800 -0.015268 0.999882 -0.001696 -1.059012 0.032895 0.002197 0.999456 46.580620
0.999338 0.015071 -0.033123 -1.448325 -0.015058 0.999886 0.000654 -1.086331 0.033129 -0.000155 0.999451 47.671070
0.999331 0.016308 -0.032725 -1.494755 -0.016222 0.999864 0.002902 -1.110667 0.032768 -0.002370 0.999460 48.766293
0.999375 0.013896 -0.032497 -1.524529 -0.013774 0.999897 0.003964 -1.128201 0.032549 -0.003514 0.999464 49.850277
0.999375 0.013896 -0.032497 -1.524529 -0.013774 0.999897 0.003964 -1.128201 0.032549 -0.003514 0.999464 49.850277
0.999368 0.015073 -0.032190 -1.619127 -0.015018 0.999885 0.001948 -1.169139 0.032216 -0.001464 0.999480 51.959408
0.999360 0.015747 -0.032128 -1.659982 -0.015757 0.999876 -0.000049 -1.188661 0.032123 0.000555 0.999484 53.039375
0.999382 0.015140 -0.031723 -1.693267 -0.015213 0.999882 -0.002037 -1.214670 0.031688 0.002518 0.999495 54.113121
0.999406 0.014296 -0.031345 -1.727461 -0.014469 0.999881 -0.005290 -1.246151 0.031266 0.005741 0.999495 55.183918
0.999406 0.014296 -0.031345 -1.727461 -0.014469 0.999881 -0.005290 -1.246151 0.031266 0.005741 0.999495 55.183918
0.999462 0.011642 -0.030667 -1.797169 -0.011823 0.999914 -0.005711 -1.311441 0.030598 0.006071 0.999513 57.330475
0.999467 0.011071 -0.030699 -1.831948 -0.011090 0.999938 -0.000468 -1.341235 0.030692 0.000808 0.999529 58.435158
0.999487 0.009817 -0.030484 -1.857502 -0.009674 0.999941 0.004850 -1.363736 0.030530 -0.004553 0.999523 59.537998
0.999505 0.007820 -0.030482 -1.876708 -0.007650 0.999955 0.005676 -1.383566 0.030525 -0.005440 0.999519 60.625755
0.999505 0.007820 -0.030482 -1.876708 -0.007650 0.999955 0.005676 -1.383566 0.030525 -0.005440 0.999519 60.625755
0.999536 0.001322 -0.030437 -1.945943 -0.001249 0.999996 0.002425 -1.412444 0.030440 -0.002385 0.999534 62.749088
0.999504 0.003047 -0.031350 -1.981607 -0.003071 0.999995 -0.000698 -1.436970 0.031348 0.000794 0.999508 63.831142
0.999517 0.002514 -0.030964 -2.009508 -0.002663 0.999985 -0.004750 -1.458506 0.030952 0.004830 0.999509 64.906906
0.999534 0.004911 -0.030125 -2.047438 -0.005074 0.999973 -0.005333 -1.483738 0.030098 0.005483 0.999532 65.996445
0.999508 0.012563 -0.028742 -2.142132 -0.012651 0.999916 -0.002879 -1.516813 0.028704 0.003241 0.999583 67.061302
0.999508 0.012563 -0.028742 -2.142132 -0.012651 0.999916 -0.002879 -1.516813 0.028704 0.003241 0.999583 67.061302
0.999508 0.012563 -0.028742 -2.142132 -0.012651 0.999916 -0.002879 -1.516813 0.028704 0.003241 0.999583 67.061302
0.999508 0.012563 -0.028742 -2.142132 -0.012651 0.999916 -0.002879 -1.516813 0.028704 0.003241 0.999583 67.061302
0.999508 0.012563 -0.028742 -2.142132 -0.012651 0.999916 -0.002879 -1.516813 0.028704 0.003241 0.999583 67.061302
0.999538 0.010752 -0.028424 -2.259867 -0.010702 0.999941 0.001903 -1.622743 0.028443 -0.001598 0.999594 71.446144
0.999534 0.007927 -0.029485 -2.345881 -0.007743 0.999950 0.006351 -1.661318 0.029533 -0.006119 0.999545 73.610138
0.999539 0.007183 -0.029509 -2.376808 -0.007024 0.999960 0.005490 -1.680928 0.029547 -0.005280 0.999549 74.687721
0.999536 0.007138 -0.029625 -2.409659 -0.007069 0.999972 0.002433 -1.706188 0.029642 -0.002222 0.999558 75.755989
0.999515 0.008041 -0.030093 -2.445306 -0.008034 0.999968 0.000342 -1.728137 0.030095 -0.000100 0.999547 76.833031
0.999515 0.008041 -0.030093 -2.445306 -0.008034 0.999968 0.000342 -1.728137 0.030095 -0.000100 0.999547 76.833031
0.999406 0.011395 -0.032519 -2.565476 -0.011217 0.999921 0.005657 -1.782226 0.032581 -0.005289 0.999455 78.992165
0.999364 0.013078 -0.033164 -2.608982 -0.012786 0.999878 0.009016 -1.805932 0.033278 -0.008586 0.999409 80.078270
0.999343 0.013703 -0.033545 -2.650693 -0.013389 0.999864 0.009579 -1.824375 0.033672 -0.009124 0.999391 81.144043
0.999328 0.013509 -0.034059 -2.692611 -0.013246 0.999881 0.007936 -1.838234 0.034162 -0.007480 0.999388 82.196526
0.999328 0.013509 -0.034059 -2.692611 -0.013246 0.999881 0.007936 -1.838234 0.034162 -0.007480 0.999388 82.196526
0.999280 0.012690 -0.035763 -2.793071 -0.012398 0.999888 0.008393 -1.872556 0.035866 -0.007944 0.999325 84.267433
0.999272 0.011273 -0.036439 -2.825652 -0.010972 0.999904 0.008437 -1.890301 0.036531 -0.008031 0.999300 85.308243
0.999257 0.011028 -0.036921 -2.858691 -0.010681 0.999897 0.009582 -1.910058 0.037023 -0.009181 0.999272 86.346336
0.999249 0.010741 -0.037243 -2.896512 -0.010299 0.999875 0.012030 -1.931555 0.037368 -0.011638 0.999234 87.355049
0.999249 0.010741 -0.037243 -2.896512 -0.010299 0.999875 0.012030 -1.931555 0.037368 -0.011638 0.999234 87.355049
0.999115 0.009237 -0.041043 -2.988911 -0.008644 0.999856 0.014611 -1.957484 0.041172 -0.014243 0.999050 89.248680
0.998971 0.008699 -0.044507 -3.025991 -0.008078 0.999868 0.014118 -1.974233 0.044624 -0.013744 0.998909 90.182014
0.998828 0.008745 -0.047612 -3.069289 -0.008127 0.999880 0.013158 -1.983652 0.047722 -0.012755 0.998779 91.087517
0.998684 0.008789 -0.050520 -3.112639 -0.008113 0.999875 0.013567 -2.000565 0.050633 -0.013139 0.998631 91.971840
0.998543 0.009008 -0.053199 -3.183259 -0.008237 0.999858 0.014697 -2.016350 0.053324 -0.014237 0.998476 92.831070
0.998543 0.009008 -0.053199 -3.183259 -0.008237 0.999858 0.014697 -2.016350 0.053324 -0.014237 0.998476 92.831070
0.998543 0.009008 -0.053199 -3.183259 -0.008237 0.999858 0.014697 -2.016350 0.053324 -0.014237 0.998476 92.831070
0.998543 0.009008 -0.053199 -3.183259 -0.008237 0.999858 0.014697 -2.016350 0.053324 -0.014237 0.998476 92.831070
0.998543 0.009008 -0.053199 -3.183259 -0.008237 0.999858 0.014697 -2.016350 0.053324 -0.014237 0.998476 92.831070
0.997844 0.013105 -0.064316 -3.397883 -0.011983 0.999770 0.017810 -2.055143 0.064534 -0.017000 0.997771 96.043617
0.997479 0.015458 -0.069262 -3.522615 -0.014465 0.999786 0.014815 -2.085877 0.069476 -0.013776 0.997488 97.479889
0.997308 0.017407 -0.071224 -3.579032 -0.016642 0.999797 0.011326 -2.095471 0.071407 -0.010110 0.997396 98.146103
0.997152 0.019019 -0.072982 -3.636900 -0.018383 0.999787 0.009368 -2.101747 0.073144 -0.007999 0.997289 98.786385
0.997046 0.020723 -0.073956 -3.692423 -0.020168 0.999763 0.008242 -2.113431 0.074109 -0.006726 0.997227 99.400314
0.997046 0.020723 -0.073956 -3.692423 -0.020168 0.999763 0.008242 -2.113431 0.074109 -0.006726 0.997227 99.400314
0.997040 0.027869 -0.071660 -3.819645 -0.027296 0.999587 0.008964 -2.147034 0.071880 -0.006982 0.997389 100.515747
0.997343 0.029440 -0.066634 -3.876016 -0.028836 0.999534 0.009997 -2.156926 0.066898 -0.008049 0.997727 101.058479
0.997776 0.029686 -0.059673 -3.919492 -0.029025 0.999508 0.011928 -2.162615 0.059998 -0.010169 0.998147 101.585945
0.998308 0.029208 -0.050287 -3.953884 -0.028530 0.999493 0.014159 -2.167619 0.050675 -0.012701 0.998634 102.082901
0.998308 0.029208 -0.050287 -3.953884 -0.028530 0.999493 0.014159 -2.167619 0.050675 -0.012701 0.998634 102.082901
0.999216 0.030492 -0.025259 -3.964670 -0.030062 0.999400 0.017225 -2.189977 0.025769 -0.016452 0.999533 102.954887
0.999490 0.030200 -0.010354 -3.975062 -0.030024 0.999410 0.016680 -2.197959 0.010852 -0.016361 0.999807 103.383202
0.999561 0.028802 0.006983 -3.977254 -0.028900 0.999480 0.014319 -2.203756 -0.006567 -0.014514 0.999873 103.793327
0.999229 0.027713 0.027801 -3.971515 -0.028016 0.999552 0.010565 -2.208149 -0.027496 -0.011335 0.999558 104.189728
0.999229 0.027713 0.027801 -3.971515 -0.028016 0.999552 0.010565 -2.208149 -0.027496 -0.011335 0.999558 104.189728
0.996589 0.022238 0.079467 -3.862323 -0.022584 0.999739 0.003456 -2.216386 -0.079370 -0.005239 0.996831 104.965530
0.993871 0.019496 0.108812 -3.816346 -0.019895 0.999799 0.002581 -2.221896 -0.108739 -0.004730 0.994059 105.350662
0.989959 0.016820 0.140348 -3.761780 -0.017169 0.999852 0.001272 -2.225912 -0.140305 -0.003669 0.990101 105.728310
0.984394 0.014123 0.175409 -3.691206 -0.014411 0.999896 0.000373 -2.229169 -0.175385 -0.002895 0.984496 106.095016
0.976665 0.011943 0.214435 -3.562896 -0.012068 0.999927 -0.000726 -2.252269 -0.214428 -0.001879 0.976738 106.406883
0.976665 0.011943 0.214435 -3.562896 -0.012068 0.999927 -0.000726 -2.252269 -0.214428 -0.001879 0.976738 106.406883
0.976665 0.011943 0.214435 -3.562896 -0.012068 0.999927 -0.000726 -2.252269 -0.214428 -0.001879 0.976738 106.406883
0.976665 0.011943 0.214435 -3.562896 -0.012068 0.999927 -0.000726 -2.252269 -0.214428 -0.001879 0.976738 106.406883
0.976665 0.011943 0.214435 -3.562896 -0.012068 0.999927 -0.000726 -2.252269 -0.214428 -0.001879 0.976738 106.406883
0.923849 0.009938 0.382628 -3.110845 -0.010474 0.999945 -0.000682 -2.295515 -0.382614 -0.003377 0.923902 107.786736
0.882022 0.007201 0.471153 -2.770643 -0.008874 0.999960 0.001328 -2.314020 -0.471124 -0.005352 0.882051 108.363808
0.857799 0.006079 0.513949 -2.593329 -0.007128 0.999975 0.000070 -2.323231 -0.513935 -0.003723 0.857821 108.658531
0.831099 0.006576 0.556086 -2.407453 -0.006375 0.999977 -0.002297 -2.334114 -0.556088 -0.001636 0.831122 108.941933
0.801692 0.008928 0.597671 -2.204107 -0.007392 0.999960 -0.005021 -2.343484 -0.597692 -0.000393 0.801726 109.219276
0.801692 0.008928 0.597671 -2.204107 -0.007392 0.999960 -0.005021 -2.343484 -0.597692 -0.000393 0.801726 109.219276
0.732139 0.018935 0.680892 -1.778477 -0.014794 0.999820 -0.011897 -2.351155 -0.680995 -0.001363 0.732287 109.703819
0.693925 0.018843 0.719801 -1.521148 -0.013827 0.999822 -0.012843 -2.355185 -0.719915 -0.001041 0.694062 109.949257
0.654049 0.015989 0.756283 -1.230779 -0.011193 0.999872 -0.011460 -2.371307 -0.756369 -0.000970 0.654144 110.179665
0.611454 0.013382 0.791167 -0.927996 -0.010411 0.999906 -0.008866 -2.381190 -0.791212 -0.002816 0.611536 110.414467
0.611454 0.013382 0.791167 -0.927996 -0.010411 0.999906 -0.008866 -2.381190 -0.791212 -0.002816 0.611536 110.414467
0.519285 0.008207 0.854562 -0.312408 -0.010695 0.999938 -0.003104 -2.398428 -0.854534 -0.007527 0.519341 110.788269
0.469866 0.002973 0.882733 0.039295 -0.008719 0.999961 0.001274 -2.420738 -0.882695 -0.008295 0.469874 110.964470
0.419141 0.002052 0.907919 0.392410 -0.010829 0.999938 0.002739 -2.432471 -0.907856 -0.010980 0.419138 111.133125
0.369076 0.004195 0.929390 0.744407 -0.013663 0.999906 0.000913 -2.440403 -0.929299 -0.013035 0.369099 111.281006
0.369076 0.004195 0.929390 0.744407 -0.013663 0.999906 0.000913 -2.440403 -0.929299 -0.013035 0.369099 111.281006
0.273331 0.010204 0.961866 1.511968 -0.015566 0.999860 -0.006184 -2.436491 -0.961794 -0.013282 0.273451 111.502518
0.232677 0.009470 0.972508 1.934817 -0.010200 0.999921 -0.007297 -2.440456 -0.972501 -0.008221 0.232756 111.577354
0.198018 0.008774 0.980159 2.391131 -0.003377 0.999960 -0.008268 -2.448092 -0.980193 -0.001673 0.198040 111.645287
0.167907 0.008670 0.985765 2.844101 0.000230 0.999961 -0.008834 -2.460249 -0.985803 0.001710 0.167899 111.706154
0.134705 0.007138 0.990860 3.304895 -0.001541 0.999974 -0.006994 -2.497488 -0.990884 -0.000585 0.134713 111.837105
0.134705 0.007138 0.990860 3.304895 -0.001541 0.999974 -0.006994 -2.497488 -0.990884 -0.000585 0.134713 111.837105
0.134705 0.007138 0.990860 3.304895 -0.001541 0.999974 -0.006994 -2.497488 -0.990884 -0.000585 0.134713 111.837105
0.134705 0.007138 0.990860 3.304895 -0.001541 0.999974 -0.006994 -2.497488 -0.990884 -0.000585 0.134713 111.837105
0.134705 0.007138 0.990860 3.304895 -0.001541 0.999974 -0.006994 -2.497488 -0.990884 -0.000585 0.134713 111.837105
0.045519 -0.001432 0.998962 5.424641 -0.002444 0.999996 0.001545 -2.525743 -0.998960 -0.002512 0.045515 112.023628
0.008917 0.002628 0.999957 6.504241 0.005829 0.999979 -0.002680 -2.536434 -0.999943 0.005853 0.008901 112.028130
-0.002318 0.007296 0.999971 7.118034 0.003487 0.999967 -0.007288 -2.537043 -0.999991 0.003470 -0.002343 112.040276
-0.008410 0.007685 0.999935 7.746579 0.004059 0.999963 -0.007651 -2.539235 -0.999956 0.003995 -0.008441 112.032837
-0.010602 0.004899 0.999932 8.417332 0.008109 0.999956 -0.004813 -2.556745 -0.999911 0.008058 -0.010641 112.008774
-0.010602 0.004899 0.999932 8.417332 0.008109 0.999956 -0.004813 -2.556745 -0.999911 0.008058 -0.010641 112.008774
-0.009339 0.002025 0.999954 9.723349 0.009894 0.999949 -0.001933 -2.581364 -0.999907 0.009876 -0.009359 112.003189
-0.008254 0.002871 0.999962 10.410064 0.006928 0.999972 -0.002814 -2.592756 -0.999942 0.006905 -0.008274 112.015221
-0.007302 0.003851 0.999966 11.120008 0.006499 0.999972 -0.003804 -2.605678 -0.999952 0.006471 -0.007327 112.018776
-0.006048 0.004898 0.999970 11.850185 0.005700 0.999972 -0.004864 -2.617345 -0.999965 0.005671 -0.006076 112.018463
-0.006048 0.004898 0.999970 11.850185 0.005700 0.999972 -0.004864 -2.617345 -0.999965 0.005671 -0.006076 112.018463
-0.003927 0.002907 0.999988 13.296500 0.003451 0.999990 -0.002894 -2.654312 -0.999986 0.003440 -0.003937 112.044029
-0.003585 0.002154 0.999991 14.063566 0.004276 0.999989 -0.002138 -2.668393 -0.999984 0.004268 -0.003594 112.047638
-0.003862 0.000035 0.999993 14.856487 0.004195 0.999991 -0.000019 -2.688686 -0.999984 0.004195 -0.003862 112.046844
-0.004939 -0.001001 0.999987 15.645944 0.002386 0.999997 0.001013 -2.703882 -0.999985 0.002391 -0.004936 112.060562
-0.004939 -0.001001 0.999987 15.645944 0.002386 0.999997 0.001013 -2.703882 -0.999985 0.002391 -0.004936 112.060562
-0.006839 -0.006110 0.999958 17.242861 0.000677 0.999981 0.006115 -2.718713 -0.999976 0.000719 -0.006835 112.055092
-0.007287 -0.007606 0.999945 18.055149 0.001187 0.999970 0.007615 -2.730445 -0.999973 0.001242 -0.007278 112.049599
-0.008558 -0.007903 0.999932 18.878164 -0.000981 0.999968 0.007895 -2.741582 -0.999963 -0.000914 -0.008565 112.056732
-0.009397 -0.003420 0.999950 19.703451 -0.002564 0.999991 0.003396 -2.749170 -0.999953 -0.002532 -0.009406 112.058083
-0.011709 -0.000743 0.999931 20.499495 0.002491 0.999997 0.000772 -2.765948 -0.999928 0.002500 -0.011707 112.042915
-0.011709 -0.000743 0.999931 20.499495 0.002491 0.999997 0.000772 -2.765948 -0.999928 0.002500 -0.011707 112.042915
-0.011709 -0.000743 0.999931 20.499495 0.002491 0.999997 0.000772 -2.765948 -0.999928 0.002500 -0.011707 112.042915
-0.011709 -0.000743 0.999931 20.499495 0.002491 0.999997 0.000772 -2.765948 -0.999928 0.002500 -0.011707 112.042915
-0.011709 -0.000743 0.999931 20.499495 0.002491 0.999997 0.000772 -2.765948 -0.999928 0.002500 -0.011707 112.042915
-0.013426 -0.007919 0.999879 23.958895 -0.006524 0.999948 0.007832 -2.820540 -0.999889 -0.006418 -0.013477 112.051247
-0.014304 -0.015922 0.999771 25.631510 -0.013311 0.999788 0.015732 -2.838627 -0.999809 -0.013082 -0.014513 112.042908
-0.012487 -0.009465 0.999877 26.470007 -0.010542 0.999901 0.009333 -2.844406 -0.999866 -0.010425 -0.012586 112.029922
-0.011185 0.000709 0.999937 27.279997 -0.008481 0.999964 -0.000804 -2.851860 -0.999901 -0.008490 -0.011179 112.019432
-0.009807 0.005515 0.999937 28.117237 -0.006983 0.999960 -0.005583 -2.860494 -0.999928 -0.007037 -0.009769 112.009644
-0.009807 0.005515 0.999937 28.117237 -0.006983 0.999960 -0.005583 -2.860494 -0.999928 -0.007037 -0.009769 112.009644
-0.010671 -0.005702 0.999927 29.762527 -0.004546 0.999974 0.005654 -2.908903 -0.999933 -0.004485 -0.010697 112.004410
-0.009774 -0.007439 0.999925 30.599886 -0.003263 0.999967 0.007407 -2.926478 -0.999947 -0.003190 -0.009798 111.996010
-0.009500 -0.006630 0.999933 31.412476 -0.004210 0.999969 0.006590 -2.942308 -0.999946 -0.004147 -0.009528 111.994156
-0.009941 -0.005697 0.999934 32.244339 -0.005726 0.999968 0.005641 -2.955388 -0.999934 -0.005670 -0.009973 112.000809
-0.009941 -0.005697 0.999934 32.244339 -0.005726 0.999968 0.005641 -2.955388 -0.999934 -0.005670 -0.009973 112.000809
-0.015074 -0.009266 0.999843 33.866211 -0.008165 0.999925 0.009144 -2.980377 -0.999853 -0.008026 -0.015149 111.990112
-0.016999 -0.008621 0.999818 34.669827 -0.009600 0.999918 0.008459 -2.993689 -0.999809 -0.009454 -0.017081 111.987801
-0.018150 -0.008455 0.999800 35.479118 -0.011945 0.999895 0.008239 -3.002600 -0.999764 -0.011793 -0.018249 111.987946
-0.019322 -0.009028 0.999773 36.291821 -0.013591 0.999869 0.008767 -3.013547 -0.999721 -0.013418 -0.019442 111.986359
-0.019322 -0.009028 0.999773 36.291821 -0.013591 0.999869 0.008767 -3.013547 -0.999721 -0.013418 -0.019442 111.986359
-0.025039 -0.010959 0.999626 37.848923 -0.010087 0.999892 0.010709 -3.050800 -0.999636 -0.009815 -0.025147 111.934700
-0.026674 -0.010181 0.999592 38.643028 -0.010034 0.999901 0.009916 -3.065708 -0.999594 -0.009765 -0.026773 111.918663
-0.027442 -0.009870 0.999575 39.437412 -0.009552 0.999908 0.009611 -3.074702 -0.999578 -0.009284 -0.027534 111.896904
-0.028150 -0.010774 0.999546 40.229572 -0.008191 0.999911 0.010547 -3.087125 -0.999570 -0.007890 -0.028236 111.869141
-0.031083 -0.012725 0.999436 40.952896 -0.008448 0.999887 0.012468 -3.090864 -0.999481 -0.008056 -0.031187 111.859398
-0.031083 -0.012725 0.999436 40.952896 -0.008448 0.999887 0.012468 -3.090864 -0.999481 -0.008056 -0.031187 111.859398
-0.031083 -0.012725 0.999436 40.952896 -0.008448 0.999887 0.012468 -3.090864 -0.999481 -0.008056 -0.031187 111.859398
-0.031083 -0.012725 0.999436 40.952896 -0.008448 0.999887 0.012468 -3.090864 -0.999481 -0.008056 -0.031187 111.859398
-0.031083 -0.012725 0.999436 40.952896 -0.008448 0.999887 0.012468 -3.090864 -0.999481 -0.008056 -0.031187 111.859398
-0.034793 -0.014008 0.999296 43.958199 -0.011488 0.999841 0.013616 -3.134834 -0.999328 -0.011006 -0.034949 111.786514
-0.035529 -0.010028 0.999318 45.344769 -0.009785 0.999905 0.009686 -3.164142 -0.999321 -0.009434 -0.035623 111.747490
-0.035527 -0.008037 0.999336 46.050175 -0.011591 0.999904 0.007629 -3.175457 -0.999301 -0.011312 -0.035617 111.733780
-0.035745 -0.007051 0.999336 46.761494 -0.011633 0.999910 0.006638 -3.188239 -0.999293 -0.011388 -0.035824 111.717003
-0.035889 -0.006932 0.999332 47.470146 -0.010784 0.999920 0.006549 -3.199950 -0.999298 -0.010542 -0.035961 111.695305
-0.035889 -0.006932 0.999332 47.470146 -0.010784 0.999920 0.006549 -3.199950 -0.999298 -0.010542 -0.035961 111.695305
-0.036069 -0.008150 0.999316 48.774162 -0.013176 0.999884 0.007679 -3.217134 -0.999262 -0.012890 -0.036172 111.668015
-0.035541 -0.007371 0.999341 49.463741 -0.015010 0.999864 0.006841 -3.229841 -0.999255 -0.014757 -0.035647 111.655838
-0.035135 -0.008010 0.999350 50.153282 -0.014507 0.999867 0.007504 -3.238376 -0.999277 -0.014234 -0.035247 111.634171
-0.036107 -0.008193 0.999314 50.840366 -0.014670 0.999863 0.007667 -3.251812 -0.999240 -0.014383 -0.036222 111.618721
-0.036107 -0.008193 0.999314 50.840366 -0.014670 0.999863 0.007667 -3.251812 -0.999240 -0.014383 -0.036222 111.618721
-0.045540 -0.010982 0.998902 52.163479 -0.022507 0.999697 0.009965 -3.273744 -0.998709 -0.022029 -0.045773 111.591721
-0.051876 -0.007868 0.998623 52.836224 -0.020384 0.999769 0.006818 -3.280814 -0.998446 -0.020003 -0.052024 111.552277
-0.058567 -0.005171 0.998270 53.514408 -0.018991 0.999811 0.004065 -3.285302 -0.998103 -0.018720 -0.058655 111.509232
-0.065177 -0.004471 0.997864 54.196033 -0.020287 0.999789 0.003154 -3.299336 -0.997667 -0.020038 -0.065254 111.471169
-0.065177 -0.004471 0.997864 54.196033 -0.020287 0.999789 0.003154 -3.299336 -0.997667 -0.020038 -0.065254 111.471169
-0.076625 -0.006137 0.997041 55.518875 -0.021992 0.999748 0.004464 -3.326929 -0.996817 -0.021585 -0.076741 111.397629
-0.080224 -0.005822 0.996760 56.213951 -0.023737 0.999711 0.003929 -3.338389 -0.996494 -0.023344 -0.080339 111.352165
-0.083487 -0.005922 0.996491 56.916729 -0.025982 0.999655 0.003764 -3.341587 -0.996170 -0.025577 -0.083612 111.304184
-0.085256 -0.008658 0.996321 57.629910 -0.026164 0.999637 0.006448 -3.346809 -0.996015 -0.025518 -0.085452 111.244377
-0.089922 -0.012964 0.995864 58.318169 -0.024401 0.999644 0.010810 -3.365101 -0.995650 -0.023328 -0.090207 111.186386
-0.089922 -0.012964 0.995864 58.318169 -0.024401 0.999644 0.010810 -3.365101 -0.995650 -0.023328 -0.090207 111.186386
-0.089922 -0.012964 0.995864 58.318169 -0.024401 0.999644 0.010810 -3.365101 -0.995650 -0.023328 -0.090207 111.186386
-0.089922 -0.012964 0.995864 58.318169 -0.024401 0.999644 0.010810 -3.365101 -0.995650 -0.023328 -0.090207 111.186386
-0.089922 -0.012964 0.995864 58.318169 -0.024401 0.999644 0.010810 -3.365101 -0.995650 -0.023328 -0.090207 111.186386
-0.093478 -0.007974 0.995589 61.234493 -0.018422 0.999811 0.006278 -3.383342 -0.995451 -0.017754 -0.093607 110.906769
-0.094878 -0.003038 0.995484 62.681843 -0.009219 0.999955 0.002173 -3.400694 -0.995446 -0.008971 -0.094901 110.756561
-0.095071 -0.004443 0.995461 63.450947 -0.009909 0.999945 0.003517 -3.412065 -0.995421 -0.009530 -0.095110 110.694031
-0.094442 -0.008286 0.995496 64.217964 -0.008837 0.999933 0.007485 -3.418307 -0.995491 -0.008090 -0.094509 110.623627
-0.094265 -0.009681 0.995500 64.976128 -0.007400 0.999932 0.009023 -3.427566 -0.995520 -0.006516 -0.094330 110.551384
-0.094265 -0.009681 0.995500 64.976128 -0.007400 0.999932 0.009023 -3.427566 -0.995520 -0.006516 -0.094330 110.551384
-0.096886 -0.011160 0.995233 66.453293 -0.009191 0.999905 0.010317 -3.453243 -0.995253 -0.008148 -0.096979 110.428246
-0.098566 -0.010487 0.995075 67.201180 -0.008914 0.999914 0.009655 -3.459006 -0.995091 -0.007919 -0.098651 110.361130
-0.100507 -0.009997 0.994886 67.954597 -0.008007 0.999925 0.009238 -3.463885 -0.994904 -0.007038 -0.100579 110.288803
-0.102000 -0.009522 0.994739 68.703438 -0.006974 0.999936 0.008857 -3.471906 -0.994760 -0.006034 -0.102060 110.214828
-0.102000 -0.009522 0.994739 68.703438 -0.006974 0.999936 0.008857 -3.471906 -0.994760 -0.006034 -0.102060 110.214828
-0.107305 -0.011118 0.994164 70.192970 -0.015358 0.999837 0.009524 -3.492222 -0.994108 -0.014246 -0.107458 110.079529
-0.108092 -0.009645 0.994094 70.958939 -0.015445 0.999849 0.008021 -3.503922 -0.994021 -0.014487 -0.108224 110.001518
-0.108933 -0.009128 0.994007 71.721352 -0.016287 0.999840 0.007396 -3.504394 -0.993916 -0.015384 -0.109065 109.928719
-0.109809 -0.008755 0.993914 72.498932 -0.016178 0.999844 0.007019 -3.514196 -0.993821 -0.015309 -0.109934 109.852669
-0.109809 -0.008755 0.993914 72.498932 -0.016178 0.999844 0.007019 -3.514196 -0.993821 -0.015309 -0.109934 109.852669
-0.113197 -0.012710 0.993491 74.051865 -0.018222 0.999777 0.010714 -3.543882 -0.993405 -0.016890 -0.113403 109.691391
-0.114576 -0.013862 0.993318 74.854477 -0.021117 0.999711 0.011515 -3.547353 -0.993190 -0.019656 -0.114836 109.615952
-0.116391 -0.014224 0.993102 75.656845 -0.021512 0.999699 0.011798 -3.555381 -0.992970 -0.019990 -0.116662 109.528412
-0.117817 -0.013983 0.992937 76.464531 -0.021497 0.999702 0.011527 -3.566300 -0.992803 -0.019987 -0.118082 109.440102
-0.121122 -0.013723 0.992543 77.209900 -0.016370 0.999796 0.011825 -3.565044 -0.992503 -0.014815 -0.121322 109.331108
-0.121122 -0.013723 0.992543 77.209900 -0.016370 0.999796 0.011825 -3.565044 -0.992503 -0.014815 -0.121322 109.331108
-0.121122 -0.013723 0.992543 77.209900 -0.016370 0.999796 0.011825 -3.565044 -0.992503 -0.014815 -0.121322 109.331108
-0.121122 -0.013723 0.992543 77.209900 -0.016370 0.999796 0.011825 -3.565044 -0.992503 -0.014815 -0.121322 109.331108
-0.121122 -0.013723 0.992543 77.209900 -0.016370 0.999796 0.011825 -3.565044 -0.992503 -0.014815 -0.121322 109.331108
-0.122445 -0.002007 0.992473 80.475067 -0.010860 0.999941 0.000682 -3.614453 -0.992416 -0.010694 -0.122460 108.921150
-0.122249 -0.004466 0.992489 82.134514 -0.005754 0.999976 0.003791 -3.640838 -0.992483 -0.005247 -0.122272 108.714424
-0.121127 -0.005653 0.992621 82.996941 -0.006749 0.999965 0.004872 -3.655817 -0.992614 -0.006109 -0.121161 108.616104
-0.118931 -0.007043 0.992877 83.857956 -0.007712 0.999951 0.006170 -3.666858 -0.992873 -0.006923 -0.118980 108.515656
-0.116641 -0.009226 0.993131 84.725235 -0.008055 0.999933 0.008343 -3.680653 -0.993141 -0.007026 -0.116708 108.414757
-0.116641 -0.009226 0.993131 84.725235 -0.008055 0.999933 0.008343 -3.680653 -0.993141 -0.007026 -0.116708 108.414757
-0.114819 -0.015163 0.993271 86.362526 -0.008933 0.999859 0.014230 -3.685597 -0.993346 -0.007239 -0.114938 108.229256
-0.112904 -0.010725 0.993548 87.205963 -0.007355 0.999923 0.009958 -3.694629 -0.993579 -0.006184 -0.112974 108.133499
-0.110417 -0.004237 0.993876 88.053452 -0.007252 0.999968 0.003457 -3.703172 -0.993859 -0.006825 -0.110444 108.043427
-0.108168 -0.001407 0.994132 88.912148 -0.009520 0.999955 0.000379 -3.719498 -0.994087 -0.009423 -0.108176 107.959076
-0.108168 -0.001407 0.994132 88.912148 -0.009520 0.999955 0.000379 -3.719498 -0.994087 -0.009423 -0.108176 107.959076
-0.107571 -0.006858 0.994174 90.632835 -0.010528 0.999928 0.005759 -3.746114 -0.994142 -0.009847 -0.107636 107.783737
-0.106275 -0.008114 0.994304 91.499039 -0.009837 0.999926 0.007109 -3.755738 -0.994288 -0.009025 -0.106347 107.694397
-0.105293 -0.008221 0.994407 92.355629 -0.010165 0.999922 0.007190 -3.770571 -0.994389 -0.009352 -0.105369 107.606888
-0.104050 -0.008378 0.994537 93.219666 -0.010338 0.999920 0.007342 -3.783373 -0.994518 -0.009518 -0.104128 107.522903
-0.104050 -0.008378 0.994537 93.219666 -0.010338 0.999920 0.007342 -3.783373 -0.994518 -0.009518 -0.104128 107.522903
-0.104306 -0.011438 0.994479 94.958939 -0.006240 0.999922 0.010846 -3.809032 -0.994526 -0.005075 -0.104370 107.340668
-0.103757 -0.010010 0.994552 95.820992 -0.004746 0.999943 0.009569 -3.818892 -0.994591 -0.003727 -0.103799 107.250870
-0.102996 -0.007840 0.994651 96.679893 -0.005241 0.999959 0.007339 -3.827962 -0.994668 -0.004457 -0.103033 107.167511
-0.100862 -0.006646 0.994878 97.550331 -0.007038 0.999957 0.005967 -3.837026 -0.994876 -0.006400 -0.100905 107.091751
-0.102242 -0.011833 0.994689 98.396088 -0.013344 0.999856 0.010523 -3.857950 -0.994670 -0.012197 -0.102385 107.021690
-0.102242 -0.011833 0.994689 98.396088 -0.013344 0.999856 0.010523 -3.857950 -0.994670 -0.012197 -0.102385 107.021690
-0.102242 -0.011833 0.994689 98.396088 -0.013344 0.999856 0.010523 -3.857950 -0.994670 -0.012197 -0.102385 107.021690
-0.102242 -0.011833 0.994689 98.396088 -0.013344 0.999856 0.010523 -3.857950 -0.994670 -0.012197 -0.102385 107.021690
-0.102242 -0.011833 0.994689 98.396088 -0.013344 0.999856 0.010523 -3.857950 -0.994670 -0.012197 -0.102385 107.021690
-0.103315 -0.006285 0.994629 101.771278 -0.025324 0.999673 0.003687 -3.888920 -0.994326 -0.024807 -0.103440 106.755135
-0.105482 -0.006570 0.994399 103.424904 -0.021292 0.999764 0.004347 -3.937602 -0.994193 -0.020714 -0.105597 106.564796
-0.105224 -0.005712 0.994432 104.244530 -0.019230 0.999808 0.003708 -3.953853 -0.994263 -0.018733 -0.105314 106.479393
-0.105239 -0.003360 0.994441 105.065430 -0.019600 0.999807 0.001304 -3.971130 -0.994254 -0.019354 -0.105284 106.400291
-0.105143 -0.002047 0.994455 105.881950 -0.019519 0.999810 -0.000006 -3.988204 -0.994266 -0.019412 -0.105163 106.324036
-0.105143 -0.002047 0.994455 105.881950 -0.019519 0.999810 -0.000006 -3.988204 -0.994266 -0.019412 -0.105163 106.324036
-0.111618 -0.003937 0.993743 107.481277 -0.023564 0.999721 0.001314 -4.026234 -0.993472 -0.023270 -0.111680 106.166847
-0.114647 -0.002816 0.993402 108.286659 -0.024095 0.999710 0.000053 -4.042082 -0.993114 -0.023930 -0.114681 106.085106
-0.117296 -0.000581 0.993097 109.084938 -0.024682 0.999693 -0.002331 -4.056072 -0.992790 -0.024785 -0.117274 105.999298
-0.120343 0.000202 0.992732 109.875923 -0.026635 0.999639 -0.003432 -4.075400 -0.992375 -0.026854 -0.120295 105.915833
-0.120343 0.000202 0.992732 109.875923 -0.026635 0.999639 -0.003432 -4.075400 -0.992375 -0.026854 -0.120295 105.915833
-0.127503 -0.000809 0.991838 111.391304 -0.024643 0.999694 -0.002353 -4.127948 -0.991532 -0.024742 -0.127483 105.733330
-0.130465 -0.000632 0.991453 112.170776 -0.023573 0.999719 -0.002465 -4.151770 -0.991173 -0.023693 -0.130443 105.640427
-0.132250 0.003107 0.991212 112.942368 -0.027591 0.999596 -0.006815 -4.177783 -0.990832 -0.028250 -0.132110 105.556602
-0.134079 0.009854 0.990922 113.705017 -0.029829 0.999457 -0.013975 -4.195231 -0.990522 -0.031432 -0.133712 105.475822
-0.134079 0.009854 0.990922 113.705017 -0.029829 0.999457 -0.013975 -4.195231 -0.990522 -0.031432 -0.133712 105.475822
-0.138673 0.011648 0.990270 115.189194 -0.024073 0.999596 -0.015129 -4.246366 -0.990046 -0.025937 -0.138337 105.249504
-0.141550 0.005168 0.989918 115.978928 -0.025496 0.999636 -0.008865 -4.280072 -0.989603 -0.026494 -0.141366 105.146950
-0.143256 0.003954 0.989678 116.746468 -0.026328 0.999623 -0.007805 -4.307559 -0.989335 -0.027174 -0.143098 105.044479
-0.144887 0.006376 0.989428 117.501541 -0.026586 0.999593 -0.010334 -4.333968 -0.989091 -0.027802 -0.144659 104.938210
-0.149413 0.007499 0.988746 118.243965 -0.028623 0.999519 -0.011906 -4.358430 -0.988360 -0.030080 -0.149127 104.837791
-0.149413 0.007499 0.988746 118.243965 -0.028623 0.999519 -0.011906 -4.358430 -0.988360 -0.030080 -0.149127 104.837791
-0.149413 0.007499 0.988746 118.243965 -0.028623 0.999519 -0.011906 -4.358430 -0.988360 -0.030080 -0.149127 104.837791
-0.149413 0.007499 0.988746 118.243965 -0.028623 0.999519 -0.011906 -4.358430 -0.988360 -0.030080 -0.149127 104.837791
-0.149413 0.007499 0.988746 118.243965 -0.028623 0.999519 -0.011906 -4.358430 -0.988360 -0.030080 -0.149127 104.837791
-0.158933 0.019446 0.987098 121.230499 -0.026068 0.999375 -0.023885 -4.467573 -0.986945 -0.029528 -0.158326 104.399513
-0.165586 0.014429 0.986090 122.676285 -0.023199 0.999559 -0.018521 -4.530417 -0.985922 -0.025943 -0.165178 104.156807
-0.171080 0.013148 0.985169 123.407181 -0.022157 0.999607 -0.017188 -4.568827 -0.985008 -0.024769 -0.170721 104.034386
-0.177190 0.012434 0.984098 124.133522 -0.022671 0.999603 -0.016712 -4.602936 -0.983916 -0.025271 -0.176837 103.919807
-0.185334 0.012451 0.982597 124.866997 -0.023933 0.999566 -0.017181 -4.633772 -0.982384 -0.026701 -0.184956 103.794365
-0.185334 0.012451 0.982597 124.866997 -0.023933 0.999566 -0.017181 -4.633772 -0.982384 -0.026701 -0.184956 103.794365
-0.209337 0.011638 0.977774 126.281700 -0.022682 0.999602 -0.016754 -4.677591 -0.977580 -0.025685 -0.208990 103.516090
-0.221491 0.011843 0.975090 127.003616 -0.022084 0.999609 -0.017157 -4.708483 -0.974912 -0.025334 -0.221143 103.366051
-0.232343 0.011805 0.972562 127.711372 -0.019978 0.999657 -0.016907 -4.734661 -0.972429 -0.023358 -0.232027 103.198837
-0.243215 0.011509 0.969904 128.412857 -0.017954 0.999705 -0.016365 -4.763589 -0.969806 -0.021394 -0.242936 103.026680
-0.243215 0.011509 0.969904 128.412857 -0.017954 0.999705 -0.016365 -4.763589 -0.969806 -0.021394 -0.242936 103.026680
-0.263817 0.012071 0.964497 129.772430 -0.008303 0.999856 -0.014784 -4.813201 -0.964537 -0.011908 -0.263679 102.613396
-0.271560 0.012152 0.962345 130.472351 -0.004811 0.999891 -0.013984 -4.842679 -0.962409 -0.008427 -0.271472 102.409897
-0.277213 0.011915 0.960735 131.163910 -0.004379 0.999897 -0.013664 -4.868679 -0.960799 -0.007995 -0.277132 102.220512
-0.282107 0.010652 0.959324 131.856277 -0.001853 0.999930 -0.011648 -4.886945 -0.959381 -0.005063 -0.282067 102.022148
-0.282107 0.010652 0.959324 131.856277 -0.001853 0.999930 -0.011648 -4.886945 -0.959381 -0.005063 -0.282067 102.022148
-0.284941 0.005473 0.958529 133.225098 0.009626 0.999950 -0.002847 -4.939295 -0.958497 0.008416 -0.284979 101.552231
-0.285370 0.004970 0.958405 133.912323 0.011451 0.999933 -0.001776 -4.954634 -0.958349 0.010468 -0.285408 101.349358
-0.284865 0.009730 0.958518 134.571396 0.014068 0.999883 -0.005968 -4.972116 -0.958464 0.011785 -0.284969 101.149498
-0.283448 0.012866 0.958901 135.232727 0.014254 0.999856 -0.009202 -4.984666 -0.958882 0.011060 -0.283590 100.958290
-0.283333 0.012311 0.958943 135.859848 0.017746 0.999814 -0.007593 -5.022937 -0.958857 0.014866 -0.283499 100.749207
-0.283333 0.012311 0.958943 135.859848 0.017746 0.999814 -0.007593 -5.022937 -0.958857 0.014866 -0.283499 100.749207
-0.283333 0.012311 0.958943 135.859848 0.017746 0.999814 -0.007593 -5.022937 -0.958857 0.014866 -0.283499 100.749207
-0.283333 0.012311 0.958943 135.859848 0.017746 0.999814 -0.007593 -5.022937 -0.958857 0.014866 -0.283499 100.749207
-0.283333 0.012311 0.958943 135.859848 0.017746 0.999814 -0.007593 -5.022937 -0.958857 0.014866 -0.283499 100.749207
-0.276328 0.012854 0.960977 138.475418 0.023265 0.999707 -0.006682 -5.082683 -0.960782 0.020510 -0.276546 99.976631
-0.266304 0.012612 0.963807 139.755127 0.025392 0.999659 -0.006066 -5.131861 -0.963555 0.022858 -0.266533 99.619980
-0.259890 0.012152 0.965562 140.390869 0.027241 0.999615 -0.005248 -5.143935 -0.965254 0.024939 -0.260121 99.447876
-0.256135 0.010755 0.966581 141.015915 0.027343 0.999619 -0.003877 -5.162057 -0.966254 0.025437 -0.256332 99.276840
-0.251698 0.010515 0.967749 141.647430 0.027368 0.999618 -0.003744 -5.177630 -0.967419 0.025543 -0.251889 99.118050
-0.251698 0.010515 0.967749 141.647430 0.027368 0.999618 -0.003744 -5.177630 -0.967419 0.025543 -0.251889 99.118050
-0.244388 0.004048 0.969669 142.859314 0.026653 0.999642 0.002544 -5.216496 -0.969311 0.026466 -0.244409 98.808113
-0.240680 0.002915 0.970600 143.480835 0.028092 0.999597 0.003964 -5.233875 -0.970198 0.028220 -0.240665 98.646973
-0.236975 0.001677 0.971514 144.089615 0.025917 0.999654 0.004596 -5.250374 -0.971170 0.026268 -0.236937 98.507027
-0.233325 0.002323 0.972396 144.692383 0.023855 0.999710 0.003335 -5.261339 -0.972106 0.023975 -0.233313 98.370117
-0.233325 0.002323 0.972396 144.692383 0.023855 0.999710 0.003335 -5.261339 -0.972106 0.023975 -0.233313 98.370117
-0.223766 0.008047 0.974610 145.828995 0.030464 0.999535 -0.001258 -5.291253 -0.974167 0.029409 -0.223907 98.085403
-0.217237 0.008711 0.976080 146.427170 0.029368 0.999566 -0.002384 -5.306736 -0.975677 0.028148 -0.217398 97.957870
-0.208419 0.007921 0.978008 147.024597 0.026594 0.999643 -0.002429 -5.322205 -0.977678 0.025503 -0.208555 97.847549
-0.197475 0.006483 0.980287 147.622253 0.025018 0.999686 -0.001571 -5.336953 -0.979989 0.024215 -0.197575 97.741425
