1.000000 0.000000 0.000000 0.000000 0.000000 1.000000 0.000000 0.000000 0.000000 0.000000 1.000000 0.000000
1.000000 0.000000 0.000000 0.000000 0.000000 1.000000 0.000000 0.000000 0.000000 0.000000 1.000000 0.000000
1.000000 0.000000 0.000000 0.000000 0.000000 1.000000 0.000000 0.000000 0.000000 0.000000 1.000000 0.000000
1.000000 0.000000 0.000000 0.000000 0.000000 1.000000 0.000000 0.000000 0.000000 0.000000 1.000000 0.000000
0.999991 0.000255 0.004306 -0.004895 -0.000254 1.000000 -0.000355 -0.080180 -0.004306 0.000354 0.999991 3.587792
0.999983 0.000242 0.005751 -0.002685 -0.000240 1.000000 -0.000470 -0.134342 -0.005751 0.000468 0.999983 5.980119
0.999979 0.000276 0.006422 -0.005596 -0.000271 1.000000 -0.000773 -0.164150 -0.006422 0.000771 0.999979 7.180373
0.999975 0.000327 0.007051 -0.000945 -0.000319 0.999999 -0.001124 -0.189936 -0.007051 0.001122 0.999974 8.375106
0.999975 0.000022 0.007025 0.002516 -0.000023 1.000000 0.000072 -0.219358 -0.007025 -0.000072 0.999975 9.588588
0.999975 0.000022 0.007025 0.002516 -0.000023 1.000000 0.000072 -0.219358 -0.007025 -0.000072 0.999975 9.588588
0.999990 -0.002040 0.004054 0.003182 0.002035 0.999997 0.001079 -0.277378 -0.004056 -0.001070 0.999991 12.000804
0.999998 -0.001416 0.001512 0.003580 0.001415 0.999999 0.000455 -0.305740 -0.001512 -0.000453 0.999999 13.199858
1.000000 -0.000784 -0.000104 0.002869 0.000784 1.000000 0.000157 -0.335020 0.000104 -0.000157 1.000000 14.390038
0.999999 0.000619 -0.001479 -0.003952 -0.000620 1.000000 -0.000265 -0.364042 0.001479 0.000266 0.999999 15.594223
0.999999 0.000619 -0.001479 -0.003952 -0.000620 1.000000 -0.000265 -0.364042 0.001479 0.000266 0.999999 15.594223
0.999999 0.000218 -0.001243 -0.041983 -0.000217 1.000000 0.000836 -0.420903 0.001243 -0.000836 0.999999 17.941072
0.999998 0.000049 -0.002165 -0.041783 -0.000047 1.000000 0.000890 -0.447861 0.002165 -0.000890 0.999997 19.144516
0.999996 -0.000084 -0.002984 -0.049982 0.000084 1.000000 0.000100 -0.476615 0.002984 -0.000100 0.999996 20.349897
0.999993 -0.000250 -0.003782 -0.057871 0.000247 1.000000 -0.000717 -0.501984 0.003782 0.000716 0.999993 21.542952
0.999993 -0.000250 -0.003782 -0.057871 0.000247 1.000000 -0.000717 -0.501984 0.003782 0.000716 0.999993 21.542952
0.999989 -0.000095 -0.004616 -0.083938 0.000099 1.000000 0.000810 -0.550060 0.004616 -0.000811 0.999989 23.916504
0.999983 0.000036 -0.005784 -0.102203 -0.000034 1.000000 0.000315 -0.578471 0.005784 -0.000315 0.999983 25.106028
0.999977 0.000358 -0.006809 -0.117363 -0.000352 1.000000 0.000800 -0.602463 0.006809 -0.000798 0.999977 26.304686
0.999970 -0.000254 -0.007739 -0.125259 0.000270 0.999998 0.002165 -0.624616 0.007739 -0.002167 0.999968 27.507103
0.999968 -0.001846 -0.007818 -0.136759 0.001870 0.999994 0.003084 -0.651918 0.007812 -0.003098 0.999965 28.704258
0.999968 -0.001846 -0.007818 -0.136759 0.001870 0.999994 0.003084 -0.651918 0.007812 -0.003098 0.999965 28.704258
0.999968 -0.001846 -0.007818 -0.136759 0.001870 0.999994 0.003084 -0.651918 0.007812 -0.003098 0.999965 28.704258
0.999968 -0.001846 -0.007818 -0.136759 0.001870 0.999994 0.003084 -0.651918 0.007812 -0.003098 0.999965 28.704258
0.999968 -0.001846 -0.007818 -0.136759 0.001870 0.999994 0.003084 -0.651918 0.007812 -0.003098 0.999965 28.704258
0.999934 -0.002667 -0.011178 -0.199174 0.002684 0.999995 0.001441 -0.746209 0.011174 -0.001471 0.999936 33.504093
0.999917 -0.003491 -0.012386 -0.225815 0.003520 0.999991 0.002326 -0.802903 0.012378 -0.002370 0.999921 35.898064
0.999907 -0.003508 -0.013206 -0.246442 0.003538 0.999991 0.002239 -0.826713 0.013199 -0.002285 0.999910 37.116158
0.999898 -0.003926 -0.013740 -0.266366 0.003965 0.999988 0.002797 -0.851446 0.013729 -0.002851 0.999902 38.328041
0.999896 -0.003524 -0.013985 -0.286906 0.003579 0.999986 0.003913 -0.874694 0.013971 -0.003962 0.999895 39.550755
0.999896 -0.003524 -0.013985 -0.286906 0.003579 0.999986 0.003913 -0.874694 0.013971 -0.003962 0.999895 39.550755
0.999913 -0.003325 -0.012805 -0.339991 0.003389 0.999982 0.005000 -0.925277 0.012789 -0.005043 0.999906 41.903946
0.999913 -0.002660 -0.012938 -0.364254 0.002728 0.999983 0.005197 -0.949033 0.012923 -0.005232 0.999903 43.121311
0.999920 -0.000270 -0.012625 -0.396359 0.000357 0.999976 0.006902 -0.968971 0.012623 -0.006906 0.999896 44.339600
0.999935 0.000310 -0.011408 -0.418005 -0.000198 0.999951 0.009851 -0.985352 0.011411 -0.009848 0.999886 45.558006
0.999935 0.000310 -0.011408 -0.418005 -0.000198 0.999951 0.009851 -0.985352 0.011411 -0.009848 0.999886 45.558006
0.999969 0.002976 -0.007249 -0.454058 -0.002865 0.999879 0.015288 -1.018097 0.007294 -0.015267 0.999857 47.937443
0.999977 0.002448 -0.006319 -0.463022 -0.002343 0.999861 0.016483 -1.024991 0.006359 -0.016468 0.999844 49.153137
0.999986 0.001468 -0.005010 -0.470057 -0.001393 0.999887 0.014961 -1.027577 0.005031 -0.014953 0.999876 50.357189
0.999988 0.002665 -0.004024 -0.478690 -0.002611 0.999905 0.013546 -1.043389 0.004060 -0.013535 0.999900 51.574379
0.999988 0.002665 -0.004024 -0.478690 -0.002611 0.999905 0.013546 -1.043389 0.004060 -0.013535 0.999900 51.574379
0.999994 0.001424 -0.003047 -0.512805 -0.001381 0.999900 0.014086 -1.055252 0.003066 -0.014081 0.999896 53.968681
0.999991 0.001157 -0.004023 -0.516871 -0.001105 0.999916 0.012883 -1.065266 0.004038 -0.012878 0.999909 55.179085
0.999982 0.001883 -0.005712 -0.523982 -0.001807 0.999910 0.013303 -1.074169 0.005736 -0.013293 0.999895 56.395550
0.999974 0.002178 -0.006918 -0.531654 -0.002080 0.999897 0.014210 -1.085526 0.006948 -0.014195 0.999875 57.605042
0.999974 0.000641 -0.007186 -0.563657 -0.000531 0.999881 0.015416 -1.103604 0.007195 -0.015412 0.999855 58.788208
0.999974 0.000641 -0.007186 -0.563657 -0.000531 0.999881 0.015416 -1.103604 0.007195 -0.015412 0.999855 58.788208
0.999974 0.000641 -0.007186 -0.563657 -0.000531 0.999881 0.015416 -1.103604 0.007195 -0.015412 0.999855 58.788208
0.999974 0.000641 -0.007186 -0.563657 -0.000531 0.999881 0.015416 -1.103604 0.007195 -0.015412 0.999855 58.788208
0.999974 0.000641 -0.007186 -0.563657 -0.000531 0.999881 0.015416 -1.103604 0.007195 -0.015412 0.999855 58.788208
0.999958 0.000809 -0.009161 -0.616818 -0.000687 0.999912 0.013269 -1.141259 0.009171 -0.013262 0.999870 63.594997
0.999952 0.000507 -0.009766 -0.654954 -0.000347 0.999865 0.016408 -1.169364 0.009773 -0.016404 0.999818 66.015121
0.999952 0.000473 -0.009768 -0.671460 -0.000326 0.999887 0.015046 -1.178654 0.009774 -0.015042 0.999839 67.226822
0.999948 0.002007 -0.010045 -0.687868 -0.001869 0.999904 0.013743 -1.189800 0.010072 -0.013724 0.999855 68.433556
0.999938 0.004274 -0.010273 -0.706268 -0.004130 0.999893 0.014001 -1.196715 0.010331 -0.013958 0.999849 69.645706
0.999938 0.004274 -0.010273 -0.706268 -0.004130 0.999893 0.014001 -1.196715 0.010331 -0.013958 0.999849 69.645706
0.999911 0.008016 -0.010620 -0.775655 -0.007852 0.999850 0.015433 -1.222732 0.010742 -0.015348 0.999825 72.005310
0.999916 0.008494 -0.009797 -0.796597 -0.008336 0.999837 0.015985 -1.233410 0.009931 -0.015902 0.999824 73.200798
0.999916 0.010275 -0.007914 -0.818009 -0.010148 0.999820 0.016010 -1.235429 0.008077 -0.015928 0.999840 74.389732
0.999940 0.009603 -0.005260 -0.830085 -0.009527 0.999853 0.014250 -1.242708 0.005396 -0.014199 0.999885 75.566536
0.999940 0.009603 -0.005260 -0.830085 -0.009527 0.999853 0.014250 -1.242708 0.005396 -0.014199 0.999885 75.566536
0.999984 0.005732 0.000005 -0.844284 -0.005731 0.999921 0.011205 -1.272919 0.000059 -0.011205 0.999937 77.917770
0.999980 0.005586 0.002874 -0.850397 -0.005627 0.999879 0.014489 -1.279165 -0.002793 -0.014505 0.999891 79.088348
0.999968 0.005324 0.005922 -0.851088 -0.005418 0.999859 0.015919 -1.293400 -0.005836 -0.015951 0.999856 80.242668
0.999938 0.005823 0.009535 -0.851467 -0.005958 0.999882 0.014179 -1.294903 -0.009451 -0.014235 0.999854 81.393875
0.999938 0.005823 0.009535 -0.851467 -0.005958 0.999882 0.014179 -1.294903 -0.009451 -0.014235 0.999854 81.393875
0.999855 0.003898 0.016556 -0.829524 -0.004048 0.999951 0.009044 -1.322361 -0.016520 -0.009110 0.999822 83.719765
0.999800 0.003771 0.019649 -0.818705 -0.003930 0.999960 0.008065 -1.343808 -0.019618 -0.008141 0.999774 84.886566
0.999723 0.003253 0.023326 -0.804635 -0.003480 0.999947 0.009707 -1.360303 -0.023293 -0.009785 0.999681 86.050072
0.999628 0.003807 0.026993 -0.783173 -0.004093 0.999936 0.010559 -1.375611 -0.026951 -0.010665 0.999580 87.212700
0.999509 0.003007 0.031198 -0.747754 -0.003265 0.999961 0.008228 -1.398522 -0.031172 -0.008326 0.999479 88.335045
0.999509 0.003007 0.031198 -0.747754 -0.003265 0.999961 0.008228 -1.398522 -0.031172 -0.008326 0.999479 88.335045
0.999509 0.003007 0.031198 -0.747754 -0.003265 0.999961 0.008228 -1.398522 -0.031172 -0.008326 0.999479 88.335045
0.999509 0.003007 0.031198 -0.747754 -0.003265 0.999961 0.008228 -1.398522 -0.031172 -0.008326 0.999479 88.335045
0.999509 0.003007 0.031198 -0.747754 -0.003265 0.999961 0.008228 -1.398522 -0.031172 -0.008326 0.999479 88.335045
0.999134 0.001298 0.041584 -0.565658 -0.001671 0.999959 0.008926 -1.477322 -0.041571 -0.008987 0.999095 92.945457
0.998834 -0.000489 0.048274 -0.466797 -0.000030 0.999942 0.010752 -1.503427 -0.048276 -0.010741 0.998776 95.272797
0.998748 -0.001713 0.049997 -0.408675 0.001262 0.999958 0.009058 -1.517136 -0.050010 -0.008984 0.998708 96.433029
0.998633 -0.003084 0.052183 -0.346780 0.002792 0.999980 0.005672 -1.528009 -0.052199 -0.005518 0.998621 97.590485
0.998527 -0.002868 0.054181 -0.280318 0.002687 0.999991 0.003425 -1.543424 -0.054190 -0.003274 0.998525 98.766533
0.998527 -0.002868 0.054181 -0.280318 0.002687 0.999991 0.003425 -1.543424 -0.054190 -0.003274 0.998525 98.766533
0.998361 -0.002946 0.057151 -0.209651 0.002783 0.999992 0.002929 -1.587472 -0.057160 -0.002766 0.998361 101.081696
0.998394 -0.002830 0.056572 -0.142414 0.002562 0.999985 0.004822 -1.604514 -0.056585 -0.004669 0.998387 102.254135
0.998475 -0.003333 0.055101 -0.066380 0.002983 0.999975 0.006427 -1.624626 -0.055121 -0.006253 0.998460 103.436218
0.998583 -0.003081 0.053118 -0.001818 0.002699 0.999970 0.007259 -1.641328 -0.053139 -0.007105 0.998562 104.626396
0.998583 -0.003081 0.053118 -0.001818 0.002699 0.999970 0.007259 -1.641328 -0.053139 -0.007105 0.998562 104.626396
0.998841 -0.002547 0.048067 0.082735 0.002167 0.999966 0.007971 -1.676817 -0.048086 -0.007857 0.998812 107.036385
0.999018 -0.001055 0.044286 0.137543 0.000734 0.999973 0.007254 -1.690413 -0.044292 -0.007215 0.998993 108.243027
0.999189 -0.000873 0.040262 0.191087 0.000573 0.999972 0.007461 -1.705891 -0.040267 -0.007432 0.999161 109.457596
0.999354 -0.000489 0.035946 0.243226 0.000182 0.999964 0.008530 -1.718475 -0.035949 -0.008518 0.999317 110.671700
0.999354 -0.000489 0.035946 0.243226 0.000182 0.999964 0.008530 -1.718475 -0.035949 -0.008518 0.999317 110.671700
0.999620 0.000036 0.027583 0.261163 -0.000326 0.999945 0.010513 -1.749177 -0.027581 -0.010518 0.999564 113.099136
0.999744 0.000261 0.022631 0.298717 -0.000509 0.999940 0.010954 -1.765867 -0.022627 -0.010963 0.999684 114.307327
0.999843 0.000631 0.017683 0.323448 -0.000824 0.999940 0.010899 -1.779410 -0.017675 -0.010912 0.999784 115.526352
0.999921 0.001072 0.012514 0.344627 -0.001204 0.999944 0.010526 -1.791099 -0.012502 -0.010540 0.999866 116.737389
0.999962 0.002857 0.008181 0.304286 -0.002944 0.999939 0.010661 -1.806575 -0.008150 -0.010685 0.999910 118.003967
0.999962 0.002857 0.008181 0.304286 -0.002944 0.999939 0.010661 -1.806575 -0.008150 -0.010685 0.999910 118.003967
0.999962 0.002857 0.008181 0.304286 -0.002944 0.999939 0.010661 -1.806575 -0.008150 -0.010685 0.999910 118.003967
0.999962 0.002857 0.008181 0.304286 -0.002944 0.999939 0.010661 -1.806575 -0.008150 -0.010685 0.999910 118.003967
0.999962 0.002857 0.008181 0.304286 -0.002944 0.999939 0.010661 -1.806575 -0.008150 -0.010685 0.999910 118.003967
0.999955 0.009492 -0.000754 0.319633 -0.009484 0.999905 0.009979 -1.868551 0.000849 -0.009972 0.999950 122.944771
0.999929 0.011583 -0.002678 0.256047 -0.011551 0.999863 0.011830 -1.890336 0.002814 -0.011799 0.999926 125.426041
0.999892 0.014265 -0.003669 0.240053 -0.014213 0.999803 0.013834 -1.904755 0.003865 -0.013781 0.999898 126.672386
0.999864 0.015877 -0.004508 0.226571 -0.015801 0.999739 0.016517 -1.904081 0.004769 -0.016444 0.999853 127.931122
0.999877 0.014693 -0.005545 0.218845 -0.014599 0.999755 0.016660 -1.914052 0.005788 -0.016577 0.999846 129.180206
0.999877 0.014693 -0.005545 0.218845 -0.014599 0.999755 0.016660 -1.914052 0.005788 -0.016577 0.999846 129.180206
0.999899 0.012831 -0.006115 0.177738 -0.012726 0.999776 0.016908 -1.915584 0.006331 -0.016828 0.999838 131.682922
0.999919 0.010572 -0.007125 0.183157 -0.010434 0.999763 0.019092 -1.928200 0.007325 -0.019017 0.999792 132.950256
0.999935 0.008549 -0.007492 0.180809 -0.008390 0.999745 0.020945 -1.929200 0.007669 -0.020881 0.999753 134.217499
0.999943 0.006887 -0.008134 0.177869 -0.006707 0.999738 0.021897 -1.932255 0.008282 -0.021841 0.999727 135.484772
0.999943 0.006887 -0.008134 0.177869 -0.006707 0.999738 0.021897 -1.932255 0.008282 -0.021841 0.999727 135.484772
0.999967 -0.001138 -0.008002 0.145853 0.001298 0.999800 0.019969 -1.928574 0.007978 -0.019979 0.999769 138.004364
0.999965 -0.002636 -0.007996 0.138414 0.002794 0.999800 0.019816 -1.936701 0.007942 -0.019837 0.999772 139.274963
0.999964 -0.002441 -0.008067 0.131968 0.002604 0.999791 0.020269 -1.940117 0.008016 -0.020289 0.999762 140.537064
0.999972 -0.002183 -0.007174 0.121325 0.002339 0.999757 0.021907 -1.943766 0.007124 -0.021923 0.999734 141.795242
0.999972 -0.002183 -0.007174 0.121325 0.002339 0.999757 0.021907 -1.943766 0.007124 -0.021923 0.999734 141.795242
0.999986 -0.000854 -0.005257 0.067496 0.000972 0.999746 0.022517 -1.949169 0.005237 -0.022522 0.999733 144.372208
0.999989 0.000072 -0.004639 0.055672 0.000026 0.999779 0.021037 -1.947414 0.004639 -0.021037 0.999768 145.635864
0.999992 0.000380 -0.004062 0.046219 -0.000304 0.999825 0.018694 -1.948602 0.004068 -0.018693 0.999817 146.892670
0.999994 -0.000464 -0.003293 0.044397 0.000515 0.999882 0.015368 -1.954837 0.003286 -0.015369 0.999876 148.131699
0.999992 -0.001653 -0.003510 0.026045 0.001694 0.999932 0.011524 -1.968763 0.003490 -0.011530 0.999927 149.446121
0.999992 -0.001653 -0.003510 0.026045 0.001694 0.999932 0.011524 -1.968763 0.003490 -0.011530 0.999927 149.446121
0.999992 -0.001653 -0.003510 0.026045 0.001694 0.999932 0.011524 -1.968763 0.003490 -0.011530 0.999927 149.446121
0.999992 -0.001653 -0.003510 0.026045 0.001694 0.999932 0.011524 -1.968763 0.003490 -0.011530 0.999927 149.446121
0.999992 -0.001653 -0.003510 0.026045 0.001694 0.999932 0.011524 -1.968763 0.003490 -0.011530 0.999927 149.446121
0.999992 0.000100 -0.003881 0.001224 -0.000054 0.999930 0.011862 -2.024862 0.003882 -0.011862 0.999922 154.485184
0.999990 0.000413 -0.004482 -0.043890 -0.000356 0.999917 0.012911 -2.059429 0.004487 -0.012909 0.999907 157.039474
0.999985 0.000921 -0.005437 -0.054887 -0.000850 0.999917 0.012882 -2.068201 0.005449 -0.012877 0.999902 158.304520
0.999979 0.000538 -0.006510 -0.064690 -0.000450 0.999908 0.013572 -2.077483 0.006517 -0.013569 0.999887 159.571487
0.999974 0.001011 -0.007185 -0.083171 -0.000911 0.999903 0.013924 -2.089665 0.007199 -0.013917 0.999877 160.835388
0.999974 0.001011 -0.007185 -0.083171 -0.000911 0.999903 0.013924 -2.089665 0.007199 -0.013917 0.999877 160.835388
0.999965 0.001242 -0.008280 -0.108496 -0.001131 0.999911 0.013328 -2.119154 0.008296 -0.013318 0.999877 163.375381
0.999957 0.001671 -0.009169 -0.124439 -0.001552 0.999915 0.012932 -2.127856 0.009190 -0.012917 0.999874 164.635178
0.999951 0.001385 -0.009830 -0.140742 -0.001266 0.999926 0.012089 -2.140205 0.009846 -0.012076 0.999879 165.896835
0.999941 0.002208 -0.010672 -0.153065 -0.002086 0.999933 0.011373 -2.153745 0.010697 -0.011350 0.999878 167.163193
0.999941 0.002208 -0.010672 -0.153065 -0.002086 0.999933 0.011373 -2.153745 0.010697 -0.011350 0.999878 167.163193
0.999923 0.003101 -0.012017 -0.212361 -0.002946 0.999913 0.012853 -2.188627 0.012055 -0.012817 0.999845 169.700897
0.999908 0.003509 -0.013117 -0.228751 -0.003338 0.999909 0.013041 -2.200657 0.013162 -0.012996 0.999829 170.962509
0.999893 0.003973 -0.014058 -0.250275 -0.003786 0.999904 0.013352 -2.213763 0.014109 -0.013298 0.999812 172.216904
0.999879 0.004229 -0.014976 -0.274828 -0.004025 0.999899 0.013649 -2.226731 0.015033 -0.013587 0.999795 173.476028
0.999879 0.004229 -0.014976 -0.274828 -0.004025 0.999899 0.013649 -2.226731 0.015033 -0.013587 0.999795 173.476028
0.999877 0.005121 -0.014855 -0.337501 -0.004917 0.999893 0.013747 -2.249545 0.014924 -0.013672 0.999795 176.002274
0.999864 0.005559 -0.015500 -0.359326 -0.005344 0.999889 0.013906 -2.258009 0.015575 -0.013821 0.999783 177.259644
0.999859 0.005359 -0.015935 -0.390611 -0.005152 0.999902 0.013043 -2.268080 0.016004 -0.012959 0.999788 178.514206
0.999856 0.004614 -0.016348 -0.408645 -0.004423 0.999922 0.011665 -2.277606 0.016401 -0.011591 0.999798 179.773697
0.999872 0.001501 -0.015926 -0.430962 -0.001312 0.999929 0.011833 -2.302303 0.015943 -0.011811 0.999803 181.043228
0.999872 0.001501 -0.015926 -0.430962 -0.001312 0.999929 0.011833 -2.302303 0.015943 -0.011811 0.999803 181.043228
0.999872 0.001501 -0.015926 -0.430962 -0.001312 0.999929 0.011833 -2.302303 0.015943 -0.011811 0.999803 181.043228
0.999872 0.001501 -0.015926 -0.430962 -0.001312 0.999929 0.011833 -2.302303 0.015943 -0.011811 0.999803 181.043228
0.999872 0.001501 -0.015926 -0.430962 -0.001312 0.999929 0.011833 -2.302303 0.015943 -0.011811 0.999803 181.043228
0.999854 0.002567 -0.016898 -0.527248 -0.002289 0.999862 0.016462 -2.338789 0.016938 -0.016421 0.999722 186.099472
0.999846 0.003111 -0.017253 -0.606182 -0.002846 0.999878 0.015344 -2.354877 0.017299 -0.015293 0.999733 188.577072
0.999847 0.003994 -0.017042 -0.641963 -0.003714 0.999859 0.016380 -2.367965 0.017105 -0.016314 0.999721 189.819489
0.999842 0.004104 -0.017289 -0.677753 -0.003788 0.999825 0.018298 -2.376543 0.017361 -0.018229 0.999683 191.075958
0.999850 0.003826 -0.016897 -0.715112 -0.003507 0.999815 0.018892 -2.383921 0.016966 -0.018830 0.999679 192.319260
0.999850 0.003826 -0.016897 -0.715112 -0.003507 0.999815 0.018892 -2.383921 0.016966 -0.018830 0.999679 192.319260
0.999898 0.000750 -0.014241 -0.728349 -0.000489 0.999831 0.018351 -2.394351 0.014252 -0.018342 0.999730 194.768829
0.999911 0.001170 -0.013304 -0.754523 -0.000936 0.999845 0.017576 -2.403033 0.013323 -0.017562 0.999757 195.991547
0.999924 0.000355 -0.012297 -0.765035 -0.000146 0.999856 0.016958 -2.410931 0.012301 -0.016955 0.999781 197.213776
0.999934 0.000454 -0.011456 -0.782329 -0.000255 0.999849 0.017349 -2.418875 0.011462 -0.017345 0.999784 198.436386
0.999934 0.000454 -0.011456 -0.782329 -0.000255 0.999849 0.017349 -2.418875 0.011462 -0.017345 0.999784 198.436386
0.999971 0.001209 -0.007553 -0.819935 -0.001062 0.999811 0.019415 -2.448739 0.007575 -0.019407 0.999783 200.860886
0.999975 0.001996 -0.006801 -0.839147 -0.001866 0.999816 0.019103 -2.452845 0.006838 -0.019090 0.999794 202.060806
0.999978 0.002223 -0.006249 -0.858235 -0.002102 0.999810 0.019375 -2.460280 0.006291 -0.019361 0.999793 203.250244
0.999983 0.002204 -0.005428 -0.871605 -0.002098 0.999809 0.019427 -2.465891 0.005470 -0.019415 0.999797 204.429108
0.999983 0.002204 -0.005428 -0.871605 -0.002098 0.999809 0.019427 -2.465891 0.005470 -0.019415 0.999797 204.429108
0.999996 0.001522 -0.002373 -0.883138 -0.001473 0.999791 0.020390 -2.480944 0.002404 -0.020386 0.999789 206.772446
0.999998 0.000647 -0.001898 -0.890570 -0.000608 0.999786 0.020688 -2.489222 0.001911 -0.020687 0.999784 207.914368
0.999998 0.000835 -0.001804 -0.893687 -0.000797 0.999779 0.020988 -2.494054 0.001821 -0.020987 0.999778 209.052444
0.999996 0.000793 -0.002641 -0.899665 -0.000736 0.999766 0.021613 -2.500491 0.002657 -0.021611 0.999763 210.186203
0.999997 -0.000662 -0.002404 -0.908219 0.000716 0.999739 0.022830 -2.503623 0.002389 -0.022832 0.999736 211.336838
0.999997 -0.000662 -0.002404 -0.908219 0.000716 0.999739 0.022830 -2.503623 0.002389 -0.022832 0.999736 211.336838
0.999997 -0.000662 -0.002404 -0.908219 0.000716 0.999739 0.022830 -2.503623 0.002389 -0.022832 0.999736 211.336838
0.999997 -0.000662 -0.002404 -0.908219 0.000716 0.999739 0.022830 -2.503623 0.002389 -0.022832 0.999736 211.336838
0.999997 -0.000662 -0.002404 -0.908219 0.000716 0.999739 0.022830 -2.503623 0.002389 -0.022832 0.999736 211.336838
0.999981 0.000429 -0.006163 -0.935320 -0.000299 0.999777 0.021132 -2.526799 0.006171 -0.021130 0.999758 215.641846
0.999967 -0.000954 -0.008098 -0.955630 0.001141 0.999731 0.023153 -2.545423 0.008073 -0.023161 0.999699 217.730545
0.999950 -0.000395 -0.010018 -0.968194 0.000643 0.999693 0.024758 -2.549119 0.010005 -0.024763 0.999643 218.744171
0.999920 0.000150 -0.012670 -0.984501 0.000164 0.999694 0.024721 -2.552950 0.012669 -0.024721 0.999614 219.743500
0.999883 0.000881 -0.015247 -1.007547 -0.000515 0.999712 0.024008 -2.555690 0.015263 -0.023998 0.999595 220.734802
0.999883 0.000881 -0.015247 -1.007547 -0.000515 0.999712 0.024008 -2.555690 0.015263 -0.023998 0.999595 220.734802
0.999779 0.000057 -0.021038 -1.063799 0.000480 0.999674 0.025512 -2.561041 0.021032 -0.025516 0.999453 222.684250
0.999716 0.000892 -0.023808 -1.085076 -0.000291 0.999681 0.025257 -2.564954 0.023823 -0.025243 0.999397 223.607849
0.999634 0.000887 -0.027026 -1.109421 -0.000216 0.999692 0.024798 -2.566634 0.027039 -0.024784 0.999327 224.514359
0.999538 0.000854 -0.030369 -1.135315 -0.000112 0.999701 0.024433 -2.569522 0.030380 -0.024418 0.999240 225.400330
0.999538 0.000854 -0.030369 -1.135315 -0.000112 0.999701 0.024433 -2.569522 0.030380 -0.024418 0.999240 225.400330
0.999367 0.001254 -0.035553 -1.220167 -0.000409 0.999717 0.023779 -2.590590 0.035573 -0.023749 0.999085 227.073410
0.999272 0.003014 -0.038026 -1.257957 -0.002115 0.999717 0.023677 -2.595268 0.038087 -0.023580 0.998996 227.886993
0.999226 0.004127 -0.039127 -1.295357 -0.003191 0.999708 0.023952 -2.596945 0.039214 -0.023808 0.998947 228.680206
0.999223 0.004471 -0.039160 -1.325968 -0.003513 0.999693 0.024510 -2.600413 0.039257 -0.024353 0.998932 229.452789
0.999223 0.004471 -0.039160 -1.325968 -0.003513 0.999693 0.024510 -2.600413 0.039257 -0.024353 0.998932 229.452789
0.999258 0.003681 -0.038349 -1.391769 -0.002693 0.999664 0.025786 -2.598507 0.038431 -0.025663 0.998932 230.956467
0.999248 0.004097 -0.038566 -1.427655 -0.003168 0.999704 0.024121 -2.599948 0.038654 -0.023981 0.998965 231.695282
0.999265 0.004399 -0.038068 -1.460166 -0.003557 0.999748 0.022163 -2.599025 0.038156 -0.022011 0.999029 232.425522
0.999315 0.004320 -0.036756 -1.492267 -0.003565 0.999782 0.020580 -2.604080 0.036837 -0.020435 0.999112 233.145248
0.999392 0.004736 -0.034556 -1.523449 -0.004016 0.999774 0.020862 -2.610924 0.034647 -0.020711 0.999185 233.865143
0.999392 0.004736 -0.034556 -1.523449 -0.004016 0.999774 0.020862 -2.610924 0.034647 -0.020711 0.999185 233.865143
0.999392 0.004736 -0.034556 -1.523449 -0.004016 0.999774 0.020862 -2.610924 0.034647 -0.020711 0.999185 233.865143
0.999392 0.004736 -0.034556 -1.523449 -0.004016 0.999774 0.020862 -2.610924 0.034647 -0.020711 0.999185 233.865143
0.999392 0.004736 -0.034556 -1.523449 -0.004016 0.999774 0.020862 -2.610924 0.034647 -0.020711 0.999185 233.865143
0.999614 0.005105 -0.027301 -1.620479 -0.004565 0.999793 0.019809 -2.628002 0.027396 -0.019677 0.999431 236.709030
0.999764 0.003636 -0.021400 -1.656217 -0.003185 0.999773 0.021061 -2.623975 0.021472 -0.020988 0.999549 238.106094
0.999826 0.002891 -0.018428 -1.672018 -0.002501 0.999773 0.021163 -2.630254 0.018485 -0.021114 0.999606 238.803116
0.999870 0.003079 -0.015806 -1.688172 -0.002744 0.999772 0.021162 -2.638334 0.015867 -0.021116 0.999651 239.505539
0.999913 0.002809 -0.012898 -1.704792 -0.002541 0.999781 0.020753 -2.638629 0.012953 -0.020719 0.999701 240.195847
0.999913 0.002809 -0.012898 -1.704792 -0.002541 0.999781 0.020753 -2.638629 0.012953 -0.020719 0.999701 240.195847
0.999976 0.001607 -0.006667 -1.723747 -0.001466 0.999774 0.021209 -2.634238 0.006699 -0.021199 0.999753 241.571762
0.999989 0.002132 -0.004234 -1.731608 -0.002045 0.999789 0.020461 -2.635554 0.004277 -0.020452 0.999782 242.258575
0.999996 0.002435 -0.001467 -1.735075 -0.002403 0.999771 0.021272 -2.639142 0.001519 -0.021268 0.999773 242.953613
0.999996 0.002872 0.000693 -1.739137 -0.002886 0.999767 0.021414 -2.638300 -0.000632 -0.021416 0.999770 243.657394
0.999996 0.002872 0.000693 -1.739137 -0.002886 0.999767 0.021414 -2.638300 -0.000632 -0.021416 0.999770 243.657394
0.999980 0.001925 0.006055 -1.735693 -0.002053 0.999772 0.021260 -2.637872 -0.006013 -0.021272 0.999756 245.081573
0.999970 0.002149 0.007436 -1.731810 -0.002289 0.999822 0.018753 -2.634367 -0.007395 -0.018769 0.999797 245.796539
0.999967 0.001656 0.007952 -1.728250 -0.001792 0.999852 0.017093 -2.631190 -0.007922 -0.017107 0.999822 246.523178
0.999965 0.001685 0.008171 -1.725277 -0.001819 0.999863 0.016427 -2.633363 -0.008143 -0.016441 0.999832 247.251953
0.999965 0.001685 0.008171 -1.725277 -0.001819 0.999863 0.016427 -2.633363 -0.008143 -0.016441 0.999832 247.251953
0.999953 0.001250 0.009568 -1.720981 -0.001402 0.999872 0.015922 -2.646098 -0.009546 -0.015934 0.999827 248.685028
0.999947 0.002045 0.010049 -1.716722 -0.002196 0.999885 0.015011 -2.644314 -0.010017 -0.015032 0.999837 249.423355
0.999951 0.001662 0.009801 -1.708410 -0.001793 0.999908 0.013417 -2.641674 -0.009778 -0.013434 0.999862 250.172729
0.999947 -0.001392 0.010161 -1.685524 0.001276 0.999934 0.011408 -2.645851 -0.010176 -0.011395 0.999883 250.924026
0.999928 -0.003756 0.011395 -1.679508 0.003635 0.999936 0.010700 -2.669521 -0.011435 -0.010658 0.999878 251.652512
0.999928 -0.003756 0.011395 -1.679508 0.003635 0.999936 0.010700 -2.669521 -0.011435 -0.010658 0.999878 251.652512
0.999928 -0.003756 0.011395 -1.679508 0.003635 0.999936 0.010700 -2.669521 -0.011435 -0.010658 0.999878 251.652512
0.999928 -0.003756 0.011395 -1.679508 0.003635 0.999936 0.010700 -2.669521 -0.011435 -0.010658 0.999878 251.652512
0.999928 -0.003756 0.011395 -1.679508 0.003635 0.999936 0.010700 -2.669521 -0.011435 -0.010658 0.999878 251.652512
0.999903 -0.000861 0.013904 -1.665745 0.000570 0.999780 0.020965 -2.671725 -0.013919 -0.020955 0.999683 254.868576
0.999757 0.001709 0.022001 -1.641067 -0.002023 0.999896 0.014260 -2.670743 -0.021974 -0.014301 0.999656 256.433441
0.999687 0.003284 0.024799 -1.622589 -0.003620 0.999902 0.013529 -2.670497 -0.024752 -0.013615 0.999601 257.259979
0.999613 0.002944 0.027680 -1.594168 -0.003374 0.999874 0.015527 -2.674619 -0.027630 -0.015614 0.999496 258.126160
0.999546 0.000523 0.030120 -1.559530 -0.001089 0.999823 0.018777 -2.679554 -0.030105 -0.018801 0.999370 258.993530
0.999546 0.000523 0.030120 -1.559530 -0.001089 0.999823 0.018777 -2.679554 -0.030105 -0.018801 0.999370 258.993530
0.999290 -0.003483 0.037506 -1.515882 0.002709 0.999783 0.020660 -2.683311 -0.037570 -0.020543 0.999083 260.588043
0.999196 -0.001774 0.040043 -1.488508 0.001020 0.999822 0.018823 -2.682219 -0.040070 -0.018767 0.999021 261.440186
0.999110 -0.000989 0.042170 -1.457274 0.000278 0.999858 0.016873 -2.682454 -0.042180 -0.016846 0.998968 262.268524
0.999000 -0.000226 0.044714 -1.425253 -0.000509 0.999865 0.016430 -2.683817 -0.044712 -0.016436 0.998865 263.100281
0.999000 -0.000226 0.044714 -1.425253 -0.000509 0.999865 0.016430 -2.683817 -0.044712 -0.016436 0.998865 263.100281
0.998710 0.001575 0.050760 -1.373114 -0.002607 0.999791 0.020274 -2.692245 -0.050717 -0.020380 0.998505 264.773010
0.998568 0.002668 0.053436 -1.336383 -0.003757 0.999787 0.020289 -2.692919 -0.053370 -0.020460 0.998365 265.599945
0.998419 0.002833 0.056140 -1.295292 -0.003941 0.999799 0.019641 -2.693348 -0.056073 -0.019831 0.998230 266.385956
0.998265 0.002080 0.058848 -1.250820 -0.003225 0.999807 0.019367 -2.694599 -0.058796 -0.019523 0.998079 267.157532
0.998265 0.002080 0.058848 -1.250820 -0.003225 0.999807 0.019367 -2.694599 -0.058796 -0.019523 0.998079 267.157532
0.998062 -0.002478 0.062183 -1.139417 0.001182 0.999782 0.020866 -2.702638 -0.062221 -0.020752 0.997847 268.934174
0.998036 -0.002879 0.062580 -1.086054 0.001578 0.999782 0.020829 -2.704879 -0.062627 -0.020690 0.997823 269.757568
0.998003 -0.002708 0.063116 -1.034610 0.001395 0.999782 0.020844 -2.700344 -0.063158 -0.020715 0.997788 270.539001
0.997995 -0.002276 0.063254 -0.982878 0.000927 0.999772 0.021352 -2.699982 -0.063288 -0.021251 0.997769 271.356598
0.997998 -0.003950 0.063124 -0.938678 0.002526 0.999741 0.022623 -2.703567 -0.063197 -0.022418 0.997749 272.341705
0.997998 -0.003950 0.063124 -0.938678 0.002526 0.999741 0.022623 -2.703567 -0.063197 -0.022418 0.997749 272.341705
0.997998 -0.003950 0.063124 -0.938678 0.002526 0.999741 0.022623 -2.703567 -0.063197 -0.022418 0.997749 272.341705
0.997998 -0.003950 0.063124 -0.938678 0.002526 0.999741 0.022623 -2.703567 -0.063197 -0.022418 0.997749 272.341705
0.997998 -0.003950 0.063124 -0.938678 0.002526 0.999741 0.022623 -2.703567 -0.063197 -0.022418 0.997749 272.341705
0.998341 -0.002191 0.057543 -0.739262 0.001065 0.999808 0.019585 -2.703499 -0.057574 -0.019492 0.998151 275.657776
0.998573 -0.000669 0.053394 -0.672269 -0.000417 0.999793 0.020323 -2.710175 -0.053397 -0.020316 0.998367 277.456207
0.998712 -0.000781 0.050731 -0.631755 -0.000289 0.999778 0.021069 -2.707331 -0.050736 -0.021057 0.998490 278.290802
0.998921 -0.002205 0.046392 -0.589226 0.001146 0.999738 0.022850 -2.702731 -0.046430 -0.022772 0.998662 279.138245
0.999109 -0.003603 0.042057 -0.552002 0.002588 0.999705 0.024166 -2.699257 -0.042132 -0.024035 0.998823 279.958130
0.999109 -0.003603 0.042057 -0.552002 0.002588 0.999705 0.024166 -2.699257 -0.042132 -0.024035 0.998823 279.958130
0.999462 -0.003648 0.032597 -0.509894 0.002748 0.999615 0.027610 -2.719819 -0.032685 -0.027505 0.999087 281.672791
0.999604 -0.004073 0.027844 -0.487118 0.003298 0.999607 0.027839 -2.713554 -0.027947 -0.027737 0.999225 282.483002
0.999714 -0.004800 0.023435 -0.463788 0.004147 0.999604 0.027842 -2.709384 -0.023559 -0.027737 0.999338 283.272278
0.999805 -0.005091 0.019083 -0.444978 0.004567 0.999615 0.027384 -2.701248 -0.019215 -0.027292 0.999443 284.050507
0.999805 -0.005091 0.019083 -0.444978 0.004567 0.999615 0.027384 -2.701248 -0.019215 -0.027292 0.999443 284.050507
0.999930 -0.004658 0.010899 -0.435489 0.004349 0.999593 0.028211 -2.718299 -0.011026 -0.028162 0.999543 285.631134
0.999961 -0.004721 0.007511 -0.430989 0.004508 0.999591 0.028235 -2.716836 -0.007641 -0.028200 0.999573 286.357361
0.999980 -0.005438 0.003274 -0.423980 0.005346 0.999611 0.027372 -2.715025 -0.003422 -0.027354 0.999620 287.080353
0.999989 -0.004517 -0.001336 -0.431536 0.004551 0.999644 0.026281 -2.713947 0.001216 -0.026287 0.999654 287.774414
0.999989 -0.004517 -0.001336 -0.431536 0.004551 0.999644 0.026281 -2.713947 0.001216 -0.026287 0.999654 287.774414
0.999867 -0.003873 -0.015824 -0.470585 0.004235 0.999730 0.022866 -2.719074 0.015731 -0.022930 0.999613 289.094330
0.999651 -0.003673 -0.026152 -0.488518 0.004237 0.999759 0.021538 -2.719594 0.026066 -0.021642 0.999426 289.740173
0.999222 -0.003204 -0.039307 -0.514504 0.004018 0.999779 0.020643 -2.718962 0.039232 -0.020785 0.999014 290.369812
0.998450 -0.002272 -0.055617 -0.551114 0.003416 0.999784 0.020486 -2.720058 0.055558 -0.020645 0.998242 290.981995
0.997239 0.000714 -0.074252 -0.627732 0.000882 0.999769 0.021459 -2.737334 0.074250 -0.021465 0.997009 291.586945
0.997239 0.000714 -0.074252 -0.627732 0.000882 0.999769 0.021459 -2.737334 0.074250 -0.021465 0.997009 291.586945
0.997239 0.000714 -0.074252 -0.627732 0.000882 0.999769 0.021459 -2.737334 0.074250 -0.021465 0.997009 291.586945
0.997239 0.000714 -0.074252 -0.627732 0.000882 0.999769 0.021459 -2.737334 0.074250 -0.021465 0.997009 291.586945
0.997239 0.000714 -0.074252 -0.627732 0.000882 0.999769 0.021459 -2.737334 0.074250 -0.021465 0.997009 291.586945
0.984055 0.006754 -0.177736 -0.957129 -0.003170 0.999786 0.020442 -2.737679 0.177836 -0.019552 0.983866 293.845398
0.969161 0.007396 -0.246319 -1.276648 -0.001872 0.999742 0.022651 -2.752283 0.246423 -0.021491 0.968924 294.927612
0.959033 0.008717 -0.283161 -1.428872 -0.001932 0.999704 0.024232 -2.754564 0.283289 -0.022692 0.958766 295.431183
0.946899 0.010406 -0.321362 -1.594725 -0.002328 0.999672 0.025511 -2.755875 0.321522 -0.023408 0.946613 295.915039
0.932705 0.011223 -0.360465 -1.771186 -0.001796 0.999648 0.026476 -2.754771 0.360636 -0.024047 0.932397 296.382843
0.932705 0.011223 -0.360465 -1.771186 -0.001796 0.999648 0.026476 -2.754771 0.360636 -0.024047 0.932397 296.382843
0.896251 0.010885 -0.443414 -2.257971 0.001975 0.999591 0.028530 -2.755670 0.443543 -0.026445 0.895863 297.284515
0.874183 0.010137 -0.485490 -2.489403 0.004031 0.999596 0.028129 -2.754911 0.485579 -0.026547 0.873789 297.699890
0.849056 0.009652 -0.528215 -2.742784 0.006146 0.999585 0.028145 -2.754342 0.528268 -0.027143 0.848644 298.100403
0.820932 0.009902 -0.570940 -3.017365 0.007588 0.999572 0.028246 -2.753105 0.570975 -0.027520 0.820506 298.485870
0.820932 0.009902 -0.570940 -3.017365 0.007588 0.999572 0.028246 -2.753105 0.570975 -0.027520 0.820506 298.485870
0.754225 0.010774 -0.656527 -3.704991 0.010051 0.999559 0.027950 -2.756033 0.656539 -0.027679 0.753784 299.243530
0.715760 0.009755 -0.698278 -4.031332 0.013774 0.999511 0.028083 -2.746090 0.698211 -0.029719 0.715275 299.580200
0.672888 0.008809 -0.739692 -4.369449 0.019132 0.999387 0.029306 -2.740630 0.739497 -0.033872 0.672307 299.907379
0.625348 0.009421 -0.780289 -4.725807 0.023124 0.999264 0.030598 -2.739362 0.780004 -0.037178 0.624670 300.209595
0.625348 0.009421 -0.780289 -4.725807 0.023124 0.999264 0.030598 -2.739362 0.780004 -0.037178 0.624670 300.209595
0.519903 0.017421 -0.854047 -5.537302 0.020085 0.999266 0.032610 -2.771520 0.853989 -0.034107 0.519172 300.641418
0.464920 0.020538 -0.885115 -5.925293 0.017505 0.999322 0.032382 -2.763544 0.885180 -0.030549 0.464245 300.822144
0.408008 0.022232 -0.912708 -6.313330 0.016590 0.999358 0.031759 -2.759321 0.912828 -0.028100 0.407377 300.975647
0.350111 0.023542 -0.936413 -6.699292 0.017513 0.999345 0.031672 -2.751589 0.936545 -0.027488 0.349469 301.121490
0.289050 0.026707 -0.956941 -7.138612 0.018397 0.999271 0.033445 -2.746861 0.957137 -0.027272 0.288348 301.209412
0.289050 0.026707 -0.956941 -7.138612 0.018397 0.999271 0.033445 -2.746861 0.957137 -0.027272 0.288348 301.209412
0.289050 0.026707 -0.956941 -7.138612 0.018397 0.999271 0.033445 -2.746861 0.957137 -0.027272 0.288348 301.209412
0.289050 0.026707 -0.956941 -7.138612 0.018397 0.999271 0.033445 -2.746861 0.957137 -0.027272 0.288348 301.209412
0.289050 0.026707 -0.956941 -7.138612 0.018397 0.999271 0.033445 -2.746861 0.957137 -0.027272 0.288348 301.209412
0.036396 0.037769 -0.998623 -8.833469 0.021899 0.999015 0.038582 -2.726429 0.999097 -0.023273 0.035533 301.369171
-0.099127 0.050306 -0.993802 -9.791996 0.024235 0.998547 0.048129 -2.712729 0.994780 -0.019314 -0.100202 301.271973
-0.166548 0.054250 -0.984540 -10.255223 0.025474 0.998389 0.050704 -2.698115 0.985704 -0.016635 -0.167662 301.185699
-0.232934 0.057857 -0.970770 -10.720543 0.027854 0.998216 0.052809 -2.680525 0.972094 -0.014739 -0.234130 301.071014
-0.297791 0.060113 -0.952737 -11.190993 0.030295 0.998108 0.053507 -2.664999 0.954150 -0.012930 -0.299048 300.915405
-0.297791 0.060113 -0.952737 -11.190993 0.030295 0.998108 0.053507 -2.664999 0.954150 -0.012930 -0.299048 300.915405
-0.419422 0.066484 -0.905353 -12.133842 0.036932 0.997739 0.056159 -2.642226 0.907040 -0.009882 -0.420929 300.475891
-0.475564 0.065864 -0.877212 -12.590550 0.038742 0.997794 0.053914 -2.621112 0.878828 -0.008346 -0.477067 300.218781
-0.527405 0.064976 -0.847126 -13.043199 0.039867 0.997866 0.051717 -2.598928 0.848678 -0.006497 -0.528870 299.929901
-0.574130 0.064359 -0.816231 -13.495473 0.040688 0.997917 0.050065 -2.579685 0.817752 -0.004467 -0.575553 299.606476
-0.574130 0.064359 -0.816231 -13.495473 0.040688 0.997917 0.050065 -2.579685 0.817752 -0.004467 -0.575553 299.606476
-0.653407 0.066566 -0.754075 -14.435666 0.043694 0.997782 0.050218 -2.531696 0.755745 -0.000136 -0.654866 298.810150
-0.689776 0.071230 -0.720511 -14.926181 0.049388 0.997460 0.051328 -2.508430 0.722337 -0.000180 -0.691541 298.370453
-0.725059 0.075096 -0.684580 -15.407323 0.053925 0.997176 0.052274 -2.487042 0.686572 0.000986 -0.727061 297.897369
-0.757875 0.076923 -0.647849 -15.869295 0.056676 0.997033 0.052083 -2.471375 0.649934 0.002755 -0.759986 297.372833
-0.757875 0.076923 -0.647849 -15.869295 0.056676 0.997033 0.052083 -2.471375 0.649934 0.002755 -0.759986 297.372833
-0.815438 0.075038 -0.573960 -16.686018 0.060262 0.997179 0.044752 -2.418304 0.575699 0.001904 -0.817659 296.181915
-0.840300 0.070565 -0.537510 -17.090231 0.059185 0.997507 0.038429 -2.388290 0.538882 0.000479 -0.842381 295.552399
-0.862813 0.067827 -0.500953 -17.485094 0.058825 0.997697 0.033767 -2.370973 0.502089 -0.000334 -0.864816 294.880127
-0.883221 0.065987 -0.464291 -17.869904 0.057887 0.997820 0.031697 -2.350346 0.465370 0.001119 -0.885116 294.160675
-0.902222 0.060111 -0.427062 -18.192308 0.052763 0.998185 0.029032 -2.356231 0.428032 0.003660 -0.903756 293.377716
-0.902222 0.060111 -0.427062 -18.192308 0.052763 0.998185 0.029032 -2.356231 0.428032 0.003660 -0.903756 293.377716
-0.902222 0.060111 -0.427062 -18.192308 0.052763 0.998185 0.029032 -2.356231 0.428032 0.003660 -0.903756 293.377716
-0.902222 0.060111 -0.427062 -18.192308 0.052763 0.998185 0.029032 -2.356231 0.428032 0.003660 -0.903756 293.377716
-0.902222 0.060111 -0.427062 -18.192308 0.052763 0.998185 0.029032 -2.356231 0.428032 0.003660 -0.903756 293.377716
-0.960824 0.061711 -0.270202 -19.454523 0.057024 0.998055 0.025173 -2.302781 0.271230 0.008779 -0.962475 290.029755
-0.978220 0.065297 -0.197032 -19.890556 0.061630 0.997794 0.024695 -2.290432 0.198210 0.012014 -0.980086 288.140198
-0.984709 0.064326 -0.161895 -20.067425 0.061790 0.997875 0.020657 -2.271991 0.162880 0.010337 -0.986592 287.173981
-0.989773 0.062959 -0.128009 -20.210634 0.061309 0.997978 0.016790 -2.264216 0.128807 0.008770 -0.991631 286.176147
-0.993507 0.061321 -0.095831 -20.322952 0.060124 0.998073 0.015332 -2.256056 0.096586 0.009471 -0.995280 285.140167
-0.993507 0.061321 -0.095831 -20.322952 0.060124 0.998073 0.015332 -2.256056 0.096586 0.009471 -0.995280 285.140167
-0.997727 0.057070 -0.035839 -20.441996 0.056613 0.998303 0.013632 -2.251726 0.036556 0.011572 -0.999265 282.944275
-0.998367 0.056494 -0.008519 -20.461802 0.056382 0.998326 0.012863 -2.251868 0.009231 0.012361 -0.999881 281.820068
-0.998366 0.054505 0.017137 -20.445726 0.054734 0.998414 0.013168 -2.250162 -0.016392 0.014084 -0.999766 280.653503
-0.997779 0.052591 0.040876 -20.407927 0.053174 0.998497 0.013310 -2.247692 -0.040115 0.015454 -0.999076 279.471832
-0.997779 0.052591 0.040876 -20.407927 0.053174 0.998497 0.013310 -2.247692 -0.040115 0.015454 -0.999076 279.471832
-0.995927 0.045363 0.077919 -20.251894 0.046311 0.998873 0.010403 -2.263035 -0.077360 0.013969 -0.996905 277.122223
-0.995072 0.040680 0.090428 -20.132618 0.041692 0.999087 0.009329 -2.264826 -0.089966 0.013053 -0.995859 275.914978
-0.994471 0.036892 0.098317 -20.000948 0.038136 0.999214 0.010805 -2.265420 -0.097841 0.014495 -0.995097 274.693665
-0.994161 0.033895 0.102444 -19.860659 0.035276 0.999309 0.011704 -2.265527 -0.101977 0.015249 -0.994670 273.444641
-0.994161 0.033895 0.102444 -19.860659 0.035276 0.999309 0.011704 -2.265527 -0.101977 0.015249 -0.994670 273.444641
-0.994413 0.027471 0.101925 -19.578852 0.028674 0.999535 0.010357 -2.290442 -0.101593 0.013222 -0.994738 270.905579
-0.994665 0.026477 0.099706 -19.431847 0.027718 0.999554 0.011080 -2.290419 -0.099368 0.013784 -0.994955 269.601288
-0.994874 0.025757 0.097785 -19.288576 0.027041 0.999564 0.011836 -2.294224 -0.097437 0.014420 -0.995137 268.270691
