1.000000 0.000000 0.000000 0.000000 0.000000 1.000000 0.000000 0.000000 0.000000 0.000000 1.000000 0.000000
1.000000 0.000000 0.000000 0.000000 0.000000 1.000000 0.000000 0.000000 0.000000 0.000000 1.000000 0.000000
1.000000 0.000000 0.000000 0.000000 0.000000 1.000000 0.000000 0.000000 0.000000 0.000000 1.000000 0.000000
1.000000 0.000000 0.000000 0.000000 0.000000 1.000000 0.000000 0.000000 0.000000 0.000000 1.000000 0.000000
0.999790 0.002071 -0.020402 -0.016136 -0.002082 0.999998 -0.000523 -0.009723 0.020401 0.000566 0.999792 0.276475
0.999222 0.003032 -0.039333 -0.028238 -0.003140 0.999992 -0.002668 -0.017421 0.039324 0.002790 0.999223 0.488594
0.998611 0.003268 -0.052594 -0.036933 -0.003449 0.999988 -0.003368 -0.020793 0.052583 0.003545 0.998610 0.615620
0.997644 0.003150 -0.068538 -0.049361 -0.003415 0.999987 -0.003747 -0.023043 0.068525 0.003972 0.997642 0.758559
0.996201 0.001867 -0.087067 -0.060457 -0.002222 0.999990 -0.003971 -0.023582 0.087059 0.004149 0.996195 0.907258
0.996201 0.001867 -0.087067 -0.060457 -0.002222 0.999990 -0.003971 -0.023582 0.087059 0.004149 0.996195 0.907258
0.991550 0.000081 -0.129726 -0.129938 -0.000997 0.999975 -0.006996 -0.026197 0.129723 0.007066 0.991525 1.237096
0.988146 0.003421 -0.153478 -0.172729 -0.004698 0.999957 -0.007959 -0.039290 0.153444 0.008586 0.988120 1.409367
0.983896 0.006589 -0.178620 -0.223232 -0.008417 0.999920 -0.009477 -0.050068 0.178543 0.010827 0.983872 1.583102
0.978634 0.009142 -0.205406 -0.278966 -0.011565 0.999877 -0.010602 -0.059612 0.205284 0.012751 0.978619 1.768846
0.978634 0.009142 -0.205406 -0.278966 -0.011565 0.999877 -0.010602 -0.059612 0.205284 0.012751 0.978619 1.768846
0.963683 0.012396 -0.266760 -0.442097 -0.016069 0.999804 -0.011590 -0.066916 0.266564 0.015455 0.963693 2.184823
0.954331 0.013823 -0.298430 -0.520655 -0.018004 0.999774 -0.011265 -0.073883 0.298207 0.016124 0.954365 2.379857
0.943095 0.015532 -0.332161 -0.610636 -0.020208 0.999739 -0.010628 -0.084147 0.331909 0.016735 0.943163 2.577548
0.930585 0.017585 -0.365653 -0.706807 -0.023012 0.999680 -0.010488 -0.091916 0.365351 0.018174 0.930692 2.767724
0.930585 0.017585 -0.365653 -0.706807 -0.023012 0.999680 -0.010488 -0.091916 0.365351 0.018174 0.930692 2.767724
0.900786 0.020751 -0.433766 -0.970695 -0.028017 0.999554 -0.010364 -0.087709 0.433358 0.021488 0.900966 3.210336
0.882531 0.016814 -0.469954 -1.079100 -0.025129 0.999619 -0.011424 -0.086179 0.469583 0.021892 0.882617 3.412298
0.861595 0.013195 -0.507425 -1.197528 -0.022604 0.999668 -0.012384 -0.093626 0.507094 0.022140 0.861607 3.620203
0.837074 0.014496 -0.546898 -1.348992 -0.024088 0.999656 -0.010372 -0.108029 0.546560 0.021856 0.837135 3.822349
0.807242 0.019253 -0.589907 -1.576586 -0.028906 0.999558 -0.006933 -0.116934 0.589513 0.022649 0.807442 4.027451
0.807242 0.019253 -0.589907 -1.576586 -0.028906 0.999558 -0.006933 -0.116934 0.589513 0.022649 0.807442 4.027451
0.807242 0.019253 -0.589907 -1.576586 -0.028906 0.999558 -0.006933 -0.116934 0.589513 0.022649 0.807442 4.027451
0.807242 0.019253 -0.589907 -1.576586 -0.028906 0.999558 -0.006933 -0.116934 0.589513 0.022649 0.807442 4.027451
0.807242 0.019253 -0.589907 -1.576586 -0.028906 0.999558 -0.006933 -0.116934 0.589513 0.022649 0.807442 4.027451
0.656637 0.014157 -0.754074 -2.377340 -0.026141 0.999650 -0.003995 -0.137570 0.753753 0.022335 0.656778 4.786903
0.563408 0.012606 -0.826083 -2.916026 -0.023209 0.999730 -0.000573 -0.140705 0.825853 0.019495 0.563549 5.150129
0.512071 0.012764 -0.858848 -3.200944 -0.023160 0.999731 0.001050 -0.146809 0.858631 0.019353 0.512229 5.305832
0.458949 0.013254 -0.888364 -3.506083 -0.023566 0.999719 0.002741 -0.148684 0.888150 0.019677 0.459132 5.454726
0.404321 0.014299 -0.914505 -3.830298 -0.023936 0.999701 0.005049 -0.151826 0.914304 0.019848 0.404542 5.586487
0.404321 0.014299 -0.914505 -3.830298 -0.023936 0.999701 0.005049 -0.151826 0.914304 0.019848 0.404542 5.586487
0.292488 0.018501 -0.956090 -4.559807 -0.022898 0.999662 0.012339 -0.170063 0.955995 0.018283 0.292813 5.784554
0.238054 0.019525 -0.971056 -4.945782 -0.019855 0.999687 0.015234 -0.173348 0.971049 0.015654 0.238367 5.876033
0.186286 0.019487 -0.982302 -5.339148 -0.018058 0.999702 0.016408 -0.182037 0.982330 0.014682 0.186582 5.948262
0.137898 0.019804 -0.990248 -5.757460 -0.020016 0.999652 0.017205 -0.189426 0.990244 0.017448 0.138246 5.986465
0.137898 0.019804 -0.990248 -5.757460 -0.020016 0.999652 0.017205 -0.189426 0.990244 0.017448 0.138246 5.986465
0.057901 0.017443 -0.998170 -6.569403 -0.023592 0.999592 0.016099 -0.170166 0.998044 0.022617 0.058289 5.983281
0.022958 0.014553 -0.999631 -7.032068 -0.023262 0.999631 0.014019 -0.170662 0.999466 0.022932 0.023288 5.993028
-0.009250 0.011971 -0.999886 -7.505384 -0.022925 0.999663 0.012181 -0.173637 0.999694 0.023035 -0.008972 5.989392
-0.036706 0.009935 -0.999277 -7.994126 -0.023687 0.999661 0.010809 -0.177302 0.999045 0.024067 -0.036458 5.970921
-0.036706 0.009935 -0.999277 -7.994126 -0.023687 0.999661 0.010809 -0.177302 0.999045 0.024067 -0.036458 5.970921
-0.070006 0.006353 -0.997526 -8.956357 -0.026240 0.999622 0.008208 -0.163108 0.997201 0.026749 -0.069813 5.841662
-0.083502 0.006643 -0.996485 -9.505040 -0.026561 0.999608 0.008890 -0.164362 0.996154 0.027210 -0.083293 5.797608
-0.093295 0.007525 -0.995610 -10.073796 -0.028056 0.999554 0.010184 -0.170851 0.995243 0.028883 -0.093043 5.740347
-0.100304 0.008473 -0.994921 -10.655789 -0.029602 0.999496 0.011497 -0.177935 0.994516 0.030605 -0.100003 5.679504
-0.100718 0.009376 -0.994871 -11.264396 -0.026618 0.999572 0.012115 -0.178220 0.994559 0.027701 -0.100426 5.551223
-0.100718 0.009376 -0.994871 -11.264396 -0.026618 0.999572 0.012115 -0.178220 0.994559 0.027701 -0.100426 5.551223
-0.100718 0.009376 -0.994871 -11.264396 -0.026618 0.999572 0.012115 -0.178220 0.994559 0.027701 -0.100426 5.551223
-0.100718 0.009376 -0.994871 -11.264396 -0.026618 0.999572 0.012115 -0.178220 0.994559 0.027701 -0.100426 5.551223
-0.100718 0.009376 -0.994871 -11.264396 -0.026618 0.999572 0.012115 -0.178220 0.994559 0.027701 -0.100426 5.551223
-0.097550 0.012605 -0.995151 -13.823121 -0.025572 0.999558 0.015168 -0.194569 0.994902 0.026928 -0.097185 5.291014
-0.094947 0.011639 -0.995414 -15.164836 -0.028482 0.999490 0.014404 -0.194760 0.995075 0.029719 -0.094567 5.139557
-0.093888 0.014198 -0.995482 -15.876636 -0.027794 0.999471 0.016876 -0.201442 0.995195 0.029253 -0.093443 5.076277
-0.092170 0.017190 -0.995595 -16.610361 -0.028049 0.999409 0.019853 -0.206795 0.995348 0.029756 -0.091633 5.004267
-0.090949 0.018690 -0.995680 -17.345875 -0.027817 0.999386 0.021301 -0.211682 0.995467 0.029634 -0.090373 4.933100
-0.090949 0.018690 -0.995680 -17.345875 -0.027817 0.999386 0.021301 -0.211682 0.995467 0.029634 -0.090373 4.933100
-0.086271 0.017307 -0.996121 -18.816851 -0.034734 0.999189 0.020369 -0.179224 0.995666 0.036357 -0.085600 4.751944
-0.084899 0.016701 -0.996250 -19.582264 -0.034085 0.999226 0.019656 -0.180206 0.995806 0.035625 -0.084264 4.683252
-0.083501 0.018364 -0.996338 -20.372372 -0.030046 0.999329 0.020937 -0.184700 0.996055 0.031684 -0.082893 4.628412
-0.082128 0.020402 -0.996413 -21.163462 -0.028183 0.999343 0.022785 -0.190481 0.996223 0.029953 -0.081499 4.564143
-0.082128 0.020402 -0.996413 -21.163462 -0.028183 0.999343 0.022785 -0.190481 0.996223 0.029953 -0.081499 4.564143
-0.080307 0.018327 -0.996602 -22.753780 -0.032009 0.999268 0.020955 -0.146971 0.996256 0.033583 -0.079662 4.413342
-0.080106 0.011347 -0.996722 -23.552015 -0.029720 0.999463 0.013767 -0.152804 0.996343 0.030725 -0.079726 4.355935
-0.079808 0.007008 -0.996786 -24.363262 -0.028007 0.999565 0.009270 -0.157099 0.996417 0.028657 -0.079577 4.298013
-0.080027 0.007584 -0.996764 -25.188524 -0.028648 0.999541 0.009905 -0.165221 0.996381 0.029348 -0.079773 4.232358
-0.080027 0.007584 -0.996764 -25.188524 -0.028648 0.999541 0.009905 -0.165221 0.996381 0.029348 -0.079773 4.232358
-0.081358 0.021624 -0.996450 -26.932907 -0.033322 0.999147 0.024404 -0.143016 0.996128 0.035189 -0.080568 4.060862
-0.081798 0.025517 -0.996322 -27.794731 -0.035080 0.998979 0.028465 -0.138455 0.996031 0.037279 -0.080820 3.981126
-0.082066 0.025233 -0.996307 -28.643366 -0.035912 0.998955 0.028258 -0.131964 0.995980 0.038098 -0.081074 3.907127
-0.083495 0.021902 -0.996267 -29.483372 -0.037567 0.998979 0.025110 -0.129343 0.995800 0.039523 -0.082586 3.830603
-0.083254 0.022563 -0.996273 -30.288076 -0.034181 0.999091 0.025483 -0.132703 0.995942 0.036176 -0.082407 3.743045
-0.083254 0.022563 -0.996273 -30.288076 -0.034181 0.999091 0.025483 -0.132703 0.995942 0.036176 -0.082407 3.743045
-0.083254 0.022563 -0.996273 -30.288076 -0.034181 0.999091 0.025483 -0.132703 0.995942 0.036176 -0.082407 3.743045
-0.083254 0.022563 -0.996273 -30.288076 -0.034181 0.999091 0.025483 -0.132703 0.995942 0.036176 -0.082407 3.743045
-0.083254 0.022563 -0.996273 -30.288076 -0.034181 0.999091 0.025483 -0.132703 0.995942 0.036176 -0.082407 3.743045
-0.086109 0.016200 -0.996154 -33.626465 -0.038707 0.999058 0.019593 -0.112654 0.995534 0.040246 -0.085401 3.424012
-0.082361 0.015983 -0.996474 -35.278957 -0.040436 0.998994 0.019365 -0.111046 0.995782 0.041888 -0.081632 3.268936
-0.082787 0.017913 -0.996406 -36.125900 -0.039186 0.999007 0.021216 -0.121876 0.995797 0.040801 -0.082003 3.198693
-0.083401 0.021756 -0.996279 -36.976871 -0.041252 0.998829 0.025265 -0.129359 0.995662 0.043206 -0.082406 3.119117
-0.083787 0.026269 -0.996137 -37.833992 -0.041175 0.998707 0.029800 -0.131398 0.995633 0.043513 -0.082597 3.046985
-0.083787 0.026269 -0.996137 -37.833992 -0.041175 0.998707 0.029800 -0.131398 0.995633 0.043513 -0.082597 3.046985
-0.081330 0.031861 -0.996178 -39.504440 -0.038346 0.998649 0.035071 -0.104354 0.995949 0.041052 -0.079998 2.908505
-0.082033 0.027534 -0.996249 -40.321541 -0.038444 0.998787 0.030769 -0.106795 0.995888 0.040824 -0.080875 2.839181
-0.081788 0.023702 -0.996368 -41.149742 -0.038429 0.998899 0.026917 -0.111989 0.995909 0.040491 -0.080787 2.763639
-0.082161 0.020996 -0.996398 -41.990730 -0.040717 0.998873 0.024406 -0.120021 0.995787 0.042575 -0.081213 2.678864
-0.082161 0.020996 -0.996398 -41.990730 -0.040717 0.998873 0.024406 -0.120021 0.995787 0.042575 -0.081213 2.678864
-0.080382 0.018100 -0.996600 -43.600735 -0.041699 0.998899 0.021505 -0.078826 0.995892 0.043286 -0.079539 2.540125
-0.082034 0.014692 -0.996521 -44.417648 -0.037286 0.999146 0.017800 -0.086740 0.995932 0.038617 -0.081416 2.484601
-0.083162 0.012954 -0.996452 -45.234463 -0.032558 0.999346 0.015709 -0.093873 0.996004 0.033749 -0.082686 2.428110
-0.084566 0.015425 -0.996298 -46.070660 -0.032213 0.999315 0.018206 -0.099066 0.995897 0.033633 -0.084011 2.353762
-0.084566 0.015425 -0.996298 -46.070660 -0.032213 0.999315 0.018206 -0.099066 0.995897 0.033633 -0.084011 2.353762
-0.087899 0.025554 -0.995802 -47.717503 -0.032313 0.999072 0.028490 -0.078025 0.995605 0.034682 -0.086991 2.219724
-0.089256 0.024277 -0.995713 -48.541271 -0.033249 0.999073 0.027339 -0.073670 0.995454 0.035547 -0.088366 2.144901
-0.090183 0.020109 -0.995722 -49.351925 -0.036888 0.999043 0.023517 -0.068381 0.995242 0.038851 -0.089355 2.055565
-0.090867 0.016602 -0.995725 -50.151615 -0.040736 0.998962 0.020374 -0.067497 0.995030 0.042414 -0.090096 1.965253
-0.093109 0.016837 -0.995514 -50.923149 -0.044065 0.998808 0.021014 -0.081274 0.994680 0.045824 -0.092256 1.866881
-0.093109 0.016837 -0.995514 -50.923149 -0.044065 0.998808 0.021014 -0.081274 0.994680 0.045824 -0.092256 1.866881
-0.093109 0.016837 -0.995514 -50.923149 -0.044065 0.998808 0.021014 -0.081274 0.994680 0.045824 -0.092256 1.866881
-0.093109 0.016837 -0.995514 -50.923149 -0.044065 0.998808 0.021014 -0.081274 0.994680 0.045824 -0.092256 1.866881
-0.093109 0.016837 -0.995514 -50.923149 -0.044065 0.998808 0.021014 -0.081274 0.994680 0.045824 -0.092256 1.866881
-0.096617 0.015494 -0.995201 -54.102333 -0.052782 0.998392 0.020667 -0.062528 0.993921 0.054525 -0.095644 1.524808
-0.097769 0.023110 -0.994941 -55.637074 -0.047331 0.998491 0.027844 -0.071972 0.994083 0.049814 -0.096528 1.370519
-0.098318 0.026161 -0.994811 -56.423859 -0.048849 0.998322 0.031081 -0.063062 0.993955 0.051651 -0.096875 1.285254
-0.099110 0.027537 -0.994695 -57.213558 -0.049581 0.998239 0.032575 -0.056193 0.993840 0.052546 -0.097570 1.198711
-0.099720 0.027079 -0.994647 -57.976089 -0.049501 0.998257 0.032140 -0.054817 0.993783 0.052441 -0.098206 1.123730
-0.099720 0.027079 -0.994647 -57.976089 -0.049501 0.998257 0.032140 -0.054817 0.993783 0.052441 -0.098206 1.123730
-0.099316 0.023863 -0.994770 -59.419044 -0.041296 0.998752 0.028081 -0.074418 0.994199 0.043868 -0.098206 0.990215
-0.099550 0.021208 -0.994807 -60.147411 -0.042377 0.998775 0.025533 -0.078401 0.994130 0.044699 -0.098529 0.907168
-0.098535 0.019165 -0.994949 -60.863209 -0.042772 0.998809 0.023476 -0.085361 0.994214 0.044869 -0.097598 0.826481
-0.096626 0.018509 -0.995149 -61.563778 -0.043011 0.998815 0.022754 -0.096527 0.994391 0.045001 -0.095715 0.747734
-0.096626 0.018509 -0.995149 -61.563778 -0.043011 0.998815 0.022754 -0.096527 0.994391 0.045001 -0.095715 0.747734
-0.086024 0.021128 -0.996069 -62.870796 -0.043951 0.998721 0.024980 -0.074236 0.995323 0.045927 -0.084986 0.629763
-0.079260 0.022532 -0.996599 -63.522404 -0.042544 0.998757 0.025964 -0.087011 0.995946 0.044457 -0.078203 0.574876
-0.070812 0.023664 -0.997209 -64.155006 -0.042260 0.998750 0.026702 -0.099860 0.996594 0.044033 -0.069724 0.524947
-0.059728 0.025147 -0.997898 -64.767792 -0.043732 0.998657 0.027784 -0.105598 0.997256 0.045299 -0.058548 0.471888
-0.059728 0.025147 -0.997898 -64.767792 -0.043732 0.998657 0.027784 -0.105598 0.997256 0.045299 -0.058548 0.471888
-0.024577 0.030590 -0.999230 -65.935593 -0.047958 0.998345 0.031743 -0.078180 0.998547 0.048701 -0.023069 0.401607
-0.002826 0.031406 -0.999503 -66.489044 -0.048695 0.998317 0.031506 -0.079212 0.998810 0.048760 -0.001292 0.391494
0.021891 0.031764 -0.999256 -67.024017 -0.048063 0.998373 0.030683 -0.079239 0.998604 0.047356 0.023382 0.401386
0.050521 0.031481 -0.998227 -67.538383 -0.045949 0.998518 0.029164 -0.079065 0.997665 0.044394 0.051892 0.433818
0.089568 0.033399 -0.995421 -68.017944 -0.045403 0.998536 0.029418 -0.065375 0.994945 0.042560 0.090953 0.447949
0.089568 0.033399 -0.995421 -68.017944 -0.045403 0.998536 0.029418 -0.065375 0.994945 0.042560 0.090953 0.447949
0.089568 0.033399 -0.995421 -68.017944 -0.045403 0.998536 0.029418 -0.065375 0.994945 0.042560 0.090953 0.447949
0.089568 0.033399 -0.995421 -68.017944 -0.045403 0.998536 0.029418 -0.065375 0.994945 0.042560 0.090953 0.447949
0.089568 0.033399 -0.995421 -68.017944 -0.045403 0.998536 0.029418 -0.065375 0.994945 0.042560 0.090953 0.447949
0.257359 0.033590 -0.965732 -69.823433 -0.039417 0.998929 0.024240 -0.071347 0.965512 0.031828 0.258407 0.824114
0.361374 0.025585 -0.932070 -70.648361 -0.024219 0.999544 0.018047 -0.056984 0.932106 0.016052 0.361829 1.131069
0.412691 0.021730 -0.910612 -71.040405 -0.018740 0.999706 0.015363 -0.056729 0.910678 0.010725 0.412977 1.329578
0.462911 0.021901 -0.886134 -71.427742 -0.018169 0.999719 0.015217 -0.056253 0.886219 0.009056 0.463179 1.538851
0.510015 0.020860 -0.859912 -71.797951 -0.016221 0.999761 0.014632 -0.047482 0.860012 0.006486 0.510232 1.771856
0.510015 0.020860 -0.859912 -71.797951 -0.016221 0.999761 0.014632 -0.047482 0.860012 0.006486 0.510232 1.771856
0.598558 0.012311 -0.800985 -72.452423 0.002440 0.999849 0.017191 -0.052201 0.801076 -0.012244 0.598438 2.327231
0.640698 0.009446 -0.767735 -72.772873 0.003588 0.999877 0.015296 -0.059267 0.767785 -0.012555 0.640585 2.607059
0.681765 0.005119 -0.731553 -73.078285 0.001420 0.999964 0.008321 -0.055024 0.731570 -0.006712 0.681733 2.879406
0.722181 -0.000320 -0.691704 -73.379066 -0.001429 0.999997 -0.001954 -0.050722 0.691703 0.002400 0.722179 3.167433
0.722181 -0.000320 -0.691704 -73.379066 -0.001429 0.999997 -0.001954 -0.050722 0.691703 0.002400 0.722179 3.167433
0.797504 -0.006028 -0.603284 -73.888657 -0.001239 0.999932 -0.011630 -0.084331 0.603313 0.010022 0.797442 3.836099
0.831322 -0.006650 -0.555751 -74.154434 -0.000549 0.999918 -0.012786 -0.089609 0.555790 0.010934 0.831251 4.234468
0.861822 -0.006172 -0.507173 -74.413727 -0.001506 0.999890 -0.014728 -0.100457 0.507209 0.013457 0.861718 4.662566
0.887606 -0.004743 -0.460578 -74.659920 -0.001458 0.999913 -0.013107 -0.120404 0.460600 0.012305 0.887522 5.136615
0.887606 -0.004743 -0.460578 -74.659920 -0.001458 0.999913 -0.013107 -0.120404 0.460600 0.012305 0.887522 5.136615
0.927120 0.004501 -0.374737 -75.109001 -0.010285 0.999857 -0.013435 -0.156048 0.374623 0.016310 0.927034 6.133494
0.940856 0.007632 -0.338719 -75.317390 -0.012601 0.999843 -0.012473 -0.170168 0.338571 0.016004 0.940805 6.689364
0.951138 0.008478 -0.308649 -75.506310 -0.012526 0.999860 -0.011137 -0.184101 0.308512 0.014459 0.951111 7.265242
0.958581 0.008148 -0.284704 -75.673119 -0.011394 0.999888 -0.009745 -0.200982 0.284592 0.012585 0.958566 7.858944
0.964602 0.009916 -0.263523 -75.842651 -0.012109 0.999904 -0.006697 -0.216917 0.263431 0.009650 0.964630 8.454278
0.964602 0.009916 -0.263523 -75.842651 -0.012109 0.999904 -0.006697 -0.216917 0.263431 0.009650 0.964630 8.454278
0.964602 0.009916 -0.263523 -75.842651 -0.012109 0.999904 -0.006697 -0.216917 0.263431 0.009650 0.964630 8.454278
0.964602 0.009916 -0.263523 -75.842651 -0.012109 0.999904 -0.006697 -0.216917 0.263431 0.009650 0.964630 8.454278
0.964602 0.009916 -0.263523 -75.842651 -0.012109 0.999904 -0.006697 -0.216917 0.263431 0.009650 0.964630 8.454278
0.978508 0.016065 -0.205582 -76.483574 -0.017041 0.999850 -0.002979 -0.285983 0.205503 0.006418 0.978635 11.021258
0.984185 0.018071 -0.176222 -76.746094 -0.018481 0.999829 -0.000682 -0.284031 0.176179 0.003928 0.984350 12.361732
0.986497 0.018330 -0.162752 -76.877396 -0.018638 0.999826 -0.000367 -0.304464 0.162717 0.003395 0.986667 13.071505
0.988517 0.018462 -0.149980 -77.000069 -0.019090 0.999814 -0.002752 -0.324977 0.149902 0.005584 0.988685 13.795095
0.990137 0.018579 -0.138868 -77.118584 -0.019864 0.999772 -0.007872 -0.344862 0.138691 0.010553 0.990280 14.527015
0.990137 0.018579 -0.138868 -77.118584 -0.019864 0.999772 -0.007872 -0.344862 0.138691 0.010553 0.990280 14.527015
0.992502 0.020119 -0.120564 -77.288979 -0.021824 0.999679 -0.012834 -0.358760 0.120267 0.015369 0.992623 15.988475
0.993134 0.021846 -0.114924 -77.391586 -0.022907 0.999706 -0.007915 -0.383727 0.114717 0.010494 0.993343 16.778034
0.993494 0.026173 -0.110840 -77.498940 -0.026386 0.999652 -0.000450 -0.408919 0.110790 0.003371 0.993838 17.568007
0.993817 0.026534 -0.107818 -77.590073 -0.026469 0.999648 0.002031 -0.427549 0.107833 0.000835 0.994169 18.349033
0.993817 0.026534 -0.107818 -77.590073 -0.026469 0.999648 0.002031 -0.427549 0.107833 0.000835 0.994169 18.349033
0.994798 0.024981 -0.098762 -77.726456 -0.024783 0.999688 0.003226 -0.438332 0.098811 -0.000761 0.995106 19.836897
0.994935 0.024626 -0.097461 -77.805733 -0.024309 0.999695 0.004436 -0.449687 0.097540 -0.002045 0.995229 20.618122
0.995019 0.022781 -0.097049 -77.883186 -0.022326 0.999734 0.005773 -0.461535 0.097155 -0.003578 0.995263 21.410006
0.995195 0.022216 -0.095358 -77.963196 -0.021716 0.999744 0.006280 -0.472740 0.095473 -0.004179 0.995423 22.196373
0.995195 0.022216 -0.095358 -77.963196 -0.021716 0.999744 0.006280 -0.472740 0.095473 -0.004179 0.995423 22.196373
0.996099 0.017036 -0.086583 -78.084625 -0.017114 0.999854 -0.000155 -0.504488 0.086567 0.001636 0.996245 23.703192
0.996187 0.016940 -0.085578 -78.161545 -0.017737 0.999806 -0.008566 -0.515706 0.085416 0.010051 0.996295 24.451147
0.996228 0.016538 -0.085190 -78.235313 -0.017661 0.999767 -0.012436 -0.535099 0.084964 0.013894 0.996287 25.216526
0.996311 0.018087 -0.083892 -78.313881 -0.019126 0.999750 -0.011597 -0.555259 0.083661 0.013159 0.996407 25.998098
0.996594 0.026949 -0.077931 -78.376984 -0.027416 0.999612 -0.004928 -0.589044 0.077768 0.007047 0.996947 26.718531
0.996594 0.026949 -0.077931 -78.376984 -0.027416 0.999612 -0.004928 -0.589044 0.077768 0.007047 0.996947 26.718531
0.996594 0.026949 -0.077931 -78.376984 -0.027416 0.999612 -0.004928 -0.589044 0.077768 0.007047 0.996947 26.718531
0.996594 0.026949 -0.077931 -78.376984 -0.027416 0.999612 -0.004928 -0.589044 0.077768 0.007047 0.996947 26.718531
0.996594 0.026949 -0.077931 -78.376984 -0.027416 0.999612 -0.004928 -0.589044 0.077768 0.007047 0.996947 26.718531
0.996978 0.024589 -0.073694 -78.627693 -0.024771 0.999692 -0.001556 -0.645536 0.073633 0.003377 0.997280 29.810202
0.997345 0.021240 -0.069653 -78.717346 -0.021386 0.999770 -0.001347 -0.682684 0.069609 0.002833 0.997570 31.256380
0.997393 0.020892 -0.069073 -78.775154 -0.021051 0.999777 -0.001572 -0.697893 0.069025 0.003022 0.997610 32.038673
0.997390 0.023289 -0.068347 -78.844040 -0.023424 0.999725 -0.001168 -0.710864 0.068301 0.002766 0.997661 32.820122
0.997378 0.024757 -0.067999 -78.908768 -0.024938 0.999687 -0.001817 -0.720825 0.067932 0.003508 0.997684 33.612385
0.997378 0.024757 -0.067999 -78.908768 -0.024938 0.999687 -0.001817 -0.720825 0.067932 0.003508 0.997684 33.612385
0.997253 0.022968 -0.070419 -79.029861 -0.023060 0.999734 -0.000488 -0.760766 0.070389 0.002110 0.997517 35.135777
0.997015 0.025415 -0.072907 -79.100685 -0.025539 0.999674 -0.000772 -0.776924 0.072864 0.002632 0.997338 35.945438
0.996714 0.029146 -0.075582 -79.173744 -0.029337 0.999569 -0.001415 -0.792385 0.075508 0.003628 0.997139 36.750408
0.996559 0.029578 -0.077425 -79.243324 -0.030090 0.999532 -0.005460 -0.807676 0.077227 0.007771 0.996983 37.547409
0.996559 0.029578 -0.077425 -79.243324 -0.030090 0.999532 -0.005460 -0.807676 0.077227 0.007771 0.996983 37.547409
0.996171 0.027646 -0.082937 -79.380066 -0.028553 0.999544 -0.009776 -0.846535 0.082629 0.012106 0.996507 39.159199
0.996022 0.029666 -0.084027 -79.455177 -0.030534 0.999493 -0.009062 -0.859871 0.083716 0.011592 0.996422 40.016598
0.995906 0.028717 -0.085708 -79.521423 -0.029554 0.999527 -0.008518 -0.887398 0.085423 0.011017 0.996284 40.881340
0.995834 0.027520 -0.086928 -79.595993 -0.028273 0.999572 -0.007452 -0.912506 0.086686 0.009879 0.996187 41.745979
0.995834 0.027520 -0.086928 -79.595993 -0.028273 0.999572 -0.007452 -0.912506 0.086686 0.009879 0.996187 41.745979
0.995499 0.026015 -0.091132 -79.787079 -0.026027 0.999661 0.001057 -0.972569 0.091128 0.001320 0.995838 43.369949
0.995594 0.026162 -0.090047 -79.867729 -0.025935 0.999657 0.003688 -0.997665 0.090112 -0.001337 0.995931 44.232399
0.995684 0.029538 -0.087977 -79.962708 -0.029303 0.999563 0.003963 -1.016479 0.088056 -0.001368 0.996115 45.096954
0.995861 0.030464 -0.085636 -80.048401 -0.030368 0.999536 0.002415 -1.036109 0.085670 0.000195 0.996324 45.958565
0.996054 0.023596 -0.085552 -80.116211 -0.023508 0.999722 0.002041 -1.015152 0.085577 -0.000022 0.996332 46.778961
0.996054 0.023596 -0.085552 -80.116211 -0.023508 0.999722 0.002041 -1.015152 0.085577 -0.000022 0.996332 46.778961
0.996054 0.023596 -0.085552 -80.116211 -0.023508 0.999722 0.002041 -1.015152 0.085577 -0.000022 0.996332 46.778961
0.996054 0.023596 -0.085552 -80.116211 -0.023508 0.999722 0.002041 -1.015152 0.085577 -0.000022 0.996332 46.778961
0.996054 0.023596 -0.085552 -80.116211 -0.023508 0.999722 0.002041 -1.015152 0.085577 -0.000022 0.996332 46.778961
0.996736 0.017428 -0.078827 -80.409546 -0.017272 0.999847 0.002664 -1.102817 0.078862 -0.001294 0.996885 50.278366
0.996784 0.017779 -0.078137 -80.550987 -0.017654 0.999842 0.002292 -1.129380 0.078165 -0.000906 0.996940 52.005596
0.996844 0.019832 -0.076873 -80.635918 -0.020129 0.999793 -0.003094 -1.150362 0.076795 0.004631 0.997036 52.866085
0.996885 0.021818 -0.075796 -80.717888 -0.022531 0.999709 -0.008563 -1.176424 0.075587 0.010245 0.997087 53.731544
0.996841 0.026310 -0.074942 -80.809975 -0.027477 0.999516 -0.014578 -1.209747 0.074522 0.016592 0.997081 54.586578
0.996841 0.026310 -0.074942 -80.809975 -0.027477 0.999516 -0.014578 -1.209747 0.074522 0.016592 0.997081 54.586578
0.996911 0.026694 -0.073858 -80.951088 -0.027493 0.999574 -0.009826 -1.255666 0.073564 0.011826 0.997220 56.271927
0.996913 0.025629 -0.074216 -81.021118 -0.025780 0.999667 -0.001080 -1.290257 0.074163 0.002990 0.997242 57.154438
0.996918 0.022147 -0.075262 -81.083214 -0.021778 0.999746 0.005721 -1.313219 0.075369 -0.004064 0.997147 58.028252
0.996770 0.019120 -0.077999 -81.149422 -0.018830 0.999813 0.004447 -1.329713 0.078070 -0.002964 0.996943 58.890888
0.996770 0.019120 -0.077999 -81.149422 -0.018830 0.999813 0.004447 -1.329713 0.078070 -0.002964 0.996943 58.890888
0.996437 0.012627 -0.083392 -81.250053 -0.012558 0.999920 0.001359 -1.353183 0.083402 -0.000307 0.996516 60.516983
0.996184 0.013889 -0.086165 -81.332985 -0.014031 0.999901 -0.001047 -1.377358 0.086142 0.002252 0.996280 61.357525
0.995866 0.014674 -0.089642 -81.418518 -0.015126 0.999876 -0.004361 -1.396176 0.089567 0.005699 0.995964 62.180443
0.995514 0.015089 -0.093404 -81.498672 -0.015883 0.999844 -0.007764 -1.415519 0.093272 0.009213 0.995598 62.999813
0.995514 0.015089 -0.093404 -81.498672 -0.015883 0.999844 -0.007764 -1.415519 0.093272 0.009213 0.995598 62.999813
0.994716 0.023555 -0.099922 -81.683411 -0.024769 0.999633 -0.010925 -1.482550 0.099628 0.013343 0.994935 64.577507
0.994280 0.027680 -0.103157 -81.785385 -0.028822 0.999539 -0.009594 -1.511816 0.102844 0.012512 0.994619 65.391830
0.993752 0.031796 -0.106985 -81.884598 -0.032526 0.999458 -0.005082 -1.538063 0.106765 0.008530 0.994248 66.214333
0.993293 0.031825 -0.111157 -81.976913 -0.032073 0.999485 -0.000445 -1.561941 0.111085 0.004007 0.993803 67.026161
0.992761 0.029941 -0.116316 -82.075005 -0.029520 0.999550 0.005343 -1.572983 0.116424 -0.001871 0.993198 67.806213
0.992761 0.029941 -0.116316 -82.075005 -0.029520 0.999550 0.005343 -1.572983 0.116424 -0.001871 0.993198 67.806213
0.992761 0.029941 -0.116316 -82.075005 -0.029520 0.999550 0.005343 -1.572983 0.116424 -0.001871 0.993198 67.806213
0.992761 0.029941 -0.116316 -82.075005 -0.029520 0.999550 0.005343 -1.572983 0.116424 -0.001871 0.993198 67.806213
0.992761 0.029941 -0.116316 -82.075005 -0.029520 0.999550 0.005343 -1.572983 0.116424 -0.001871 0.993198 67.806213
0.989747 0.032565 -0.139072 -82.491982 -0.031790 0.999464 0.007789 -1.645285 0.139251 -0.003288 0.990252 70.968605
0.987858 0.030547 -0.152325 -82.750664 -0.030304 0.999533 0.003914 -1.664786 0.152373 0.000750 0.988323 72.474922
0.987064 0.030580 -0.157380 -82.881149 -0.030528 0.999530 0.002751 -1.682581 0.157390 0.002089 0.987534 73.250809
0.986313 0.034108 -0.161316 -83.028389 -0.033589 0.999418 0.005943 -1.697229 0.161425 -0.000444 0.986885 74.042084
0.985356 0.035036 -0.166869 -83.163193 -0.033846 0.999377 0.009967 -1.714503 0.167115 -0.004173 0.985929 74.828056
0.985356 0.035036 -0.166869 -83.163193 -0.033846 0.999377 0.009967 -1.714503 0.167115 -0.004173 0.985929 74.828056
0.982910 0.030022 -0.181624 -83.430634 -0.028824 0.999542 0.009231 -1.727108 0.181818 -0.003838 0.983325 76.298965
0.981359 0.029739 -0.189871 -83.578499 -0.029829 0.999552 0.002381 -1.747199 0.189856 0.003327 0.981806 77.050323
0.979582 0.028655 -0.198991 -83.729645 -0.029383 0.999568 -0.000703 -1.760494 0.198885 0.006536 0.980001 77.811455
0.977352 0.028672 -0.209668 -83.897865 -0.029069 0.999577 0.001191 -1.775698 0.209614 0.004931 0.977772 78.584908
0.977352 0.028672 -0.209668 -83.897865 -0.029069 0.999577 0.001191 -1.775698 0.209614 0.004931 0.977772 78.584908
0.972238 0.034046 -0.231503 -84.252808 -0.031666 0.999401 0.013989 -1.768930 0.231840 -0.006270 0.972734 80.023239
0.969758 0.033526 -0.241756 -84.439041 -0.030189 0.999391 0.017492 -1.784994 0.242195 -0.009665 0.970179 80.775566
0.966945 0.036554 -0.252349 -84.643021 -0.034124 0.999320 0.014001 -1.795618 0.252690 -0.004927 0.967535 81.504562
0.964110 0.035782 -0.263081 -84.843445 -0.035595 0.999351 0.005480 -1.805492 0.263106 0.004081 0.964758 82.206841
0.964110 0.035782 -0.263081 -84.843445 -0.035595 0.999351 0.005480 -1.805492 0.263106 0.004081 0.964758 82.206841
0.956555 0.033300 -0.289645 -85.294899 -0.032938 0.999439 0.006124 -1.824892 0.289686 0.003682 0.957115 83.582642
0.953095 0.036767 -0.300429 -85.529625 -0.034629 0.999323 0.012439 -1.838486 0.300683 -0.001452 0.953723 84.319069
0.949620 0.037321 -0.311175 -85.770683 -0.033630 0.999286 0.017221 -1.845979 0.311595 -0.005889 0.950197 85.059944
0.945536 0.034854 -0.323647 -86.008507 -0.031335 0.999380 0.016079 -1.863398 0.324007 -0.005062 0.946041 85.782455
0.941015 0.027563 -0.337240 -86.258728 -0.024630 0.999612 0.012975 -1.859268 0.337467 -0.003903 0.941329 86.441330
0.941015 0.027563 -0.337240 -86.258728 -0.024630 0.999612 0.012975 -1.859268 0.337467 -0.003903 0.941329 86.441330
0.941015 0.027563 -0.337240 -86.258728 -0.024630 0.999612 0.012975 -1.859268 0.337467 -0.003903 0.941329 86.441330
0.941015 0.027563 -0.337240 -86.258728 -0.024630 0.999612 0.012975 -1.859268 0.337467 -0.003903 0.941329 86.441330
0.941015 0.027563 -0.337240 -86.258728 -0.024630 0.999612 0.012975 -1.859268 0.337467 -0.003903 0.941329 86.441330
0.929896 0.021838 -0.367174 -87.341103 -0.024037 0.999710 -0.001417 -1.921163 0.367036 0.010143 0.930151 89.275215
0.922818 0.026734 -0.384307 -87.933716 -0.027028 0.999624 0.004636 -1.916012 0.384287 0.006109 0.923194 90.634216
0.920248 0.028941 -0.390264 -88.245781 -0.026231 0.999581 0.012273 -1.934201 0.390455 -0.001057 0.920621 91.372139
0.917725 0.038324 -0.395363 -88.585732 -0.033761 0.999259 0.018495 -1.947954 0.395778 -0.003626 0.918339 92.093559
0.915147 0.043136 -0.400806 -88.921066 -0.040002 0.999068 0.016188 -1.950778 0.401131 0.001219 0.916020 92.786255
0.915147 0.043136 -0.400806 -88.921066 -0.040002 0.999068 0.016188 -1.950778 0.401131 0.001219 0.916020 92.786255
0.909805 0.030559 -0.413910 -89.510216 -0.031823 0.999486 0.003843 -1.946602 0.413815 0.009675 0.910310 94.124306
0.907873 0.031470 -0.418063 -89.841064 -0.033116 0.999446 0.003319 -1.960540 0.417936 0.010832 0.908412 94.823235
0.905629 0.037877 -0.422376 -90.198364 -0.038454 0.999235 0.007156 -1.967126 0.422324 0.009761 0.906393 95.531097
0.903298 0.039717 -0.427172 -90.540825 -0.038780 0.999188 0.010895 -1.979097 0.427258 0.006724 0.904105 96.235046
0.903298 0.039717 -0.427172 -90.540825 -0.038780 0.999188 0.010895 -1.979097 0.427258 0.006724 0.904105 96.235046
0.898690 0.035073 -0.437181 -91.193192 -0.036718 0.999315 0.004690 -2.006121 0.437046 0.011838 0.899361 97.599922
0.896293 0.032109 -0.442298 -91.542152 -0.036525 0.999332 -0.001470 -2.015360 0.441956 0.017473 0.896867 98.303047
0.893972 0.033105 -0.446898 -91.901176 -0.038656 0.999247 -0.003304 -2.023013 0.446452 0.020229 0.894579 98.994202
0.891624 0.036005 -0.451342 -92.264893 -0.040446 0.999182 -0.000192 -2.039783 0.450966 0.018426 0.892351 99.694336
0.891624 0.036005 -0.451342 -92.264893 -0.040446 0.999182 -0.000192 -2.039783 0.450966 0.018426 0.892351 99.694336
0.886893 0.042221 -0.460042 -92.994606 -0.046012 0.998936 0.002974 -2.087286 0.459679 0.018530 0.887892 101.030121
0.884570 0.040226 -0.464669 -93.356255 -0.044221 0.999019 0.002303 -2.101739 0.464306 0.018511 0.885481 101.722839
0.882532 0.038107 -0.468706 -93.715256 -0.042245 0.999106 0.001686 -2.118502 0.468352 0.018313 0.883352 102.400139
0.880327 0.037522 -0.472882 -94.083908 -0.041636 0.999131 0.001769 -2.132732 0.472537 0.018131 0.881124 103.074966
0.878070 0.038690 -0.476966 -94.450500 -0.042132 0.999106 0.003482 -2.147122 0.476674 0.017038 0.878915 103.723175
0.878070 0.038690 -0.476966 -94.450500 -0.042132 0.999106 0.003482 -2.147122 0.476674 0.017038 0.878915 103.723175
0.878070 0.038690 -0.476966 -94.450500 -0.042132 0.999106 0.003482 -2.147122 0.476674 0.017038 0.878915 103.723175
0.878070 0.038690 -0.476966 -94.450500 -0.042132 0.999106 0.003482 -2.147122 0.476674 0.017038 0.878915 103.723175
0.878070 0.038690 -0.476966 -94.450500 -0.042132 0.999106 0.003482 -2.147122 0.476674 0.017038 0.878915 103.723175
0.869446 0.032500 -0.492958 -95.971489 -0.041737 0.999099 -0.007745 -2.218058 0.492262 0.027309 0.870019 106.375534
0.865133 0.039866 -0.499956 -96.693123 -0.044206 0.999017 0.003167 -2.247720 0.499591 0.019361 0.866045 107.627716
0.863849 0.041914 -0.502003 -97.082199 -0.041693 0.999062 0.011670 -2.263390 0.502022 0.010849 0.864787 108.286636
0.861941 0.041187 -0.505332 -97.450264 -0.038819 0.999130 0.015220 -2.275538 0.505520 0.006498 0.862791 108.915390
0.860073 0.037691 -0.508777 -97.809174 -0.035154 0.999275 0.014602 -2.285871 0.508959 0.005327 0.860774 109.533974
0.860073 0.037691 -0.508777 -97.809174 -0.035154 0.999275 0.014602 -2.285871 0.508959 0.005327 0.860774 109.533974
0.857391 0.030993 -0.513732 -98.446548 -0.027936 0.999516 0.013676 -2.308296 0.513907 0.002626 0.857842 110.657227
0.855938 0.029225 -0.516253 -98.789993 -0.026587 0.999568 0.012504 -2.314189 0.516395 0.003022 0.856345 111.217415
0.854680 0.027811 -0.518410 -99.120262 -0.025210 0.999609 0.012064 -2.323608 0.518543 0.002758 0.855047 111.759949
0.853486 0.028474 -0.520338 -99.450668 -0.025623 0.999591 0.012673 -2.332337 0.520486 0.002517 0.853867 112.289238
0.853486 0.028474 -0.520338 -99.450668 -0.025623 0.999591 0.012673 -2.332337 0.520486 0.002517 0.853867 112.289238
0.850705 0.027951 -0.524900 -100.017685 -0.023924 0.999609 0.014455 -2.350556 0.525099 0.000261 0.851041 113.240746
0.849555 0.027054 -0.526806 -100.306252 -0.022862 0.999634 0.014467 -2.358877 0.527005 -0.000246 0.849862 113.712280
0.848188 0.026622 -0.529026 -100.584183 -0.023037 0.999645 0.013370 -2.365603 0.529195 0.000847 0.848500 114.154366
0.846812 0.026015 -0.531256 -100.852119 -0.024047 0.999654 0.010623 -2.377355 0.531349 0.003780 0.847144 114.569824
0.846812 0.026015 -0.531256 -100.852119 -0.024047 0.999654 0.010623 -2.377355 0.531349 0.003780 0.847144 114.569824
0.843438 0.019164 -0.536884 -101.305481 -0.019195 0.999800 0.005532 -2.393836 0.536883 0.005640 0.843638 115.297661
0.840547 0.015472 -0.541518 -101.536407 -0.014886 0.999874 0.005460 -2.399343 0.541534 0.003472 0.840672 115.679665
0.837058 0.015695 -0.546888 -101.770515 -0.014665 0.999873 0.006248 -2.407216 0.546917 0.002790 0.837182 116.035088
0.833205 0.018847 -0.552643 -102.003952 -0.017526 0.999817 0.007674 -2.413347 0.552686 0.003291 0.833383 116.368713
0.830697 0.026567 -0.556091 -102.220337 -0.023974 0.999641 0.011945 -2.426807 0.556209 0.003409 0.831035 116.639610
0.830697 0.026567 -0.556091 -102.220337 -0.023974 0.999641 0.011945 -2.426807 0.556209 0.003409 0.831035 116.639610
0.830697 0.026567 -0.556091 -102.220337 -0.023974 0.999641 0.011945 -2.426807 0.556209 0.003409 0.831035 116.639610
0.830697 0.026567 -0.556091 -102.220337 -0.023974 0.999641 0.011945 -2.426807 0.556209 0.003409 0.831035 116.639610
0.830697 0.026567 -0.556091 -102.220337 -0.023974 0.999641 0.011945 -2.426807 0.556209 0.003409 0.831035 116.639610
0.810315 0.029824 -0.585234 -102.986359 -0.020148 0.999532 0.023039 -2.438769 0.585647 -0.006878 0.810537 117.753494
0.794512 0.027471 -0.606627 -103.324867 -0.014029 0.999540 0.026890 -2.452897 0.607086 -0.012854 0.794532 118.187302
0.783110 0.028353 -0.621236 -103.490807 -0.014972 0.999530 0.026746 -2.454456 0.621702 -0.011644 0.783167 118.382118
0.769963 0.027386 -0.637501 -103.650200 -0.014918 0.999578 0.024922 -2.459605 0.637914 -0.009679 0.770047 118.567673
0.756066 0.025599 -0.653994 -103.804062 -0.015692 0.999657 0.020988 -2.466519 0.654307 -0.005605 0.756208 118.740814
0.756066 0.025599 -0.653994 -103.804062 -0.015692 0.999657 0.020988 -2.466519 0.654307 -0.005605 0.756208 118.740814
0.727238 0.022821 -0.686006 -104.137222 -0.019885 0.999728 0.012178 -2.484356 0.686097 0.004785 0.727494 118.995346
0.712087 0.025784 -0.701617 -104.305923 -0.026615 0.999599 0.009723 -2.487332 0.701586 0.011750 0.712488 119.134369
0.695620 0.027500 -0.717883 -104.473495 -0.029200 0.999524 0.009994 -2.480241 0.717816 0.014010 0.696092 119.278206
0.677463 0.026138 -0.735092 -104.632820 -0.026785 0.999582 0.010857 -2.476101 0.735069 0.012334 0.677880 119.430748
0.677463 0.026138 -0.735092 -104.632820 -0.026785 0.999582 0.010857 -2.476101 0.735069 0.012334 0.677880 119.430748
0.635971 0.025237 -0.771300 -105.007248 -0.024590 0.999620 0.012432 -2.460207 0.771321 0.011060 0.636350 119.651314
0.612762 0.028672 -0.789747 -105.190956 -0.027403 0.999512 0.015026 -2.457299 0.789792 0.012434 0.613248 119.768700
0.588511 0.032093 -0.807852 -105.378387 -0.029452 0.999400 0.018247 -2.456053 0.807953 0.013054 0.589103 119.880356
0.563881 0.034597 -0.825131 -105.559143 -0.031131 0.999303 0.020625 -2.454773 0.825269 0.014057 0.564564 119.986679
0.563881 0.034597 -0.825131 -105.559143 -0.031131 0.999303 0.020625 -2.454773 0.825269 0.014057 0.564564 119.986679
0.512688 0.043460 -0.857474 -105.985481 -0.038733 0.998872 0.027468 -2.470557 0.857701 0.019130 0.513793 120.176422
0.484988 0.046210 -0.873299 -106.176834 -0.040975 0.998707 0.030090 -2.470290 0.873560 0.021190 0.486255 120.259529
0.455793 0.045683 -0.888913 -106.366127 -0.039885 0.998727 0.030875 -2.473229 0.889192 0.021382 0.457035 120.349197
0.424274 0.043460 -0.904490 -106.568024 -0.039548 0.998784 0.029439 -2.481239 0.904670 0.023280 0.425477 120.433662
0.390922 0.039887 -0.919559 -106.844635 -0.039849 0.998857 0.026386 -2.478650 0.919561 0.026328 0.392065 120.513641
0.390922 0.039887 -0.919559 -106.844635 -0.039849 0.998857 0.026386 -2.478650 0.919561 0.026328 0.392065 120.513641
0.390922 0.039887 -0.919559 -106.844635 -0.039849 0.998857 0.026386 -2.478650 0.919561 0.026328 0.392065 120.513641
0.390922 0.039887 -0.919559 -106.844635 -0.039849 0.998857 0.026386 -2.478650 0.919561 0.026328 0.392065 120.513641
0.390922 0.039887 -0.919559 -106.844635 -0.039849 0.998857 0.026386 -2.478650 0.919561 0.026328 0.392065 120.513641
0.223106 0.031301 -0.974292 -107.932495 -0.035913 0.999070 0.023873 -2.463444 0.974132 0.029663 0.224023 120.808723
0.122812 0.026019 -0.992089 -108.649162 -0.035492 0.999132 0.021811 -2.435726 0.991795 0.032532 0.123629 120.875862
0.070743 0.026302 -0.997148 -109.004929 -0.034804 0.999109 0.023884 -2.429788 0.996887 0.033015 0.071596 120.893471
0.017476 0.027227 -0.999476 -109.366898 -0.032046 0.999131 0.026658 -2.422376 0.999334 0.031564 0.018333 120.904968
-0.037114 0.027868 -0.998922 -109.745979 -0.028573 0.999173 0.028937 -2.418530 0.998902 0.029616 -0.036287 120.892990
-0.037114 0.027868 -0.998922 -109.745979 -0.028573 0.999173 0.028937 -2.418530 0.998902 0.029616 -0.036287 120.892990
-0.145200 0.030742 -0.988925 -110.565903 -0.020438 0.999211 0.034063 -2.405433 0.989191 0.025157 -0.144457 120.775497
-0.197047 0.030932 -0.979906 -110.971237 -0.018356 0.999211 0.035232 -2.396364 0.980222 0.024929 -0.196323 120.688683
-0.247021 0.031230 -0.968507 -111.388092 -0.014940 0.999239 0.036031 -2.386052 0.968895 0.023370 -0.246367 120.582726
-0.296091 0.031311 -0.954646 -111.816902 -0.010237 0.999301 0.035951 -2.375665 0.955105 0.020417 -0.295564 120.454536
-0.296091 0.031311 -0.954646 -111.816902 -0.010237 0.999301 0.035951 -2.375665 0.955105 0.020417 -0.295564 120.454536
-0.387177 0.034170 -0.921372 -112.705643 0.000665 0.999323 0.036781 -2.358478 0.922005 0.013628 -0.386938 120.100838
-0.429743 0.034009 -0.902311 -113.155090 0.004207 0.999355 0.035662 -2.349332 0.902941 0.011529 -0.429609 119.888901
-0.468937 0.034296 -0.882565 -113.611992 0.006950 0.999358 0.035142 -2.342256 0.883204 0.010345 -0.468875 119.650024
-0.503664 0.034072 -0.863228 -114.071709 0.008577 0.999370 0.034440 -2.334331 0.863857 0.009942 -0.503638 119.380852
-0.503664 0.034072 -0.863228 -114.071709 0.008577 0.999370 0.034440 -2.334331 0.863857 0.009942 -0.503638 119.380852
-0.552741 0.034287 -0.832647 -114.998169 0.008155 0.999328 0.035737 -2.301741 0.833313 0.012963 -0.552649 118.683014
-0.571272 0.032379 -0.820122 -115.485062 0.006940 0.999376 0.034622 -2.292532 0.820731 0.014087 -0.571141 118.345322
-0.585649 0.031830 -0.809940 -115.976212 0.006429 0.999380 0.034626 -2.279104 0.810539 0.015072 -0.585490 117.986748
