1.000000 0.000000 0.000000 0.000000 0.000000 1.000000 0.000000 0.000000 0.000000 0.000000 1.000000 0.000000
1.000000 0.000000 0.000000 0.000000 0.000000 1.000000 0.000000 0.000000 0.000000 0.000000 1.000000 0.000000
1.000000 0.000000 0.000000 0.000000 0.000000 1.000000 0.000000 0.000000 0.000000 0.000000 1.000000 0.000000
1.000000 0.000000 0.000000 0.000000 0.000000 1.000000 0.000000 0.000000 0.000000 0.000000 1.000000 0.000000
0.999951 0.009429 0.003066 -0.083982 -0.009438 0.999951 0.002962 -0.075924 -0.003038 -0.002990 0.999991 3.062464
0.999927 0.011837 0.002247 -0.081182 -0.011843 0.999926 0.002892 -0.111210 -0.002213 -0.002918 0.999993 4.540830
0.999921 0.012350 0.002534 -0.092221 -0.012360 0.999916 0.003803 -0.129255 -0.002487 -0.003834 0.999990 5.237578
0.999914 0.012677 0.003368 -0.105236 -0.012697 0.999901 0.006001 -0.143450 -0.003292 -0.006043 0.999976 5.925281
0.999907 0.012820 0.004701 -0.104256 -0.012865 0.999871 0.009646 -0.155218 -0.004577 -0.009705 0.999942 6.586767
0.999907 0.012820 0.004701 -0.104256 -0.012865 0.999871 0.009646 -0.155218 -0.004577 -0.009705 0.999942 6.586767
0.999911 0.011528 0.006779 -0.075627 -0.011637 0.999800 0.016248 -0.187346 -0.006590 -0.016325 0.999845 7.834805
0.999905 0.011504 0.007569 -0.070121 -0.011626 0.999799 0.016308 -0.199982 -0.007380 -0.016394 0.999838 8.421501
0.999891 0.012267 0.008279 -0.061898 -0.012384 0.999822 0.014204 -0.212133 -0.008103 -0.014305 0.999865 8.967921
0.999885 0.012019 0.009292 -0.051532 -0.012128 0.999857 0.011756 -0.217238 -0.009149 -0.011868 0.999888 9.497588
0.999885 0.012019 0.009292 -0.051532 -0.012128 0.999857 0.011756 -0.217238 -0.009149 -0.011868 0.999888 9.497588
0.999873 0.007387 0.014119 -0.056411 -0.007502 0.999939 0.008159 -0.224254 -0.014057 -0.008263 0.999867 10.446951
0.999862 0.005861 0.015544 -0.047907 -0.005974 0.999956 0.007225 -0.241396 -0.015501 -0.007317 0.999853 10.889240
0.999796 0.009397 0.017892 -0.052114 -0.009500 0.999939 0.005644 -0.256891 -0.017838 -0.005813 0.999824 11.302893
0.999685 0.013303 0.021278 -0.052165 -0.013417 0.999896 0.005200 -0.267213 -0.021206 -0.005484 0.999760 11.686719
0.999685 0.013303 0.021278 -0.052165 -0.013417 0.999896 0.005200 -0.267213 -0.021206 -0.005484 0.999760 11.686719
0.999548 0.011004 0.027988 -0.038048 -0.011168 0.999921 0.005706 -0.269682 -0.027923 -0.006016 0.999592 12.330797
0.999511 0.006485 0.030580 -0.009759 -0.006657 0.999963 0.005519 -0.274445 -0.030543 -0.005720 0.999517 12.625926
0.999440 0.003324 0.033281 0.013386 -0.003556 0.999970 0.006902 -0.286535 -0.033257 -0.007017 0.999422 12.894126
0.999351 0.002654 0.035933 0.024650 -0.002941 0.999964 0.007927 -0.297296 -0.035910 -0.008027 0.999323 13.125657
0.999287 0.001796 0.037704 0.020572 -0.002081 0.999969 0.007532 -0.310296 -0.037689 -0.007605 0.999261 13.322052
0.999287 0.001796 0.037704 0.020572 -0.002081 0.999969 0.007532 -0.310296 -0.037689 -0.007605 0.999261 13.322052
0.999287 0.001796 0.037704 0.020572 -0.002081 0.999969 0.007532 -0.310296 -0.037689 -0.007605 0.999261 13.322052
0.999287 0.001796 0.037704 0.020572 -0.002081 0.999969 0.007532 -0.310296 -0.037689 -0.007605 0.999261 13.322052
0.999287 0.001796 0.037704 0.020572 -0.002081 0.999969 0.007532 -0.310296 -0.037689 -0.007605 0.999261 13.322052
0.998902 0.007960 0.046168 0.014028 -0.008156 0.999959 0.004047 -0.326328 -0.046134 -0.004419 0.998926 13.973468
0.998754 0.007035 0.049401 0.042436 -0.007080 0.999975 0.000730 -0.332479 -0.049395 -0.001079 0.998779 14.284011
0.998702 0.006542 0.050516 0.051881 -0.006541 0.999979 -0.000176 -0.336245 -0.050516 -0.000155 0.998723 14.410550
0.998624 0.006936 0.051986 0.057390 -0.006891 0.999976 -0.001044 -0.341537 -0.051992 0.000684 0.998647 14.536474
0.998534 0.007439 0.053612 0.060547 -0.007318 0.999970 -0.002448 -0.341849 -0.053629 0.002053 0.998559 14.659492
0.998534 0.007439 0.053612 0.060547 -0.007318 0.999970 -0.002448 -0.341849 -0.053629 0.002053 0.998559 14.659492
0.998446 0.006946 0.055296 0.074535 -0.006516 0.999947 -0.007966 -0.346031 -0.055349 0.007593 0.998438 14.918157
0.998477 0.006389 0.054790 0.095507 -0.005884 0.999939 -0.009381 -0.347255 -0.054847 0.009045 0.998454 15.037979
0.998597 0.006173 0.052587 0.111302 -0.005625 0.999928 -0.010553 -0.350403 -0.052648 0.010243 0.998561 15.158415
0.998753 0.006398 0.049509 0.121273 -0.005845 0.999919 -0.011290 -0.352229 -0.049577 0.010987 0.998710 15.281296
0.998753 0.006398 0.049509 0.121273 -0.005845 0.999919 -0.011290 -0.352229 -0.049577 0.010987 0.998710 15.281296
0.999156 0.006517 0.040561 0.108906 -0.005934 0.999878 -0.014479 -0.365043 -0.040651 0.014226 0.999072 15.575972
0.999402 0.006536 0.033957 0.119106 -0.006026 0.999868 -0.015083 -0.366232 -0.034051 0.014869 0.999309 15.697921
0.999614 0.006612 0.026995 0.127291 -0.006190 0.999858 -0.015673 -0.368823 -0.027095 0.015499 0.999513 15.823545
0.999795 0.006803 0.019068 0.132383 -0.006485 0.999839 -0.016707 -0.370720 -0.019179 0.016580 0.999679 15.949813
0.999795 0.006803 0.019068 0.132383 -0.006485 0.999839 -0.016707 -0.370720 -0.019179 0.016580 0.999679 15.949813
0.999983 0.004169 -0.004141 0.115201 -0.004252 0.999785 -0.020275 -0.376846 0.004056 0.020292 0.999786 16.285297
0.999793 0.003458 -0.020066 0.124304 -0.003898 0.999752 -0.021905 -0.385421 0.019986 0.021979 0.999559 16.446173
0.999227 0.003890 -0.039113 0.114625 -0.004780 0.999731 -0.022701 -0.392811 0.039014 0.022871 0.998977 16.618692
0.998123 0.004883 -0.061044 0.097662 -0.006281 0.999722 -0.022724 -0.399082 0.060916 0.023065 0.997876 16.813875
0.996342 0.005509 -0.085282 0.046879 -0.007493 0.999708 -0.022958 -0.411014 0.085130 0.023513 0.996092 17.082539
0.996342 0.005509 -0.085282 0.046879 -0.007493 0.999708 -0.022958 -0.411014 0.085130 0.023513 0.996092 17.082539
0.996342 0.005509 -0.085282 0.046879 -0.007493 0.999708 -0.022958 -0.411014 0.085130 0.023513 0.996092 17.082539
0.996342 0.005509 -0.085282 0.046879 -0.007493 0.999708 -0.022958 -0.411014 0.085130 0.023513 0.996092 17.082539
0.996342 0.005509 -0.085282 0.046879 -0.007493 0.999708 -0.022958 -0.411014 0.085130 0.023513 0.996092 17.082539
0.977254 0.008942 -0.211881 -0.151741 -0.012302 0.999819 -0.014546 -0.458154 0.211713 0.016822 0.977187 18.152376
0.955844 0.014338 -0.293523 -0.380077 -0.016514 0.999851 -0.004935 -0.476392 0.293409 0.009564 0.955939 18.753574
0.941878 0.017852 -0.335482 -0.505924 -0.019392 0.999811 -0.001243 -0.484369 0.335396 0.007676 0.942046 19.062859
0.925351 0.020357 -0.378565 -0.642118 -0.020694 0.999781 0.003178 -0.488518 0.378546 0.004893 0.925569 19.380980
0.906387 0.023609 -0.421787 -0.806657 -0.021564 0.999721 0.009618 -0.499403 0.421897 0.000378 0.906644 19.708895
0.906387 0.023609 -0.421787 -0.806657 -0.021564 0.999721 0.009618 -0.499403 0.421897 0.000378 0.906644 19.708895
0.859627 0.032209 -0.509905 -1.232009 -0.024757 0.999465 0.021397 -0.509676 0.510321 -0.005770 0.859964 20.300621
0.831818 0.035077 -0.553939 -1.447004 -0.026182 0.999370 0.023967 -0.511798 0.554431 -0.005433 0.832212 20.607950
0.801198 0.038016 -0.597191 -1.691385 -0.028454 0.999271 0.025437 -0.507260 0.597723 -0.003388 0.801696 20.914333
0.767841 0.040110 -0.639383 -1.962756 -0.029469 0.999193 0.027293 -0.501717 0.639962 -0.002114 0.768404 21.223419
0.767841 0.040110 -0.639383 -1.962756 -0.029469 0.999193 0.027293 -0.501717 0.639962 -0.002114 0.768404 21.223419
0.690935 0.046042 -0.721449 -2.617109 -0.031177 0.998939 0.033894 -0.478027 0.722244 -0.000926 0.691638 21.781979
0.650109 0.045863 -0.758456 -2.958292 -0.029475 0.998948 0.035141 -0.471936 0.759269 -0.000490 0.650776 22.070778
0.607323 0.044573 -0.793204 -3.319023 -0.025553 0.999004 0.036573 -0.459523 0.794044 -0.001943 0.607857 22.364321
0.562512 0.044532 -0.825589 -3.711866 -0.021918 0.999001 0.038952 -0.459983 0.826499 -0.003816 0.562926 22.649794
0.562512 0.044532 -0.825589 -3.711866 -0.021918 0.999001 0.038952 -0.459983 0.826499 -0.003816 0.562926 22.649794
0.466035 0.044023 -0.883670 -4.636245 -0.018290 0.999027 0.040124 -0.426482 0.884577 -0.002536 0.466387 23.091892
0.413693 0.042884 -0.909406 -5.110660 -0.014794 0.999075 0.040382 -0.406996 0.910296 -0.003252 0.413945 23.315399
0.359682 0.041149 -0.932167 -5.606395 -0.010376 0.999142 0.040102 -0.396172 0.933017 -0.004752 0.359800 23.525051
0.305103 0.040276 -0.951467 -6.135862 -0.008758 0.999182 0.039488 -0.393103 0.952279 -0.003715 0.305206 23.692293
0.251704 0.044034 -0.966802 -6.712964 -0.008593 0.999027 0.043264 -0.361046 0.967766 -0.002582 0.251838 23.779551
0.251704 0.044034 -0.966802 -6.712964 -0.008593 0.999027 0.043264 -0.361046 0.967766 -0.002582 0.251838 23.779551
0.251704 0.044034 -0.966802 -6.712964 -0.008593 0.999027 0.043264 -0.361046 0.967766 -0.002582 0.251838 23.779551
0.251704 0.044034 -0.966802 -6.712964 -0.008593 0.999027 0.043264 -0.361046 0.967766 -0.002582 0.251838 23.779551
0.251704 0.044034 -0.966802 -6.712964 -0.008593 0.999027 0.043264 -0.361046 0.967766 -0.002582 0.251838 23.779551
0.066368 0.048135 -0.996633 -9.156940 0.001030 0.998832 0.048310 -0.308334 0.997795 -0.004233 0.066241 24.140245
0.003632 0.043803 -0.999034 -10.446446 -0.004810 0.999029 0.043785 -0.248287 0.999982 0.004646 0.003839 24.066404
-0.017228 0.046938 -0.998749 -11.146799 -0.006480 0.998871 0.047056 -0.222443 0.999831 0.007283 -0.016904 24.042236
-0.030610 0.051933 -0.998181 -11.868607 -0.005703 0.998624 0.052131 -0.192116 0.999515 0.007288 -0.030272 24.023956
-0.038694 0.054686 -0.997754 -12.624833 -0.004726 0.998480 0.054910 -0.172070 0.999240 0.006840 -0.038377 24.005922
-0.038694 0.054686 -0.997754 -12.624833 -0.004726 0.998480 0.054910 -0.172070 0.999240 0.006840 -0.038377 24.005922
-0.040607 0.048243 -0.998010 -14.058651 0.001931 0.998836 0.048205 -0.075928 0.999173 0.000031 -0.040653 23.855619
-0.036629 0.047232 -0.998212 -14.873995 0.012669 0.998824 0.046796 -0.054515 0.999249 -0.010933 -0.037185 23.861889
-0.031439 0.047856 -0.998359 -15.728223 0.013782 0.998779 0.047442 -0.037200 0.999411 -0.012268 -0.032061 23.839993
-0.026133 0.046330 -0.998584 -16.611004 0.012207 0.998866 0.046023 -0.001145 0.999584 -0.010987 -0.026669 23.809502
-0.026133 0.046330 -0.998584 -16.611004 0.012207 0.998866 0.046023 -0.001145 0.999584 -0.010987 -0.026669 23.809502
-0.020522 0.031425 -0.999295 -18.250320 0.015591 0.999394 0.031108 0.035751 0.999668 -0.014942 -0.020999 23.769413
-0.020138 0.023445 -0.999522 -19.148830 0.008409 0.999694 0.023280 0.055738 0.999762 -0.007936 -0.020329 23.734335
-0.021285 0.020723 -0.999559 -20.074162 0.002029 0.999784 0.020685 0.066420 0.999771 -0.001587 -0.021323 23.718578
-0.025703 0.026224 -0.999326 -21.040981 -0.007097 0.999626 0.026414 0.076764 0.999644 0.007771 -0.025507 23.693901
-0.025703 0.026224 -0.999326 -21.040981 -0.007097 0.999626 0.026414 0.076764 0.999644 0.007771 -0.025507 23.693901
-0.034952 0.041108 -0.998543 -23.025713 -0.015558 0.999010 0.041672 0.114592 0.999268 0.016992 -0.034278 23.562828
-0.037066 0.050708 -0.998025 -24.045769 -0.016758 0.998540 0.051356 0.149253 0.999172 0.018628 -0.036162 23.529282
-0.038341 0.058345 -0.997560 -25.073925 -0.014909 0.998149 0.058953 0.183336 0.999153 0.017133 -0.037400 23.513042
-0.039381 0.060207 -0.997409 -26.098955 -0.013422 0.998061 0.060776 0.218712 0.999134 0.015781 -0.038496 23.481859
-0.041073 0.058776 -0.997426 -27.112900 -0.012771 0.998156 0.059345 0.266695 0.999075 0.015176 -0.040247 23.383572
-0.041073 0.058776 -0.997426 -27.112900 -0.012771 0.998156 0.059345 0.266695 0.999075 0.015176 -0.040247 23.383572
-0.041073 0.058776 -0.997426 -27.112900 -0.012771 0.998156 0.059345 0.266695 0.999075 0.015176 -0.040247 23.383572
-0.041073 0.058776 -0.997426 -27.112900 -0.012771 0.998156 0.059345 0.266695 0.999075 0.015176 -0.040247 23.383572
-0.041073 0.058776 -0.997426 -27.112900 -0.012771 0.998156 0.059345 0.266695 0.999075 0.015176 -0.040247 23.383572
-0.060724 0.042925 -0.997231 -31.240564 -0.015086 0.998921 0.043917 0.407546 0.998041 0.017711 -0.060011 23.193102
-0.074461 0.048609 -0.996038 -33.383804 -0.016791 0.998609 0.049990 0.452721 0.997083 0.020447 -0.073541 22.998896
-0.080959 0.051703 -0.995376 -34.458263 -0.019397 0.998383 0.053437 0.482196 0.996529 0.023633 -0.079825 22.906830
-0.085328 0.053518 -0.994915 -35.528111 -0.022021 0.998211 0.055584 0.519889 0.996110 0.026652 -0.083997 22.806513
-0.088529 0.054818 -0.994564 -36.594654 -0.026299 0.998008 0.057349 0.555342 0.995726 0.031233 -0.086911 22.700613
-0.088529 0.054818 -0.994564 -36.594654 -0.026299 0.998008 0.057349 0.555342 0.995726 0.031233 -0.086911 22.700613
-0.091317 0.057411 -0.994166 -38.713375 -0.031017 0.997688 0.060463 0.636561 0.995339 0.036357 -0.089325 22.443808
-0.092380 0.056633 -0.994112 -39.789360 -0.031936 0.997699 0.059805 0.679820 0.995212 0.037273 -0.090358 22.339052
-0.093628 0.055963 -0.994033 -40.859722 -0.033072 0.997693 0.059285 0.718880 0.995058 0.038425 -0.091562 22.234167
-0.094779 0.055451 -0.993953 -41.945889 -0.035278 0.997633 0.059021 0.759989 0.994873 0.040658 -0.092599 22.121401
-0.094779 0.055451 -0.993953 -41.945889 -0.035278 0.997633 0.059021 0.759989 0.994873 0.040658 -0.092599 22.121401
-0.096176 0.049395 -0.994138 -44.103611 -0.043190 0.997620 0.053746 0.837354 0.994427 0.048106 -0.093814 21.862261
-0.095514 0.047774 -0.994281 -45.202553 -0.045866 0.997576 0.052338 0.885245 0.994371 0.050602 -0.093092 21.748842
-0.094329 0.051387 -0.994214 -46.323242 -0.047176 0.997314 0.056023 0.926444 0.994423 0.052187 -0.091651 21.638430
-0.092895 0.054533 -0.994181 -47.439816 -0.047000 0.997146 0.059087 0.969991 0.994566 0.052215 -0.090067 21.528160
-0.092895 0.054533 -0.994181 -47.439816 -0.047000 0.997146 0.059087 0.969991 0.994566 0.052215 -0.090067 21.528160
-0.087973 0.054028 -0.994657 -49.616184 -0.045062 0.997290 0.058157 1.045496 0.995103 0.049938 -0.085300 21.316097
-0.084133 0.054650 -0.994955 -50.733219 -0.048596 0.997082 0.058876 1.089629 0.995269 0.053304 -0.081231 21.200567
-0.078630 0.055472 -0.995359 -51.855965 -0.052236 0.996850 0.059682 1.136775 0.995534 0.056686 -0.075485 21.083174
-0.073613 0.055318 -0.995751 -52.988850 -0.055203 0.996704 0.059452 1.186652 0.995758 0.059345 -0.070317 20.977062
-0.067416 0.055068 -0.996204 -54.087376 -0.058532 0.996538 0.059047 1.216110 0.996007 0.062291 -0.063959 20.892317
-0.067416 0.055068 -0.996204 -54.087376 -0.058532 0.996538 0.059047 1.216110 0.996007 0.062291 -0.063959 20.892317
-0.067416 0.055068 -0.996204 -54.087376 -0.058532 0.996538 0.059047 1.216110 0.996007 0.062291 -0.063959 20.892317
-0.067416 0.055068 -0.996204 -54.087376 -0.058532 0.996538 0.059047 1.216110 0.996007 0.062291 -0.063959 20.892317
-0.067416 0.055068 -0.996204 -54.087376 -0.058532 0.996538 0.059047 1.216110 0.996007 0.062291 -0.063959 20.892317
-0.047250 0.057453 -0.997229 -58.623367 -0.056029 0.996620 0.060072 1.388567 0.997310 0.058713 -0.043872 20.600548
-0.035146 0.057610 -0.997720 -60.910755 -0.055350 0.996693 0.059501 1.474598 0.997848 0.057315 -0.031841 20.524040
-0.030131 0.053346 -0.998121 -62.053696 -0.055282 0.996957 0.054953 1.521009 0.998016 0.056834 -0.027091 20.473694
-0.025957 0.049173 -0.998453 -63.209690 -0.054804 0.997217 0.050537 1.555421 0.998160 0.056031 -0.023190 20.434069
-0.022551 0.048343 -0.998576 -64.361557 -0.055831 0.997211 0.049538 1.594263 0.998186 0.056869 -0.019789 20.389776
-0.022551 0.048343 -0.998576 -64.361557 -0.055831 0.997211 0.049538 1.594263 0.998186 0.056869 -0.019789 20.389776
-0.016042 0.050235 -0.998609 -66.666382 -0.054878 0.997187 0.051045 1.653290 0.998364 0.055621 -0.013240 20.370632
-0.014796 0.050033 -0.998638 -67.836891 -0.056546 0.997107 0.050794 1.690810 0.998290 0.057221 -0.011924 20.333570
-0.014029 0.051152 -0.998592 -69.020615 -0.057938 0.996971 0.051883 1.726297 0.998222 0.058584 -0.011023 20.303047
-0.013325 0.050784 -0.998621 -70.205711 -0.058322 0.996970 0.051478 1.762231 0.998209 0.058927 -0.010323 20.273142
-0.013325 0.050784 -0.998621 -70.205711 -0.058322 0.996970 0.051478 1.762231 0.998209 0.058927 -0.010323 20.273142
-0.011198 0.048972 -0.998737 -72.554535 -0.056857 0.997153 0.049532 1.840675 0.998320 0.057340 -0.008382 20.250399
-0.010988 0.048875 -0.998744 -73.751694 -0.054060 0.997315 0.049399 1.875051 0.998477 0.054534 -0.008316 20.244749
-0.011015 0.049928 -0.998692 -74.957123 -0.051762 0.997385 0.050433 1.906700 0.998599 0.052250 -0.008402 20.235601
-0.011277 0.052692 -0.998547 -76.162277 -0.051504 0.997254 0.053205 1.938812 0.998609 0.052029 -0.008532 20.219934
-0.011277 0.052692 -0.998547 -76.162277 -0.051504 0.997254 0.053205 1.938812 0.998609 0.052029 -0.008532 20.219934
-0.010244 0.055139 -0.998426 -78.471336 -0.054310 0.996974 0.055616 2.013112 0.998472 0.054794 -0.007219 20.176882
-0.010265 0.053123 -0.998535 -79.660965 -0.055577 0.997014 0.053613 2.055830 0.998402 0.056046 -0.007282 20.153486
-0.010058 0.051437 -0.998626 -80.847954 -0.055496 0.997108 0.051918 2.094559 0.998408 0.055942 -0.007175 20.134773
-0.009759 0.050696 -0.998666 -82.031242 -0.054884 0.997181 0.051157 2.131219 0.998445 0.055310 -0.006949 20.123161
-0.009375 0.051745 -0.998616 -83.173676 -0.052931 0.997234 0.052170 2.148777 0.998554 0.053347 -0.006610 20.113317
-0.009375 0.051745 -0.998616 -83.173676 -0.052931 0.997234 0.052170 2.148777 0.998554 0.053347 -0.006610 20.113317
-0.009375 0.051745 -0.998616 -83.173676 -0.052931 0.997234 0.052170 2.148777 0.998554 0.053347 -0.006610 20.113317
-0.009375 0.051745 -0.998616 -83.173676 -0.052931 0.997234 0.052170 2.148777 0.998554 0.053347 -0.006610 20.113317
-0.009375 0.051745 -0.998616 -83.173676 -0.052931 0.997234 0.052170 2.148777 0.998554 0.053347 -0.006610 20.113317
-0.009525 0.054716 -0.998456 -87.903801 -0.054156 0.997008 0.055154 2.291949 0.998487 0.054597 -0.006534 20.053297
-0.008289 0.055493 -0.998425 -90.201462 -0.050926 0.997140 0.055844 2.369267 0.998668 0.051308 -0.005439 20.032845
-0.008367 0.058282 -0.998265 -91.384918 -0.050365 0.997008 0.058630 2.405283 0.998696 0.050769 -0.005407 20.029428
-0.008228 0.060527 -0.998133 -92.565994 -0.048570 0.996964 0.060857 2.440434 0.998786 0.048980 -0.005263 20.027687
-0.007985 0.061856 -0.998053 -93.731377 -0.049136 0.996855 0.062175 2.486300 0.998760 0.049537 -0.004921 20.012188
-0.007985 0.061856 -0.998053 -93.731377 -0.049136 0.996855 0.062175 2.486300 0.998760 0.049537 -0.004921 20.012188
-0.007324 0.063882 -0.997931 -96.002983 -0.049717 0.996700 0.064168 2.590476 0.998737 0.050084 -0.004124 19.958826
-0.007571 0.060540 -0.998137 -97.154816 -0.052359 0.996772 0.060855 2.630385 0.998600 0.052722 -0.004376 19.943613
-0.007422 0.058741 -0.998246 -98.311928 -0.054515 0.996765 0.059059 2.674045 0.998485 0.054857 -0.004196 19.930264
-0.007889 0.057473 -0.998316 -99.466995 -0.055261 0.996796 0.057822 2.715823 0.998441 0.055624 -0.004688 19.924614
-0.007889 0.057473 -0.998316 -99.466995 -0.055261 0.996796 0.057822 2.715823 0.998441 0.055624 -0.004688 19.924614
-0.006722 0.059451 -0.998209 -101.767136 -0.054288 0.996737 0.059729 2.806208 0.998503 0.054592 -0.003473 19.890738
-0.007132 0.060726 -0.998129 -102.955986 -0.052880 0.996735 0.061019 2.848868 0.998575 0.053216 -0.003898 19.887421
-0.008003 0.060659 -0.998126 -104.113457 -0.056017 0.996564 0.061014 2.890311 0.998398 0.056401 -0.004578 19.864212
-0.008710 0.060945 -0.998103 -105.279640 -0.059601 0.996335 0.061357 2.943304 0.998184 0.060022 -0.005046 19.839508
-0.008710 0.060945 -0.998103 -105.279640 -0.059601 0.996335 0.061357 2.943304 0.998184 0.060022 -0.005046 19.839508
-0.007828 0.058694 -0.998245 -107.591743 -0.062353 0.996305 0.059069 3.050012 0.998023 0.062706 -0.004139 19.800171
-0.008694 0.054599 -0.998470 -108.785179 -0.063681 0.996451 0.055044 3.096450 0.997932 0.064062 -0.005186 19.787756
-0.009826 0.053618 -0.998513 -109.978325 -0.061068 0.996665 0.054119 3.142585 0.998085 0.061509 -0.006519 19.781412
-0.010712 0.053064 -0.998534 -111.177025 -0.057616 0.996899 0.053595 3.179950 0.998281 0.058105 -0.007622 19.778576
-0.009775 0.053854 -0.998501 -112.349464 -0.056483 0.996925 0.054322 3.228584 0.998356 0.056929 -0.006703 19.754219
-0.009775 0.053854 -0.998501 -112.349464 -0.056483 0.996925 0.054322 3.228584 0.998356 0.056929 -0.006703 19.754219
-0.009775 0.053854 -0.998501 -112.349464 -0.056483 0.996925 0.054322 3.228584 0.998356 0.056929 -0.006703 19.754219
-0.009775 0.053854 -0.998501 -112.349464 -0.056483 0.996925 0.054322 3.228584 0.998356 0.056929 -0.006703 19.754219
-0.009775 0.053854 -0.998501 -112.349464 -0.056483 0.996925 0.054322 3.228584 0.998356 0.056929 -0.006703 19.754219
-0.014734 0.051092 -0.998585 -117.224838 -0.055633 0.997105 0.051837 3.404806 0.998343 0.056319 -0.011849 19.701771
-0.014841 0.050600 -0.998609 -119.742355 -0.054913 0.997170 0.051343 3.486952 0.998381 0.055599 -0.012021 19.654755
-0.015855 0.054766 -0.998373 -121.008575 -0.059378 0.996685 0.055616 3.532194 0.998110 0.060163 -0.012550 19.615843
-0.016497 0.058224 -0.998167 -122.282127 -0.064817 0.996141 0.059177 3.580090 0.997761 0.065674 -0.012659 19.573614
-0.017173 0.058090 -0.998164 -123.549446 -0.071248 0.995702 0.059173 3.633083 0.997311 0.072133 -0.012961 19.520117
-0.017173 0.058090 -0.998164 -123.549446 -0.071248 0.995702 0.059173 3.633083 0.997311 0.072133 -0.012961 19.520117
-0.015902 0.056340 -0.998285 -126.066338 -0.076588 0.995409 0.057398 3.731002 0.996936 0.077369 -0.011514 19.437906
-0.017152 0.055760 -0.998297 -127.333839 -0.077165 0.995392 0.056923 3.778096 0.996871 0.078010 -0.012770 19.410398
-0.017978 0.055295 -0.998308 -128.590347 -0.076105 0.995497 0.056510 3.821775 0.996938 0.076992 -0.013689 19.390730
-0.019007 0.055913 -0.998255 -129.853180 -0.076338 0.995439 0.057209 3.865161 0.996901 0.077293 -0.014652 19.357470
-0.019007 0.055913 -0.998255 -129.853180 -0.076338 0.995439 0.057209 3.865161 0.996901 0.077293 -0.014652 19.357470
-0.018549 0.062504 -0.997872 -132.351456 -0.074905 0.995152 0.063726 3.957309 0.997018 0.075928 -0.013777 19.310644
-0.018455 0.061783 -0.997919 -133.613464 -0.074802 0.995206 0.062998 4.004593 0.997028 0.075809 -0.013745 19.277094
-0.018172 0.060344 -0.998012 -134.860916 -0.075816 0.995220 0.061556 4.052501 0.996956 0.076784 -0.013510 19.250761
-0.017643 0.059965 -0.998045 -136.119110 -0.076205 0.995216 0.061142 4.099109 0.996936 0.077135 -0.012989 19.225883
-0.017643 0.059965 -0.998045 -136.119110 -0.076205 0.995216 0.061142 4.099109 0.996936 0.077135 -0.012989 19.225883
-0.015015 0.063240 -0.997885 -138.627548 -0.073755 0.995209 0.064180 4.199564 0.997163 0.074563 -0.010279 19.186789
-0.014444 0.066328 -0.997693 -139.881149 -0.074611 0.994944 0.067226 4.257370 0.997108 0.075410 -0.009422 19.169476
-0.013940 0.067347 -0.997632 -141.131134 -0.075663 0.994797 0.068213 4.312984 0.997036 0.076435 -0.008772 19.144539
-0.013549 0.064963 -0.997796 -142.375961 -0.077334 0.994830 0.065820 4.368515 0.996913 0.078055 -0.008455 19.121197
-0.011856 0.062918 -0.997948 -143.581436 -0.076827 0.995011 0.063646 4.420232 0.996974 0.077424 -0.006963 19.083086
-0.011856 0.062918 -0.997948 -143.581436 -0.076827 0.995011 0.063646 4.420232 0.996974 0.077424 -0.006963 19.083086
-0.011856 0.062918 -0.997948 -143.581436 -0.076827 0.995011 0.063646 4.420232 0.996974 0.077424 -0.006963 19.083086
-0.011856 0.062918 -0.997948 -143.581436 -0.076827 0.995011 0.063646 4.420232 0.996974 0.077424 -0.006963 19.083086
-0.011856 0.062918 -0.997948 -143.581436 -0.076827 0.995011 0.063646 4.420232 0.996974 0.077424 -0.006963 19.083086
-0.013305 0.060520 -0.998078 -148.523697 -0.069145 0.995722 0.061298 4.616731 0.997518 0.069827 -0.009063 19.048716
-0.012980 0.062154 -0.997982 -151.009079 -0.066510 0.995802 0.062883 4.708531 0.997701 0.067192 -0.008792 18.987223
-0.013432 0.063454 -0.997894 -152.238495 -0.063494 0.995916 0.064183 4.761223 0.997892 0.064223 -0.009348 18.976898
-0.014298 0.062096 -0.997968 -153.474014 -0.061468 0.996127 0.062862 4.808264 0.998007 0.062242 -0.010426 18.970177
-0.015280 0.062240 -0.997944 -154.701965 -0.062474 0.996051 0.063078 4.861016 0.997930 0.063309 -0.011331 18.948479
-0.015280 0.062240 -0.997944 -154.701965 -0.062474 0.996051 0.063078 4.861016 0.997930 0.063309 -0.011331 18.948479
-0.013921 0.072442 -0.997275 -157.158875 -0.066976 0.995065 0.073216 4.962061 0.997657 0.067812 -0.009001 18.875467
-0.013181 0.072316 -0.997295 -158.389618 -0.070596 0.994825 0.073070 5.028479 0.997418 0.071368 -0.008007 18.841017
-0.012286 0.068687 -0.997563 -159.608780 -0.073679 0.994864 0.069408 5.097141 0.997206 0.074353 -0.007162 18.807178
-0.011642 0.063675 -0.997903 -160.818695 -0.075779 0.995044 0.064376 5.151844 0.997057 0.076370 -0.006759 18.777229
-0.011642 0.063675 -0.997903 -160.818695 -0.075779 0.995044 0.064376 5.151844 0.997057 0.076370 -0.006759 18.777229
-0.007822 0.061509 -0.998076 -163.278885 -0.075898 0.995191 0.061926 5.266543 0.997085 0.076236 -0.003115 18.762486
-0.008196 0.057430 -0.998316 -164.502686 -0.071760 0.995742 0.057871 5.317489 0.997388 0.072114 -0.004039 18.762064
-0.009146 0.054777 -0.998457 -165.724304 -0.067068 0.996216 0.055269 5.359061 0.997706 0.067470 -0.005437 18.761061
-0.010402 0.056977 -0.998321 -166.943192 -0.065140 0.996216 0.057536 5.403509 0.997822 0.065629 -0.006651 18.750872
-0.010402 0.056977 -0.998321 -166.943192 -0.065140 0.996216 0.057536 5.403509 0.997822 0.065629 -0.006651 18.750872
-0.006668 0.064227 -0.997913 -169.374741 -0.065651 0.995754 0.064527 5.485894 0.997820 0.065945 -0.002423 18.709974
-0.005622 0.062020 -0.998059 -170.587311 -0.066458 0.995845 0.062256 5.533298 0.997773 0.066679 -0.001477 18.686352
-0.005144 0.061597 -0.998088 -171.812637 -0.067707 0.995789 0.061804 5.586977 0.997692 0.067895 -0.000952 18.668800
-0.004744 0.062299 -0.998046 -173.034576 -0.067092 0.995789 0.062477 5.642312 0.997736 0.067257 -0.000545 18.662733
-0.001816 0.063617 -0.997973 -174.217056 -0.066508 0.995757 0.063597 5.682826 0.997784 0.066489 0.002423 18.670736
-0.001816 0.063617 -0.997973 -174.217056 -0.066508 0.995757 0.063597 5.682826 0.997784 0.066489 0.002423 18.670736
-0.001816 0.063617 -0.997973 -174.217056 -0.066508 0.995757 0.063597 5.682826 0.997784 0.066489 0.002423 18.670736
-0.001816 0.063617 -0.997973 -174.217056 -0.066508 0.995757 0.063597 5.682826 0.997784 0.066489 0.002423 18.670736
-0.001816 0.063617 -0.997973 -174.217056 -0.066508 0.995757 0.063597 5.682826 0.997784 0.066489 0.002423 18.670736
0.001498 0.066928 -0.997757 -178.747665 -0.069053 0.995383 0.066665 5.855414 0.997612 0.068798 0.006112 18.633530
0.003454 0.069586 -0.997570 -180.858841 -0.069255 0.995197 0.069180 5.925998 0.997593 0.068848 0.008257 18.653915
0.003814 0.069085 -0.997603 -181.858231 -0.069927 0.995187 0.068651 5.960654 0.997545 0.069497 0.008626 18.650192
0.005309 0.069284 -0.997583 -182.828217 -0.070819 0.995118 0.068736 5.993235 0.997475 0.070283 0.010189 18.648943
0.005929 0.069721 -0.997549 -183.770615 -0.071932 0.995012 0.069116 6.031974 0.997392 0.071346 0.010915 18.650290
0.005929 0.069721 -0.997549 -183.770615 -0.071932 0.995012 0.069116 6.031974 0.997392 0.071346 0.010915 18.650290
0.001402 0.066504 -0.997785 -185.680893 -0.067752 0.995500 0.066257 6.106224 0.997701 0.067509 0.005901 18.662342
-0.003494 0.063595 -0.997970 -186.590347 -0.066770 0.995734 0.063686 6.135814 0.997762 0.066857 0.000768 18.666086
-0.008309 0.061146 -0.998094 -187.489822 -0.067952 0.995787 0.061570 6.171697 0.997654 0.068334 -0.004119 18.650379
-0.012146 0.060297 -0.998107 -188.402588 -0.069257 0.995732 0.060996 6.210752 0.997525 0.069867 -0.007918 18.633224
-0.012146 0.060297 -0.998107 -188.402588 -0.069257 0.995732 0.060996 6.210752 0.997525 0.069867 -0.007918 18.633224
-0.015889 0.060861 -0.998020 -190.276810 -0.070853 0.995568 0.061840 6.292363 0.997360 0.071696 -0.011507 18.592169
-0.017721 0.062346 -0.997897 -191.197891 -0.067883 0.995676 0.063413 6.326009 0.997536 0.068864 -0.013412 18.587709
-0.019110 0.062838 -0.997841 -192.111130 -0.066603 0.995726 0.063980 6.360749 0.997597 0.067682 -0.014844 18.574026
-0.020055 0.062215 -0.997861 -193.016693 -0.066993 0.995735 0.063428 6.391451 0.997552 0.068122 -0.015801 18.549589
-0.020055 0.062215 -0.997861 -193.016693 -0.066993 0.995735 0.063428 6.391451 0.997552 0.068122 -0.015801 18.549589
-0.019643 0.061124 -0.997937 -194.839615 -0.070953 0.995528 0.062373 6.456368 0.997286 0.072032 -0.015218 18.481161
-0.018831 0.059950 -0.998024 -195.740158 -0.072588 0.995485 0.061167 6.494329 0.997184 0.073596 -0.014394 18.447834
-0.018363 0.057741 -0.998163 -196.644012 -0.072876 0.995598 0.058933 6.535185 0.997172 0.073824 -0.014074 18.420227
-0.018024 0.055429 -0.998300 -197.560791 -0.072733 0.995744 0.056600 6.574547 0.997189 0.073629 -0.013916 18.406574
-0.016756 0.054023 -0.998399 -198.476837 -0.075074 0.995653 0.055134 6.603098 0.997037 0.075878 -0.012627 18.379107
-0.016756 0.054023 -0.998399 -198.476837 -0.075074 0.995653 0.055134 6.603098 0.997037 0.075878 -0.012627 18.379107
-0.016756 0.054023 -0.998399 -198.476837 -0.075074 0.995653 0.055134 6.603098 0.997037 0.075878 -0.012627 18.379107
-0.016756 0.054023 -0.998399 -198.476837 -0.075074 0.995653 0.055134 6.603098 0.997037 0.075878 -0.012627 18.379107
-0.016756 0.054023 -0.998399 -198.476837 -0.075074 0.995653 0.055134 6.603098 0.997037 0.075878 -0.012627 18.379107
-0.015470 0.050806 -0.998589 -202.230133 -0.067644 0.996367 0.051741 6.748670 0.997590 0.068349 -0.011977 18.336588
-0.013640 0.055403 -0.998371 -204.138947 -0.071350 0.995865 0.056239 6.812701 0.997358 0.072000 -0.009630 18.276762
-0.012645 0.055241 -0.998393 -205.104858 -0.069974 0.995976 0.055994 6.851966 0.997469 0.070570 -0.008729 18.268229
-0.010968 0.056191 -0.998360 -206.087494 -0.069370 0.995972 0.056819 6.891092 0.997531 0.069879 -0.007026 18.257076
-0.009902 0.060581 -0.998114 -207.088394 -0.070174 0.995660 0.061128 6.934310 0.997486 0.070647 -0.005608 18.240141
-0.009902 0.060581 -0.998114 -207.088394 -0.070174 0.995660 0.061128 6.934310 0.997486 0.070647 -0.005608 18.240141
-0.005615 0.065961 -0.997806 -209.068466 -0.065634 0.995646 0.066188 7.016436 0.997828 0.065861 -0.001261 18.231647
-0.003551 0.066713 -0.997766 -210.079346 -0.068238 0.995430 0.066799 7.062866 0.997663 0.068323 0.001017 18.215927
-0.000809 0.067955 -0.997688 -211.103241 -0.069839 0.995248 0.067846 7.118851 0.997558 0.069732 0.003941 18.202938
0.002184 0.068006 -0.997683 -212.129883 -0.070466 0.995215 0.067684 7.168533 0.997512 0.070155 0.006966 18.198812
0.002184 0.068006 -0.997683 -212.129883 -0.070466 0.995215 0.067684 7.168533 0.997512 0.070155 0.006966 18.198812
0.008769 0.064881 -0.997854 -214.165588 -0.073495 0.995236 0.064065 7.268237 0.997257 0.072776 0.013495 18.180445
0.009887 0.063773 -0.997915 -215.194626 -0.073132 0.995338 0.062884 7.313973 0.997273 0.072358 0.014505 18.191587
0.011164 0.065822 -0.997769 -216.242996 -0.074155 0.995138 0.064819 7.357547 0.997184 0.073265 0.015990 18.205875
0.012310 0.068253 -0.997592 -217.300049 -0.075117 0.994912 0.067143 7.413991 0.997099 0.074110 0.017375 18.212664
0.012310 0.068253 -0.997592 -217.300049 -0.075117 0.994912 0.067143 7.413991 0.997099 0.074110 0.017375 18.212664
0.014758 0.065912 -0.997716 -219.429947 -0.075041 0.995084 0.064628 7.511850 0.997071 0.073916 0.019632 18.230202
0.014194 0.063246 -0.997897 -220.490005 -0.072872 0.995409 0.062052 7.559267 0.997240 0.071838 0.018738 18.257107
0.014017 0.062259 -0.997962 -221.558975 -0.071205 0.995588 0.061111 7.601109 0.997363 0.070203 0.018389 18.278423
0.013675 0.061326 -0.998024 -222.643784 -0.071935 0.995592 0.060191 7.649077 0.997316 0.070970 0.018026 18.291956
0.016498 0.061924 -0.997944 -223.740524 -0.071024 0.995632 0.060606 7.694845 0.997338 0.069878 0.020824 18.295567
0.016498 0.061924 -0.997944 -223.740524 -0.071024 0.995632 0.060606 7.694845 0.997338 0.069878 0.020824 18.295567
0.016498 0.061924 -0.997944 -223.740524 -0.071024 0.995632 0.060606 7.694845 0.997338 0.069878 0.020824 18.295567
0.016498 0.061924 -0.997944 -223.740524 -0.071024 0.995632 0.060606 7.694845 0.997338 0.069878 0.020824 18.295567
0.016498 0.061924 -0.997944 -223.740524 -0.071024 0.995632 0.060606 7.694845 0.997338 0.069878 0.020824 18.295567
0.011976 0.067386 -0.997655 -228.224152 -0.075448 0.994943 0.066297 7.899965 0.997078 0.074477 0.017000 18.353790
0.011596 0.068697 -0.997570 -230.526001 -0.079067 0.994576 0.067572 8.017755 0.996802 0.078092 0.016965 18.335453
0.009719 0.063957 -0.997905 -231.672318 -0.077915 0.994967 0.063010 8.075873 0.996913 0.077140 0.014654 18.347977
0.007363 0.057860 -0.998298 -232.818573 -0.075373 0.995517 0.057143 8.127422 0.997128 0.074824 0.011691 18.366570
0.005102 0.053741 -0.998542 -233.977814 -0.071988 0.995984 0.053235 8.172963 0.997392 0.071611 0.008951 18.384848
0.005102 0.053741 -0.998542 -233.977814 -0.071988 0.995984 0.053235 8.172963 0.997392 0.071611 0.008951 18.384848
0.002070 0.057267 -0.998357 -236.357086 -0.064344 0.996298 0.057015 8.245049 0.997926 0.064120 0.005747 18.418766
-0.000389 0.059790 -0.998211 -237.566757 -0.062803 0.996239 0.059696 8.292135 0.998026 0.062714 0.003367 18.427931
-0.002322 0.059217 -0.998242 -238.765289 -0.061158 0.996368 0.059249 8.340029 0.998125 0.061189 0.001308 18.430178
-0.004883 0.059498 -0.998216 -239.975204 -0.061373 0.996329 0.059686 8.391497 0.998103 0.061555 -0.001213 18.424004
-0.004883 0.059498 -0.998216 -239.975204 -0.061373 0.996329 0.059686 8.391497 0.998103 0.061555 -0.001213 18.424004
-0.008371 0.061360 -0.998081 -242.402786 -0.055872 0.996528 0.061733 8.493198 0.998403 0.056282 -0.004913 18.393017
-0.010614 0.059923 -0.998147 -243.632080 -0.055748 0.996615 0.060424 8.546050 0.998388 0.056285 -0.007237 18.379299
-0.013202 0.059619 -0.998134 -244.874802 -0.056449 0.996584 0.060273 8.599365 0.998318 0.057139 -0.009791 18.364635
-0.015454 0.060416 -0.998054 -246.118546 -0.056506 0.996525 0.061198 8.654194 0.998283 0.057342 -0.011986 18.346292
-0.015454 0.060416 -0.998054 -246.118546 -0.056506 0.996525 0.061198 8.654194 0.998283 0.057342 -0.011986 18.346292
-0.019808 0.062935 -0.997821 -248.614487 -0.057378 0.996300 0.063978 8.752229 0.998156 0.058520 -0.016124 18.270758
-0.022217 0.064176 -0.997691 -249.881805 -0.058666 0.996134 0.065382 8.809100 0.998030 0.059983 -0.018366 18.238506
-0.023631 0.064620 -0.997630 -251.142868 -0.060102 0.996012 0.065938 8.868123 0.997913 0.061518 -0.019653 18.202749
-0.024782 0.064823 -0.997589 -252.417923 -0.062740 0.995827 0.066267 8.927189 0.997722 0.064231 -0.020612 18.161621
-0.023928 0.066785 -0.997480 -253.651596 -0.063776 0.995632 0.068191 8.980741 0.997677 0.065247 -0.019564 18.112179
-0.023928 0.066785 -0.997480 -253.651596 -0.063776 0.995632 0.068191 8.980741 0.997677 0.065247 -0.019564 18.112179
-0.023928 0.066785 -0.997480 -253.651596 -0.063776 0.995632 0.068191 8.980741 0.997677 0.065247 -0.019564 18.112179
-0.023928 0.066785 -0.997480 -253.651596 -0.063776 0.995632 0.068191 8.980741 0.997677 0.065247 -0.019564 18.112179
-0.023928 0.066785 -0.997480 -253.651596 -0.063776 0.995632 0.068191 8.980741 0.997677 0.065247 -0.019564 18.112179
-0.026280 0.064457 -0.997574 -258.684662 -0.059994 0.996019 0.065937 9.205610 0.997853 0.061582 -0.022308 17.985922
-0.024402 0.065642 -0.997545 -261.177826 -0.058172 0.996058 0.066967 9.303922 0.998008 0.059664 -0.020487 17.931097
-0.024500 0.065784 -0.997533 -262.443756 -0.056484 0.996148 0.067080 9.362539 0.998103 0.057988 -0.020690 17.901346
-0.025528 0.067482 -0.997394 -263.700470 -0.052423 0.996256 0.068747 9.419794 0.998299 0.054041 -0.021895 17.882536
-0.026113 0.070597 -0.997163 -264.968140 -0.049205 0.996203 0.071818 9.477508 0.998447 0.050941 -0.022540 17.858673
-0.026113 0.070597 -0.997163 -264.968140 -0.049205 0.996203 0.071818 9.477508 0.998447 0.050941 -0.022540 17.858673
-0.022980 0.074135 -0.996983 -267.446533 -0.045237 0.996148 0.075116 9.598439 0.998712 0.046827 -0.019538 17.799900
-0.023805 0.073068 -0.997043 -268.682220 -0.047093 0.996136 0.074126 9.663357 0.998607 0.048718 -0.020272 17.765141
-0.024317 0.075448 -0.996853 -269.925354 -0.052599 0.995670 0.076642 9.726923 0.998320 0.054297 -0.020243 17.714540
-0.024413 0.080494 -0.996456 -271.184753 -0.057041 0.995017 0.081775 9.805811 0.998073 0.058835 -0.019700 17.662596
-0.024413 0.080494 -0.996456 -271.184753 -0.057041 0.995017 0.081775 9.805811 0.998073 0.058835 -0.019700 17.662596
-0.024330 0.075510 -0.996848 -273.603546 -0.061560 0.995138 0.076883 9.954803 0.997807 0.063236 -0.019564 17.568861
-0.024574 0.070101 -0.997237 -274.834167 -0.059311 0.995679 0.071453 10.020365 0.997937 0.060903 -0.020310 17.544722
-0.024870 0.069217 -0.997292 -276.077759 -0.055265 0.995979 0.070504 10.078817 0.998162 0.056869 -0.020945 17.524757
-0.023774 0.070533 -0.997226 -277.320160 -0.052362 0.996051 0.071699 10.127967 0.998345 0.053921 -0.019987 17.497334
-0.023774 0.070533 -0.997226 -277.320160 -0.052362 0.996051 0.071699 10.127967 0.998345 0.053921 -0.019987 17.497334
-0.020995 0.073887 -0.997046 -279.729462 -0.051538 0.995860 0.074884 10.246792 0.998450 0.052958 -0.017100 17.447798
-0.020203 0.075393 -0.996949 -280.962097 -0.052615 0.995691 0.076364 10.314334 0.998410 0.053997 -0.016149 17.411978
-0.019777 0.076326 -0.996887 -282.191742 -0.053391 0.995578 0.077286 10.381144 0.998378 0.054754 -0.015615 17.375353
-0.019401 0.075818 -0.996933 -283.420776 -0.053502 0.995613 0.076759 10.446280 0.998379 0.054827 -0.015260 17.351593
-0.018260 0.075714 -0.996962 -284.620148 -0.053783 0.995611 0.076597 10.510495 0.998386 0.055018 -0.014108 17.318022
-0.018260 0.075714 -0.996962 -284.620148 -0.053783 0.995611 0.076597 10.510495 0.998386 0.055018 -0.014108 17.318022
-0.018260 0.075714 -0.996962 -284.620148 -0.053783 0.995611 0.076597 10.510495 0.998386 0.055018 -0.014108 17.318022
-0.018260 0.075714 -0.996962 -284.620148 -0.053783 0.995611 0.076597 10.510495 0.998386 0.055018 -0.014108 17.318022
-0.018260 0.075714 -0.996962 -284.620148 -0.053783 0.995611 0.076597 10.510495 0.998386 0.055018 -0.014108 17.318022
-0.019158 0.074940 -0.997004 -289.530487 -0.055715 0.995557 0.075902 10.757787 0.998263 0.057002 -0.014898 17.218002
-0.017098 0.073939 -0.997116 -291.957275 -0.054412 0.995715 0.074768 10.903570 0.998372 0.055534 -0.013002 17.172348
-0.017417 0.071536 -0.997286 -293.187683 -0.054410 0.995891 0.072387 10.970004 0.998367 0.055523 -0.013453 17.149511
-0.017904 0.069043 -0.997453 -294.414246 -0.054511 0.996062 0.069925 11.032787 0.998353 0.055624 -0.014070 17.121672
-0.018455 0.067854 -0.997525 -295.646851 -0.055929 0.996062 0.068789 11.091896 0.998264 0.057060 -0.014587 17.095621
-0.018455 0.067854 -0.997525 -295.646851 -0.055929 0.996062 0.068789 11.091896 0.998264 0.057060 -0.014587 17.095621
-0.018557 0.068099 -0.997506 -298.077362 -0.062283 0.995661 0.069132 11.202306 0.997886 0.063410 -0.014235 16.992802
-0.019754 0.068527 -0.997454 -299.323090 -0.065079 0.995444 0.069678 11.265324 0.997685 0.066290 -0.015205 16.964745
-0.020224 0.068402 -0.997453 -300.561493 -0.066651 0.995345 0.069609 11.331060 0.997571 0.067889 -0.015571 16.926100
-0.020714 0.066596 -0.997565 -301.787292 -0.065957 0.995514 0.067829 11.390758 0.997607 0.067201 -0.016228 16.897850
-0.020714 0.066596 -0.997565 -301.787292 -0.065957 0.995514 0.067829 11.390758 0.997607 0.067201 -0.016228 16.897850
-0.021312 0.065751 -0.997608 -304.241455 -0.063215 0.995750 0.066979 11.505443 0.997772 0.064492 -0.017065 16.855160
-0.022184 0.067129 -0.997498 -305.492645 -0.060968 0.995795 0.068370 11.568854 0.997893 0.062332 -0.017998 16.833483
-0.023066 0.068284 -0.997399 -306.738403 -0.059543 0.995800 0.069552 11.625782 0.997959 0.060992 -0.018904 16.810226
-0.023753 0.067823 -0.997415 -307.977234 -0.059562 0.995828 0.069133 11.684505 0.997942 0.061050 -0.019614 16.774076
-0.023753 0.067823 -0.997415 -307.977234 -0.059562 0.995828 0.069133 11.684505 0.997942 0.061050 -0.019614 16.774076
-0.022745 0.066997 -0.997494 -310.442139 -0.061249 0.995784 0.068279 11.791074 0.997863 0.062648 -0.018545 16.679842
-0.022454 0.066983 -0.997501 -311.702179 -0.060211 0.995851 0.068227 11.850549 0.997933 0.061593 -0.018327 16.648911
