1.000000 0.000000 0.000000 0.000000 0.000000 1.000000 0.000000 0.000000 0.000000 0.000000 1.000000 0.000000
1.000000 0.000000 0.000000 0.000000 0.000000 1.000000 0.000000 0.000000 0.000000 0.000000 1.000000 0.000000
1.000000 0.000000 0.000000 0.000000 0.000000 1.000000 0.000000 0.000000 0.000000 0.000000 1.000000 0.000000
1.000000 0.000000 0.000000 0.000000 0.000000 1.000000 0.000000 0.000000 0.000000 0.000000 1.000000 0.000000
0.999850 -0.006629 0.016002 0.031794 0.006632 0.999978 -0.000157 -0.014740 -0.016000 0.000263 0.999872 0.877100
0.999936 -0.009822 0.005539 0.054520 0.009840 0.999946 -0.003236 -0.017509 -0.005507 0.003291 0.999979 1.493218
0.999912 -0.010797 -0.007758 0.056992 0.010757 0.999929 -0.005175 -0.027391 0.007813 0.005091 0.999957 1.813770
0.999650 -0.009314 -0.024748 0.044802 0.009179 0.999942 -0.005546 -0.037647 0.024798 0.005317 0.999678 2.144393
0.999001 -0.005115 -0.044398 0.018819 0.004877 0.999973 -0.005474 -0.048554 0.044425 0.005252 0.998999 2.492659
0.999001 -0.005115 -0.044398 0.018819 0.004877 0.999973 -0.005474 -0.048554 0.044425 0.005252 0.998999 2.492659
0.996304 -0.001684 -0.085884 -0.063634 0.000986 0.999966 -0.008171 -0.052550 0.085895 0.008056 0.996272 3.196555
0.994276 -0.002701 -0.106809 -0.096282 0.001854 0.999966 -0.008028 -0.058332 0.106827 0.007784 0.994247 3.573347
0.991959 -0.003600 -0.126510 -0.134196 0.002693 0.999969 -0.007336 -0.070203 0.126533 0.006936 0.991938 3.954300
0.989455 -0.002570 -0.144818 -0.195000 0.001591 0.999975 -0.006873 -0.082878 0.144832 0.006570 0.989434 4.346939
0.989455 -0.002570 -0.144818 -0.195000 0.001591 0.999975 -0.006873 -0.082878 0.144832 0.006570 0.989434 4.346939
0.985107 -0.001092 -0.171942 -0.378853 0.000050 0.999982 -0.006063 -0.106433 0.171945 0.005964 0.985088 5.196116
0.982932 -0.001952 -0.183957 -0.446777 0.000652 0.999974 -0.007125 -0.114355 0.183967 0.006883 0.982908 5.620804
0.981007 -0.004898 -0.193912 -0.518804 0.003200 0.999954 -0.009068 -0.126592 0.193947 0.008275 0.980977 6.062781
0.979320 -0.003699 -0.202283 -0.610881 0.001586 0.999942 -0.010610 -0.142303 0.202311 0.010070 0.979270 6.520720
0.979320 -0.003699 -0.202283 -0.610881 0.001586 0.999942 -0.010610 -0.142303 0.202311 0.010070 0.979270 6.520720
0.976464 -0.006206 -0.215593 -0.845569 0.002793 0.999866 -0.016133 -0.162670 0.215664 0.015151 0.976350 7.492882
0.974611 -0.009474 -0.223705 -0.939980 0.005597 0.999823 -0.017958 -0.173968 0.223835 0.016250 0.974492 7.982206
0.972755 -0.015052 -0.231346 -1.038655 0.010879 0.999754 -0.019302 -0.189266 0.231580 0.016259 0.972680 8.491903
0.970665 -0.014862 -0.239977 -1.158189 0.010213 0.999736 -0.020605 -0.220563 0.240220 0.017549 0.970560 9.021373
0.968598 -0.013407 -0.248272 -1.340579 0.007271 0.999645 -0.025616 -0.240404 0.248527 0.023006 0.968352 9.569366
0.968598 -0.013407 -0.248272 -1.340579 0.007271 0.999645 -0.025616 -0.240404 0.248527 0.023006 0.968352 9.569366
0.968598 -0.013407 -0.248272 -1.340579 0.007271 0.999645 -0.025616 -0.240404 0.248527 0.023006 0.968352 9.569366
0.968598 -0.013407 -0.248272 -1.340579 0.007271 0.999645 -0.025616 -0.240404 0.248527 0.023006 0.968352 9.569366
0.968598 -0.013407 -0.248272 -1.340579 0.007271 0.999645 -0.025616 -0.240404 0.248527 0.023006 0.968352 9.569366
0.959325 -0.014488 -0.281931 -1.935306 0.004952 0.999392 -0.034509 -0.336198 0.282260 0.031709 0.958814 11.787705
0.954873 -0.015492 -0.296609 -2.346393 0.002573 0.999033 -0.043897 -0.387529 0.297002 0.041153 0.953990 12.983598
0.953166 -0.016288 -0.302008 -2.534269 0.000861 0.998691 -0.051147 -0.427319 0.302446 0.048491 0.951932 13.583035
0.951794 -0.015959 -0.306324 -2.737264 -0.002192 0.998266 -0.058820 -0.461952 0.306732 0.056656 0.950108 14.185572
0.950410 -0.015617 -0.310608 -2.943982 -0.005484 0.997742 -0.066944 -0.504770 0.310953 0.065328 0.948178 14.803821
0.950410 -0.015617 -0.310608 -2.943982 -0.005484 0.997742 -0.066944 -0.504770 0.310953 0.065328 0.948178 14.803821
0.947665 -0.017070 -0.318809 -3.418881 -0.010088 0.996470 -0.083338 -0.605792 0.319106 0.082193 0.944148 16.048489
0.946036 -0.015112 -0.323710 -3.653377 -0.014626 0.995903 -0.089236 -0.667234 0.323732 0.089155 0.941939 16.693451
0.944127 -0.013100 -0.329322 -3.896895 -0.019326 0.995290 -0.094997 -0.732190 0.329015 0.096054 0.939427 17.353134
0.942440 -0.010376 -0.334214 -4.142774 -0.024408 0.994717 -0.099709 -0.806458 0.333483 0.102127 0.937208 18.026028
0.942440 -0.010376 -0.334214 -4.142774 -0.024408 0.994717 -0.099709 -0.806458 0.333483 0.102127 0.937208 18.026028
0.939098 -0.006100 -0.343595 -4.696668 -0.032314 0.993845 -0.105965 -0.970328 0.342127 0.110615 0.933120 19.407352
0.936846 -0.004761 -0.349711 -4.958129 -0.034331 0.993827 -0.105500 -1.060526 0.348054 0.110843 0.930899 20.112797
0.934644 -0.004319 -0.355560 -5.223640 -0.035076 0.993930 -0.104274 -1.152684 0.353852 0.109931 0.928819 20.834614
0.931639 -0.003858 -0.363366 -5.503157 -0.035824 0.994097 -0.102405 -1.243925 0.361616 0.108422 0.926001 21.571827
0.931639 -0.003858 -0.363366 -5.503157 -0.035824 0.994097 -0.102405 -1.243925 0.361616 0.108422 0.926001 21.571827
0.925300 -0.000748 -0.379236 -6.142585 -0.037535 0.994907 -0.093544 -1.419752 0.377375 0.100791 0.920559 23.089964
0.921680 0.002631 -0.387942 -6.460351 -0.040025 0.995286 -0.088341 -1.512934 0.385881 0.096949 0.917440 23.847193
0.917865 0.006694 -0.396835 -6.786610 -0.043849 0.995447 -0.084630 -1.602814 0.394462 0.095079 0.913980 24.605339
0.913953 0.007475 -0.405752 -7.122212 -0.044876 0.995560 -0.082741 -1.690085 0.403332 0.093830 0.910230 25.375235
0.910254 0.004925 -0.414021 -7.525202 -0.042654 0.995725 -0.081934 -1.766339 0.411848 0.092241 0.906572 26.144218
0.910254 0.004925 -0.414021 -7.525202 -0.042654 0.995725 -0.081934 -1.766339 0.411848 0.092241 0.906572 26.144218
0.910254 0.004925 -0.414021 -7.525202 -0.042654 0.995725 -0.081934 -1.766339 0.411848 0.092241 0.906572 26.144218
0.910254 0.004925 -0.414021 -7.525202 -0.042654 0.995725 -0.081934 -1.766339 0.411848 0.092241 0.906572 26.144218
0.910254 0.004925 -0.414021 -7.525202 -0.042654 0.995725 -0.081934 -1.766339 0.411848 0.092241 0.906572 26.144218
0.894392 0.008106 -0.447211 -9.040927 -0.046015 0.996198 -0.073970 -2.097653 0.444912 0.086737 0.891364 29.322714
0.886902 0.010885 -0.461829 -9.927923 -0.045415 0.996934 -0.063720 -2.223157 0.459719 0.077488 0.884677 30.941683
0.882950 0.009817 -0.469364 -10.354729 -0.043984 0.997114 -0.061885 -2.301011 0.467402 0.075286 0.880834 31.780363
0.879678 0.009895 -0.475467 -10.820797 -0.044060 0.997179 -0.060764 -2.372536 0.473525 0.074402 0.877632 32.626038
0.876630 0.011338 -0.481031 -11.304807 -0.045152 0.997249 -0.058780 -2.444252 0.479041 0.073248 0.874731 33.487904
0.876630 0.011338 -0.481031 -11.304807 -0.045152 0.997249 -0.058780 -2.444252 0.479041 0.073248 0.874731 33.487904
0.871244 0.004955 -0.490825 -12.252894 -0.037573 0.997688 -0.056623 -2.582944 0.489410 0.067774 0.869416 35.141376
0.869229 0.003994 -0.494393 -12.758410 -0.037080 0.997678 -0.057133 -2.652604 0.493017 0.067994 0.867359 36.012867
0.867986 0.004647 -0.496566 -13.277346 -0.038248 0.997611 -0.057520 -2.722319 0.495113 0.068920 0.866091 36.890316
0.867429 0.004730 -0.497539 -13.788045 -0.038179 0.997639 -0.057077 -2.793261 0.496094 0.068506 0.865562 37.775986
0.867429 0.004730 -0.497539 -13.788045 -0.038179 0.997639 -0.057077 -2.793261 0.496094 0.068506 0.865562 37.775986
0.866654 0.004992 -0.498884 -14.751346 -0.036903 0.997852 -0.054123 -2.918583 0.497542 0.065317 0.864977 39.474644
0.865804 0.003491 -0.500371 -15.251037 -0.035734 0.997854 -0.054870 -2.986947 0.499106 0.065388 0.864071 40.376129
0.864542 0.001808 -0.502557 -15.771196 -0.034665 0.997826 -0.056044 -3.059609 0.501363 0.065874 0.862726 41.287727
0.862894 0.003106 -0.505375 -16.304977 -0.035476 0.997887 -0.054439 -3.135316 0.504138 0.064904 0.861181 42.213310
0.862894 0.003106 -0.505375 -16.304977 -0.035476 0.997887 -0.054439 -3.135316 0.504138 0.064904 0.861181 42.213310
0.858472 0.003557 -0.512848 -17.436741 -0.031823 0.998419 -0.046345 -3.269491 0.511872 0.056106 0.857228 44.089233
0.854613 0.003755 -0.519252 -17.983988 -0.031302 0.998528 -0.044298 -3.343117 0.518322 0.054111 0.853472 45.005260
0.848949 0.000784 -0.528474 -18.536156 -0.029280 0.998533 -0.045554 -3.413740 0.527663 0.054147 0.847727 45.911274
0.842772 -0.002206 -0.538266 -19.094215 -0.028227 0.998435 -0.048288 -3.486486 0.537530 0.055889 0.841391 46.812717
0.836132 -0.004506 -0.548509 -19.704540 -0.026117 0.998505 -0.048014 -3.548531 0.547905 0.054472 0.834765 47.702862
0.836132 -0.004506 -0.548509 -19.704540 -0.026117 0.998505 -0.048014 -3.548531 0.547905 0.054472 0.834765 47.702862
0.836132 -0.004506 -0.548509 -19.704540 -0.026117 0.998505 -0.048014 -3.548531 0.547905 0.054472 0.834765 47.702862
0.836132 -0.004506 -0.548509 -19.704540 -0.026117 0.998505 -0.048014 -3.548531 0.547905 0.054472 0.834765 47.702862
0.836132 -0.004506 -0.548509 -19.704540 -0.026117 0.998505 -0.048014 -3.548531 0.547905 0.054472 0.834765 47.702862
0.817985 0.001467 -0.575238 -22.157238 -0.032628 0.998505 -0.043850 -3.818922 0.574314 0.054637 0.816810 51.234459
0.811249 -0.004818 -0.584681 -23.423555 -0.031115 0.998193 -0.051399 -3.947914 0.583872 0.059890 0.809634 52.897217
0.807511 -0.003497 -0.589842 -24.055569 -0.030940 0.998355 -0.048277 -4.020083 0.589041 0.057234 0.806074 53.776917
0.804362 -0.000362 -0.594139 -24.705709 -0.031777 0.998542 -0.043628 -4.091694 0.593289 0.053973 0.803178 54.658108
0.801087 0.001056 -0.598546 -25.356621 -0.031847 0.998657 -0.040860 -4.155927 0.597700 0.051794 0.800045 55.519630
0.801087 0.001056 -0.598546 -25.356621 -0.031847 0.998657 -0.040860 -4.155927 0.597700 0.051794 0.800045 55.519630
0.795385 0.002512 -0.606099 -26.694138 -0.034816 0.998530 -0.041552 -4.276333 0.605103 0.054152 0.794303 57.242043
0.792051 0.000629 -0.610454 -27.354023 -0.034739 0.998425 -0.044045 -4.340554 0.609465 0.056093 0.790826 58.100990
0.787696 0.000640 -0.616064 -28.018970 -0.035767 0.998360 -0.044695 -4.406343 0.615025 0.057241 0.786427 58.954887
0.783512 0.000810 -0.621376 -28.695505 -0.035906 0.998387 -0.043973 -4.472125 0.620338 0.056765 0.782278 59.806000
0.783512 0.000810 -0.621376 -28.695505 -0.035906 0.998387 -0.043973 -4.472125 0.620338 0.056765 0.782278 59.806000
0.772313 -0.001207 -0.635241 -30.077606 -0.034389 0.998452 -0.043707 -4.598177 0.634310 0.055601 0.771076 61.468357
0.767127 -0.001754 -0.641493 -30.771957 -0.034963 0.998396 -0.044541 -4.662623 0.640542 0.056597 0.765835 62.300903
0.762081 -0.002876 -0.647475 -31.486496 -0.034853 0.998358 -0.045457 -4.728090 0.646543 0.057208 0.760730 63.144524
0.756138 -0.003734 -0.654402 -32.196167 -0.035025 0.998320 -0.046167 -4.798165 0.653474 0.057829 0.754736 63.974804
0.756138 -0.003734 -0.654402 -32.196167 -0.035025 0.998320 -0.046167 -4.798165 0.653474 0.057829 0.754736 63.974804
0.742117 -0.008914 -0.670211 -33.677231 -0.030309 0.998442 -0.046840 -4.932764 0.669584 0.055074 0.740691 65.590172
0.735671 -0.008364 -0.677288 -34.406914 -0.030563 0.998495 -0.045528 -5.001152 0.676649 0.054194 0.734308 66.414055
0.729623 -0.008648 -0.683795 -35.190163 -0.030257 0.998533 -0.044913 -5.074759 0.683180 0.053459 0.728290 67.238091
0.723381 -0.009505 -0.690384 -35.966984 -0.030220 0.998511 -0.045412 -5.150345 0.689787 0.053714 0.722017 68.046814
0.716432 -0.011479 -0.697563 -36.749748 -0.029451 0.998476 -0.046678 -5.216804 0.697035 0.053986 0.715002 68.817604
0.716432 -0.011479 -0.697563 -36.749748 -0.029451 0.998476 -0.046678 -5.216804 0.697035 0.053986 0.715002 68.817604
0.716432 -0.011479 -0.697563 -36.749748 -0.029451 0.998476 -0.046678 -5.216804 0.697035 0.053986 0.715002 68.817604
0.716432 -0.011479 -0.697563 -36.749748 -0.029451 0.998476 -0.046678 -5.216804 0.697035 0.053986 0.715002 68.817604
0.716432 -0.011479 -0.697563 -36.749748 -0.029451 0.998476 -0.046678 -5.216804 0.697035 0.053986 0.715002 68.817604
0.695853 -0.008497 -0.718134 -39.913868 -0.035976 0.998262 -0.046671 -5.509801 0.717283 0.058311 0.694338 71.983559
0.684129 -0.015401 -0.729198 -41.622597 -0.031791 0.998197 -0.050908 -5.643804 0.728668 0.058009 0.682406 73.559593
0.678920 -0.015489 -0.734049 -42.458324 -0.033204 0.998107 -0.051771 -5.719123 0.733461 0.059521 0.677121 74.339249
0.673996 -0.014430 -0.738594 -43.309330 -0.034177 0.998130 -0.050689 -5.796095 0.737944 0.059407 0.672242 75.132484
0.669395 -0.014050 -0.742774 -44.177063 -0.034010 0.998193 -0.049531 -5.875855 0.742128 0.058418 0.667708 75.917717
0.669395 -0.014050 -0.742774 -44.177063 -0.034010 0.998193 -0.049531 -5.875855 0.742128 0.058418 0.667708 75.917717
0.659403 -0.016457 -0.751609 -45.960514 -0.032129 0.998230 -0.050044 -6.026656 0.751103 0.057148 0.657707 77.446823
0.655130 -0.017031 -0.755324 -46.843628 -0.031556 0.998257 -0.049879 -6.105046 0.754857 0.056512 0.653450 78.224403
0.651487 -0.016973 -0.758470 -47.724709 -0.031910 0.998252 -0.049748 -6.183981 0.757989 0.056613 0.649806 78.981415
0.647583 -0.019342 -0.761750 -48.610699 -0.029695 0.998278 -0.050593 -6.260375 0.761416 0.055383 0.645893 79.746712
0.647583 -0.019342 -0.761750 -48.610699 -0.029695 0.998278 -0.050593 -6.260375 0.761416 0.055383 0.645893 79.746712
0.638125 -0.029275 -0.769376 -50.472572 -0.019225 0.998360 -0.053933 -6.408544 0.769693 0.049207 0.636515 81.294701
0.631882 -0.032571 -0.774380 -51.383892 -0.015196 0.998404 -0.054394 -6.490002 0.774916 0.046137 0.630378 82.067924
0.624629 -0.036292 -0.780078 -52.307354 -0.011174 0.998402 -0.055397 -6.575531 0.780841 0.043319 0.623226 82.838127
0.615698 -0.037271 -0.787100 -53.234383 -0.009491 0.998458 -0.054704 -6.664217 0.787925 0.041151 0.614394 83.602036
0.615698 -0.037271 -0.787100 -53.234383 -0.009491 0.998458 -0.054704 -6.664217 0.787925 0.041151 0.614394 83.602036
0.596481 -0.034434 -0.801888 -55.206875 -0.010967 0.998636 -0.051040 -6.839110 0.802553 0.039239 0.595290 85.051903
0.586945 -0.035381 -0.808854 -56.182766 -0.012484 0.998530 -0.052737 -6.919969 0.809531 0.041052 0.585640 85.772049
0.577986 -0.037076 -0.815204 -57.165726 -0.012841 0.998430 -0.054513 -7.007516 0.815946 0.041976 0.576602 86.484108
0.569212 -0.037857 -0.821319 -58.166195 -0.013553 0.998372 -0.055411 -7.092725 0.822079 0.042672 0.567772 87.192574
0.556839 -0.040104 -0.829651 -59.235126 -0.008683 0.998498 -0.054094 -7.162441 0.830575 0.037325 0.555655 87.849854
0.556839 -0.040104 -0.829651 -59.235126 -0.008683 0.998498 -0.054094 -7.162441 0.830575 0.037325 0.555655 87.849854
0.556839 -0.040104 -0.829651 -59.235126 -0.008683 0.998498 -0.054094 -7.162441 0.830575 0.037325 0.555655 87.849854
0.556839 -0.040104 -0.829651 -59.235126 -0.008683 0.998498 -0.054094 -7.162441 0.830575 0.037325 0.555655 87.849854
0.556839 -0.040104 -0.829651 -59.235126 -0.008683 0.998498 -0.054094 -7.162441 0.830575 0.037325 0.555655 87.849854
0.517938 -0.040619 -0.854454 -63.433540 -0.012509 0.998406 -0.055045 -7.523925 0.855327 0.039198 0.516604 90.529495
0.496684 -0.043593 -0.866836 -65.635109 -0.010889 0.998346 -0.056446 -7.689373 0.867863 0.037475 0.495388 91.760361
0.487824 -0.041894 -0.871936 -66.742004 -0.012501 0.998410 -0.054965 -7.780883 0.872853 0.037713 0.486525 92.393562
0.479459 -0.040227 -0.876642 -67.846916 -0.012903 0.998518 -0.052877 -7.870074 0.877469 0.036664 0.478230 93.015991
0.471308 -0.040674 -0.881031 -68.961266 -0.012675 0.998520 -0.052879 -7.958642 0.881878 0.036089 0.470095 93.620529
0.471308 -0.040674 -0.881031 -68.961266 -0.012675 0.998520 -0.052879 -7.958642 0.881878 0.036089 0.470095 93.620529
0.456868 -0.045960 -0.888346 -71.197723 -0.007059 0.998446 -0.055286 -8.133257 0.889507 0.031529 0.455833 94.770981
0.451401 -0.048920 -0.890979 -72.322334 -0.005594 0.998321 -0.057647 -8.226105 0.892304 0.031006 0.450369 95.351303
0.446761 -0.052354 -0.893120 -73.445999 -0.003915 0.998162 -0.060470 -8.318158 0.894645 0.030512 0.445735 95.924820
0.442588 -0.053818 -0.895109 -74.592850 -0.001850 0.998141 -0.060927 -8.415070 0.896723 0.028622 0.441665 96.489174
0.442588 -0.053818 -0.895109 -74.592850 -0.001850 0.998141 -0.060927 -8.415070 0.896723 0.028622 0.441665 96.489174
0.433308 -0.049255 -0.899899 -76.903191 0.000326 0.998514 -0.054495 -8.616871 0.901246 0.023320 0.432680 97.583939
0.430613 -0.048965 -0.901208 -78.043633 0.002582 0.998590 -0.053022 -8.712699 0.902533 0.020505 0.430132 98.126228
0.427891 -0.049324 -0.902483 -79.182114 0.004119 0.998606 -0.052624 -8.804340 0.903821 0.018800 0.427498 98.661461
0.426271 -0.048779 -0.903279 -80.342651 0.005879 0.998673 -0.051156 -8.893078 0.904576 0.016495 0.425993 99.186752
0.426271 -0.048779 -0.903279 -80.342651 0.005879 0.998673 -0.051156 -8.893078 0.904576 0.016495 0.425993 99.186752
0.420214 -0.046698 -0.906223 -82.603920 0.009081 0.998841 -0.047260 -9.065292 0.907380 0.011630 0.420151 100.230965
0.418611 -0.047307 -0.906933 -83.724144 0.011022 0.998833 -0.047013 -9.145695 0.908099 0.009684 0.418644 100.736092
0.417200 -0.046680 -0.907615 -84.826447 0.013028 0.998885 -0.045385 -9.224039 0.908721 0.007110 0.417343 101.238960
0.415748 -0.045964 -0.908318 -85.918983 0.014433 0.998930 -0.043942 -9.305979 0.909365 0.005159 0.415966 101.741638
0.411873 -0.045223 -0.910118 -86.972595 0.018267 0.998977 -0.041371 -9.389231 0.911058 0.000414 0.412278 102.245445
0.411873 -0.045223 -0.910118 -86.972595 0.018267 0.998977 -0.041371 -9.389231 0.911058 0.000414 0.412278 102.245445
0.411873 -0.045223 -0.910118 -86.972595 0.018267 0.998977 -0.041371 -9.389231 0.911058 0.000414 0.412278 102.245445
0.411873 -0.045223 -0.910118 -86.972595 0.018267 0.998977 -0.041371 -9.389231 0.911058 0.000414 0.412278 102.245445
0.411873 -0.045223 -0.910118 -86.972595 0.018267 0.998977 -0.041371 -9.389231 0.911058 0.000414 0.412278 102.245445
0.413801 -0.048422 -0.909079 -91.148300 0.016696 0.998820 -0.045602 -9.700371 0.910214 0.003692 0.414121 104.099274
0.421490 -0.047676 -0.905579 -93.171608 0.013794 0.998839 -0.046165 -9.854282 0.906728 0.006966 0.421658 105.002258
0.427008 -0.047775 -0.902985 -94.165405 0.013021 0.998825 -0.046688 -9.928991 0.904154 0.008178 0.427128 105.459290
0.432795 -0.046439 -0.900296 -95.128159 0.011366 0.998874 -0.046060 -10.008781 0.901421 0.009702 0.432835 105.930038
0.440531 -0.045277 -0.896595 -96.103333 0.010314 0.998917 -0.045377 -10.085735 0.897678 0.010743 0.440521 106.395935
0.440531 -0.045277 -0.896595 -96.103333 0.010314 0.998917 -0.045377 -10.085735 0.897678 0.010743 0.440521 106.395935
0.459386 -0.042650 -0.887212 -98.059296 0.007043 0.998990 -0.044376 -10.209244 0.888209 0.014137 0.459223 107.325485
0.469059 -0.043037 -0.882118 -98.983833 0.005770 0.998940 -0.045669 -10.279852 0.883148 0.016332 0.468810 107.811943
0.479598 -0.043518 -0.876408 -99.896324 0.002745 0.998839 -0.048095 -10.348839 0.877484 0.020660 0.479161 108.293488
0.490648 -0.043993 -0.870247 -100.791328 0.001464 0.998765 -0.049665 -10.421201 0.871357 0.023094 0.490106 108.794830
0.490648 -0.043993 -0.870247 -100.791328 0.001464 0.998765 -0.049665 -10.421201 0.871357 0.023094 0.490106 108.794830
0.517521 -0.037967 -0.854828 -102.693497 -0.003501 0.998913 -0.046487 -10.564388 0.855663 0.027051 0.516826 109.835564
0.529358 -0.036082 -0.847631 -103.565994 -0.003833 0.998983 -0.044918 -10.631638 0.848390 0.027027 0.528682 110.377060
0.540842 -0.035669 -0.840368 -104.439384 -0.003914 0.998983 -0.044921 -10.700489 0.841115 0.027585 0.540152 110.935966
0.551131 -0.035551 -0.833661 -105.241837 -0.005029 0.998932 -0.045924 -10.767296 0.834404 0.029503 0.550364 111.492516
0.551131 -0.035551 -0.833661 -105.241837 -0.005029 0.998932 -0.045924 -10.767296 0.834404 0.029503 0.550364 111.492516
0.573958 -0.038280 -0.817989 -107.020660 -0.001166 0.998868 -0.047563 -10.902708 0.818884 0.028253 0.573264 112.641914
0.584457 -0.037796 -0.810544 -107.829140 -0.001010 0.998880 -0.047306 -10.975216 0.811424 0.028467 0.583764 113.221039
0.594451 -0.035026 -0.803369 -108.600403 -0.002418 0.998969 -0.045342 -11.044839 0.804128 0.028896 0.593753 113.788200
0.603417 -0.032540 -0.796761 -109.374336 -0.002177 0.999096 -0.042452 -11.110826 0.797423 0.027351 0.602801 114.374023
0.615559 -0.030386 -0.787505 -110.266655 -0.002964 0.999160 -0.040870 -11.174728 0.788085 0.027492 0.614952 114.996086
0.615559 -0.030386 -0.787505 -110.266655 -0.002964 0.999160 -0.040870 -11.174728 0.788085 0.027492 0.614952 114.996086
0.615559 -0.030386 -0.787505 -110.266655 -0.002964 0.999160 -0.040870 -11.174728 0.788085 0.027492 0.614952 114.996086
0.615559 -0.030386 -0.787505 -110.266655 -0.002964 0.999160 -0.040870 -11.174728 0.788085 0.027492 0.614952 114.996086
0.615559 -0.030386 -0.787505 -110.266655 -0.002964 0.999160 -0.040870 -11.174728 0.788085 0.027492 0.614952 114.996086
0.650761 -0.026249 -0.758829 -113.234245 -0.006412 0.999177 -0.040061 -11.420268 0.759256 0.030935 0.650057 117.388710
0.669345 -0.022690 -0.742605 -114.742744 -0.008538 0.999233 -0.038227 -11.554046 0.742903 0.031927 0.668638 118.707626
0.676916 -0.022048 -0.735730 -115.440575 -0.009341 0.999213 -0.038538 -11.609686 0.736001 0.032959 0.676177 119.330994
0.684170 -0.020560 -0.729033 -116.132187 -0.010197 0.999235 -0.037749 -11.665125 0.729251 0.033260 0.683437 119.958588
0.690793 -0.018193 -0.722824 -116.819572 -0.010670 0.999318 -0.035350 -11.716674 0.722974 0.032132 0.690128 120.598106
0.690793 -0.018193 -0.722824 -116.819572 -0.010670 0.999318 -0.035350 -11.716674 0.722974 0.032132 0.690128 120.598106
0.707263 -0.012361 -0.706842 -118.208244 -0.014127 0.999400 -0.031613 -11.829852 0.706809 0.032344 0.706664 121.918602
0.714441 -0.011425 -0.699602 -118.842522 -0.014644 0.999403 -0.031276 -11.878823 0.699542 0.032590 0.713848 122.546867
0.722169 -0.008776 -0.691661 -119.472130 -0.016938 0.999395 -0.030366 -11.924230 0.691509 0.033645 0.721584 123.170448
0.730814 -0.005833 -0.682552 -120.082748 -0.017624 0.999469 -0.027411 -11.971527 0.682349 0.032062 0.730323 123.801056
0.730814 -0.005833 -0.682552 -120.082748 -0.017624 0.999469 -0.027411 -11.971527 0.682349 0.032062 0.730323 123.801056
0.751615 -0.000211 -0.659602 -121.296776 -0.020324 0.999518 -0.023480 -12.069198 0.659289 0.031054 0.751248 125.101585
0.761451 0.000237 -0.648223 -121.851097 -0.021464 0.999461 -0.024847 -12.104890 0.647867 0.032834 0.761045 125.728592
0.771148 -0.000387 -0.636656 -122.404488 -0.021332 0.999423 -0.026446 -12.142298 0.636298 0.033975 0.770695 126.358101
0.780731 0.000112 -0.624867 -122.925926 -0.021445 0.999416 -0.026614 -12.178926 0.624499 0.034179 0.780278 126.991020
0.780731 0.000112 -0.624867 -122.925926 -0.021445 0.999416 -0.026614 -12.178926 0.624499 0.034179 0.780278 126.991020
0.801356 0.004878 -0.598167 -123.967697 -0.022451 0.999507 -0.021926 -12.267682 0.597766 0.031000 0.801071 128.345673
0.810371 0.005988 -0.585886 -124.462967 -0.021958 0.999556 -0.020156 -12.300413 0.585505 0.029199 0.810143 129.003845
0.819104 0.007316 -0.573598 -124.945381 -0.021442 0.999610 -0.017869 -12.334196 0.573244 0.026936 0.818942 129.668228
0.826716 0.007998 -0.562563 -125.419037 -0.020700 0.999654 -0.016207 -12.365870 0.562239 0.025044 0.826596 130.346939
0.835921 0.008759 -0.548779 -125.892822 -0.019834 0.999702 -0.014255 -12.389565 0.548491 0.022800 0.835846 131.123901
0.835921 0.008759 -0.548779 -125.892822 -0.019834 0.999702 -0.014255 -12.389565 0.548491 0.022800 0.835846 131.123901
0.835921 0.008759 -0.548779 -125.892822 -0.019834 0.999702 -0.014255 -12.389565 0.548491 0.022800 0.835846 131.123901
0.835921 0.008759 -0.548779 -125.892822 -0.019834 0.999702 -0.014255 -12.389565 0.548491 0.022800 0.835846 131.123901
0.835921 0.008759 -0.548779 -125.892822 -0.019834 0.999702 -0.014255 -12.389565 0.548491 0.022800 0.835846 131.123901
0.861602 0.012558 -0.507428 -127.697197 -0.022427 0.999659 -0.013341 -12.503585 0.507088 0.022875 0.861591 133.884628
0.873641 0.010972 -0.486448 -128.565231 -0.020590 0.999684 -0.014430 -12.549202 0.486136 0.022622 0.873590 135.466919
0.877817 0.010411 -0.478883 -128.984146 -0.019952 0.999691 -0.014839 -12.579696 0.478581 0.022581 0.877753 136.217712
0.881121 0.011093 -0.472761 -129.403534 -0.020276 0.999692 -0.014332 -12.608124 0.472456 0.022214 0.881074 136.974548
0.884232 0.012974 -0.466868 -129.830750 -0.020526 0.999728 -0.011094 -12.636669 0.466597 0.019393 0.884258 137.751907
0.884232 0.012974 -0.466868 -129.830750 -0.020526 0.999728 -0.011094 -12.636669 0.466597 0.019393 0.884258 137.751907
0.891038 0.020185 -0.453479 -130.684525 -0.024563 0.999691 -0.003766 -12.695679 0.453263 0.014494 0.891259 139.395737
0.894219 0.022573 -0.447059 -131.121094 -0.026080 0.999658 -0.001692 -12.714289 0.446868 0.013172 0.894503 140.201248
0.897254 0.024531 -0.440833 -131.548874 -0.027163 0.999631 0.000340 -12.722363 0.440679 0.011670 0.897589 141.015884
0.900769 0.025748 -0.433535 -131.978653 -0.027165 0.999627 0.002929 -12.733641 0.433449 0.009139 0.901132 141.855118
0.900769 0.025748 -0.433535 -131.978653 -0.027165 0.999627 0.002929 -12.733641 0.433449 0.009139 0.901132 141.855118
0.907968 0.026055 -0.418230 -132.781052 -0.026105 0.999644 0.005603 -12.761136 0.418227 0.005831 0.908324 143.627731
0.911694 0.025395 -0.410085 -133.188736 -0.025381 0.999663 0.005479 -12.761879 0.410086 0.005413 0.912031 144.500610
0.915719 0.023117 -0.401154 -133.583328 -0.023068 0.999722 0.004953 -12.775476 0.401157 0.004718 0.915997 145.394943
0.919835 0.021551 -0.391714 -133.981247 -0.021812 0.999755 0.003785 -12.781848 0.391699 0.005062 0.920079 146.290497
0.919835 0.021551 -0.391714 -133.981247 -0.021812 0.999755 0.003785 -12.781848 0.391699 0.005062 0.920079 146.290497
0.930105 0.022375 -0.366611 -134.752945 -0.023511 0.999723 0.001367 -12.821521 0.366540 0.007348 0.930373 148.183075
0.936043 0.025584 -0.350954 -135.142548 -0.026496 0.999646 0.002204 -12.837152 0.350886 0.007236 0.936390 149.113785
0.942381 0.029429 -0.333244 -135.522766 -0.029569 0.999552 0.004653 -12.840763 0.333232 0.005469 0.942829 150.065704
0.948719 0.032256 -0.314470 -135.887878 -0.031959 0.999471 0.006100 -12.852113 0.314500 0.004263 0.949248 151.035507
0.955872 0.034859 -0.291707 -136.210052 -0.034221 0.999388 0.007291 -12.872137 0.291783 0.003014 0.956480 152.126068
0.955872 0.034859 -0.291707 -136.210052 -0.034221 0.999388 0.007291 -12.872137 0.291783 0.003014 0.956480 152.126068
0.955872 0.034859 -0.291707 -136.210052 -0.034221 0.999388 0.007291 -12.872137 0.291783 0.003014 0.956480 152.126068
0.955872 0.034859 -0.291707 -136.210052 -0.034221 0.999388 0.007291 -12.872137 0.291783 0.003014 0.956480 152.126068
0.955872 0.034859 -0.291707 -136.210052 -0.034221 0.999388 0.007291 -12.872137 0.291783 0.003014 0.956480 152.126068
0.977640 0.040954 -0.206257 -137.373459 -0.038130 0.999117 0.017649 -12.887322 0.206798 -0.009389 0.978339 156.295593
0.985942 0.044638 -0.161017 -137.805405 -0.041807 0.998906 0.020929 -12.891001 0.161775 -0.013904 0.986730 158.616013
0.989220 0.044537 -0.139499 -137.992722 -0.042317 0.998927 0.018841 -12.883160 0.140189 -0.012735 0.990043 159.739380
0.991914 0.044559 -0.118832 -138.162689 -0.042767 0.998930 0.017585 -12.875527 0.119489 -0.012360 0.992759 160.870697
0.994125 0.043447 -0.099136 -138.305939 -0.041788 0.998951 0.018753 -12.871955 0.099846 -0.014500 0.994897 162.037155
0.994125 0.043447 -0.099136 -138.305939 -0.041788 0.998951 0.018753 -12.871955 0.099846 -0.014500 0.994897 162.037155
0.997375 0.044029 -0.057478 -138.487518 -0.042873 0.998855 0.021207 -12.866278 0.058346 -0.018687 0.998122 164.510712
0.998277 0.045122 -0.037522 -138.573944 -0.044334 0.998784 0.021562 -12.858932 0.038450 -0.019862 0.999063 165.699646
0.998816 0.045437 -0.017388 -138.634842 -0.045054 0.998747 0.021776 -12.849132 0.018356 -0.020967 0.999612 166.912491
0.998904 0.046746 0.002532 -138.683121 -0.046789 0.998680 0.021214 -12.844357 -0.001537 -0.021310 0.999772 168.102722
0.998904 0.046746 0.002532 -138.683121 -0.046789 0.998680 0.021214 -12.844357 -0.001537 -0.021310 0.999772 168.102722
0.997878 0.048688 0.043240 -138.625626 -0.049522 0.998603 0.018429 -12.834884 -0.042282 -0.020531 0.998895 170.663345
0.996846 0.049922 0.061697 -138.586121 -0.050990 0.998573 0.015852 -12.833051 -0.060817 -0.018948 0.997969 171.917191
0.995513 0.050571 0.079971 -138.524094 -0.051845 0.998558 0.013933 -12.826870 -0.079151 -0.018016 0.996700 173.180588
0.993889 0.050151 0.098329 -138.445221 -0.051501 0.998610 0.011240 -12.832488 -0.097629 -0.016235 0.995090 174.468216
0.993889 0.050151 0.098329 -138.445221 -0.051501 0.998610 0.011240 -12.832488 -0.097629 -0.016235 0.995090 174.468216
0.989346 0.052163 0.135917 -138.106155 -0.052508 0.998620 -0.001048 -12.858372 -0.135785 -0.006099 0.990720 177.107132
0.986765 0.054475 0.152735 -137.947845 -0.054122 0.998513 -0.006471 -12.872409 -0.152861 -0.001881 0.988246 178.408340
0.983973 0.055928 0.169318 -137.766876 -0.054950 0.998434 -0.010458 -12.903373 -0.169637 0.000986 0.985506 179.707428
0.980723 0.058241 0.186522 -137.561493 -0.056715 0.998299 -0.013511 -12.936604 -0.186991 0.002673 0.982358 181.031693
0.976781 0.059469 0.205821 -137.228104 -0.057763 0.998228 -0.014297 -12.969314 -0.206306 0.002076 0.978485 182.465179
0.976781 0.059469 0.205821 -137.228104 -0.057763 0.998228 -0.014297 -12.969314 -0.206306 0.002076 0.978485 182.465179
0.976781 0.059469 0.205821 -137.228104 -0.057763 0.998228 -0.014297 -12.969314 -0.206306 0.002076 0.978485 182.465179
0.976781 0.059469 0.205821 -137.228104 -0.057763 0.998228 -0.014297 -12.969314 -0.206306 0.002076 0.978485 182.465179
0.976781 0.059469 0.205821 -137.228104 -0.057763 0.998228 -0.014297 -12.969314 -0.206306 0.002076 0.978485 182.465179
0.960427 0.060010 0.271992 -136.005112 -0.055449 0.998163 -0.024432 -13.156022 -0.272958 0.008383 0.961989 187.840958
0.949143 0.065231 0.308012 -135.184784 -0.059485 0.997836 -0.028018 -13.284825 -0.309173 0.008271 0.950970 190.569000
0.943382 0.066404 0.324993 -134.778412 -0.059316 0.997736 -0.031682 -13.342983 -0.326361 0.010611 0.945186 191.903503
0.937358 0.066688 0.341925 -134.337372 -0.058442 0.997699 -0.034375 -13.399384 -0.343431 0.012239 0.939098 193.232803
0.931038 0.066588 0.358795 -133.860809 -0.056248 0.997647 -0.039194 -13.473066 -0.360560 0.016309 0.932593 194.561310
0.931038 0.066588 0.358795 -133.860809 -0.056248 0.997647 -0.039194 -13.473066 -0.360560 0.016309 0.932593 194.561310
0.914178 0.072513 0.398773 -132.788757 -0.057687 0.997128 -0.049071 -13.646715 -0.401186 0.021856 0.915736 197.246964
0.903654 0.075355 0.421582 -132.225327 -0.059406 0.996937 -0.050861 -13.735750 -0.424124 0.020916 0.905363 198.579468
0.891572 0.078487 0.446026 -131.656906 -0.061240 0.996716 -0.052978 -13.832250 -0.448719 0.019919 0.893451 199.869049
0.878570 0.082396 0.470453 -131.041428 -0.063328 0.996406 -0.056248 -13.925046 -0.473397 0.019625 0.880631 201.148468
0.878570 0.082396 0.470453 -131.041428 -0.063328 0.996406 -0.056248 -13.925046 -0.473397 0.019625 0.880631 201.148468
0.849612 0.088378 0.519951 -129.589035 -0.065210 0.995898 -0.062721 -14.152203 -0.523362 0.019383 0.851890 203.793304
0.835087 0.089053 0.542863 -128.843521 -0.063961 0.995835 -0.064969 -14.264274 -0.546387 0.019532 0.837305 205.035553
0.820042 0.090086 0.565169 -128.072250 -0.061572 0.995689 -0.069370 -14.379255 -0.568982 0.022088 0.822053 206.253342
0.804846 0.091929 0.586320 -127.268456 -0.059701 0.995460 -0.074126 -14.505285 -0.590473 0.024656 0.806681 207.454590
0.804846 0.091929 0.586320 -127.268456 -0.059701 0.995460 -0.074126 -14.505285 -0.590473 0.024656 0.806681 207.454590
0.773635 0.095302 0.626423 -125.412094 -0.056521 0.995063 -0.081583 -14.789965 -0.631105 0.027709 0.775202 209.919785
0.759098 0.095759 0.643895 -124.493736 -0.054758 0.995009 -0.083422 -14.929838 -0.648669 0.028067 0.760553 211.071915
0.745012 0.095623 0.660161 -123.537926 -0.052488 0.995007 -0.084890 -15.076417 -0.664982 0.028594 0.746312 212.211884
0.731182 0.095789 0.675424 -122.550262 -0.049743 0.994943 -0.087255 -15.226532 -0.680367 0.030202 0.732249 213.333298
0.715615 0.096750 0.691762 -121.426025 -0.046553 0.994765 -0.090970 -15.405027 -0.696942 0.032896 0.716372 214.519119
0.715615 0.096750 0.691762 -121.426025 -0.046553 0.994765 -0.090970 -15.405027 -0.696942 0.032896 0.716372 214.519119
0.715615 0.096750 0.691762 -121.426025 -0.046553 0.994765 -0.090970 -15.405027 -0.696942 0.032896 0.716372 214.519119
0.715615 0.096750 0.691762 -121.426025 -0.046553 0.994765 -0.090970 -15.405027 -0.696942 0.032896 0.716372 214.519119
0.715615 0.096750 0.691762 -121.426025 -0.046553 0.994765 -0.090970 -15.405027 -0.696942 0.032896 0.716372 214.519119
0.658683 0.101388 0.745558 -117.164452 -0.042089 0.994293 -0.098029 -16.078335 -0.751243 0.033190 0.659191 218.695709
0.623509 0.104135 0.774850 -114.806824 -0.047123 0.994293 -0.095707 -16.478695 -0.780394 0.023161 0.624859 220.766937
0.606767 0.105331 0.787870 -113.646111 -0.048803 0.994248 -0.095337 -16.657368 -0.793380 0.019397 0.608417 221.721222
0.590199 0.107374 0.800085 -112.491219 -0.048768 0.994047 -0.097429 -16.828028 -0.805784 0.018484 0.591922 222.634048
0.573264 0.110341 0.811907 -111.324974 -0.050627 0.993768 -0.099310 -17.005320 -0.817805 0.015827 0.575277 223.507751
0.573264 0.110341 0.811907 -111.324974 -0.050627 0.993768 -0.099310 -17.005320 -0.817805 0.015827 0.575277 223.507751
0.532259 0.110329 0.839361 -108.920761 -0.052821 0.993868 -0.097142 -17.371622 -0.844932 0.007369 0.534823 225.191025
0.512295 0.107952 0.851998 -107.710060 -0.051891 0.994147 -0.094762 -17.542927 -0.857240 0.004335 0.514898 225.960464
0.492135 0.105976 0.864044 -106.502708 -0.051218 0.994368 -0.092788 -17.710869 -0.869011 0.001410 0.494791 226.705002
0.471716 0.104610 0.875523 -105.264748 -0.049726 0.994513 -0.092036 -17.876707 -0.880347 -0.000122 0.474329 227.424011
0.471716 0.104610 0.875523 -105.264748 -0.049726 0.994513 -0.092036 -17.876707 -0.880347 -0.000122 0.474329 227.424011
0.426868 0.102629 0.898471 -102.773750 -0.046464 0.994716 -0.091548 -18.208662 -0.903119 -0.002668 0.429381 228.710007
0.407094 0.102517 0.907615 -101.554222 -0.043893 0.994729 -0.092669 -18.362827 -0.912331 -0.002113 0.409448 229.290100
0.387441 0.101339 0.916308 -100.322601 -0.040354 0.994852 -0.092963 -18.521416 -0.921011 -0.000959 0.389536 229.846420
0.366879 0.099250 0.924959 -99.080460 -0.038401 0.995061 -0.091540 -18.679451 -0.929476 -0.001935 0.368878 230.386887
0.366879 0.099250 0.924959 -99.080460 -0.038401 0.995061 -0.091540 -18.679451 -0.929476 -0.001935 0.368878 230.386887
0.326684 0.102390 0.939571 -96.634666 -0.034250 0.994744 -0.096494 -18.993391 -0.944513 -0.000657 0.328474 231.328659
0.308248 0.110650 0.944849 -95.471428 -0.034399 0.993859 -0.105167 -19.139719 -0.950684 -0.000084 0.310162 231.747299
0.290611 0.117917 0.949548 -94.290131 -0.037146 0.993020 -0.111947 -19.300137 -0.956120 -0.002739 0.292962 232.147797
0.271963 0.121210 0.954643 -93.104332 -0.039501 0.992606 -0.114777 -19.466148 -0.961497 -0.006494 0.274740 232.527969
0.248271 0.123270 0.960815 -91.820015 -0.044829 0.992270 -0.115722 -19.675690 -0.967653 -0.014342 0.251877 232.927170
0.248271 0.123270 0.960815 -91.820015 -0.044829 0.992270 -0.115722 -19.675690 -0.967653 -0.014342 0.251877 232.927170
0.248271 0.123270 0.960815 -91.820015 -0.044829 0.992270 -0.115722 -19.675690 -0.967653 -0.014342 0.251877 232.927170
0.248271 0.123270 0.960815 -91.820015 -0.044829 0.992270 -0.115722 -19.675690 -0.967653 -0.014342 0.251877 232.927170
0.248271 0.123270 0.960815 -91.820015 -0.044829 0.992270 -0.115722 -19.675690 -0.967653 -0.014342 0.251877 232.927170
0.175796 0.122238 0.976808 -87.073830 -0.049540 0.992102 -0.115236 -20.340942 -0.983179 -0.028133 0.180463 234.079941
0.137358 0.124499 0.982666 -84.641243 -0.049758 0.991684 -0.118686 -20.671635 -0.989271 -0.032593 0.142411 234.498825
0.119207 0.125444 0.984913 -83.472755 -0.050228 0.991478 -0.120201 -20.842455 -0.991598 -0.035142 0.124492 234.675247
0.103859 0.122575 0.987010 -82.308449 -0.050280 0.991755 -0.117873 -21.004759 -0.993320 -0.037385 0.109165 234.836838
0.089832 0.118425 0.988891 -81.146942 -0.047367 0.992290 -0.114529 -21.171638 -0.994830 -0.036552 0.094749 234.964050
0.089832 0.118425 0.988891 -81.146942 -0.047367 0.992290 -0.114529 -21.171638 -0.994830 -0.036552 0.094749 234.964050
0.060871 0.110368 0.992025 -78.818039 -0.045183 0.993154 -0.107721 -21.499630 -0.997122 -0.038265 0.065441 235.145813
0.050998 0.109728 0.992652 -77.695747 -0.043595 0.993243 -0.107553 -21.647982 -0.997747 -0.037790 0.055438 235.216614
0.042988 0.111545 0.992829 -76.584221 -0.043490 0.993015 -0.109683 -21.796953 -0.998129 -0.038463 0.047539 235.275299
0.036505 0.113079 0.992915 -75.485680 -0.044528 0.992775 -0.111426 -21.940315 -0.998341 -0.040145 0.041276 235.336945
0.036505 0.113079 0.992915 -75.485680 -0.044528 0.992775 -0.111426 -21.940315 -0.998341 -0.040145 0.041276 235.336945
0.022763 0.127377 0.991593 -73.331451 -0.045127 0.990970 -0.126261 -22.242727 -0.998722 -0.041873 0.028305 235.431396
0.018227 0.129613 0.991397 -72.273430 -0.047562 0.990552 -0.128628 -22.400923 -0.998702 -0.044809 0.024219 235.470627
0.014436 0.122577 0.992354 -71.192886 -0.049467 0.991330 -0.121731 -22.560644 -0.998671 -0.047332 0.020374 235.498566
0.012350 0.113045 0.993513 -70.119560 -0.048407 0.992491 -0.112328 -22.713760 -0.998751 -0.046706 0.017730 235.518997
0.012350 0.113045 0.993513 -70.119560 -0.048407 0.992491 -0.112328 -22.713760 -0.998751 -0.046706 0.017730 235.518997
0.012243 0.108479 0.994023 -68.007423 -0.044373 0.993177 -0.107840 -22.988752 -0.998940 -0.042787 0.016973 235.591003
0.013404 0.111518 0.993672 -66.985443 -0.044488 0.992844 -0.110824 -23.120760 -0.998920 -0.042721 0.018270 235.609711
0.015315 0.113491 0.993421 -65.966469 -0.046337 0.992551 -0.112677 -23.261665 -0.998808 -0.044307 0.020460 235.636551
0.017923 0.114384 0.993275 -64.950775 -0.048619 0.992359 -0.113402 -23.401945 -0.998657 -0.046259 0.023347 235.668091
0.020407 0.116093 0.993029 -63.933666 -0.048466 0.992183 -0.114998 -23.528246 -0.998616 -0.045781 0.025874 235.713593
0.020407 0.116093 0.993029 -63.933666 -0.048466 0.992183 -0.114998 -23.528246 -0.998616 -0.045781 0.025874 235.713593
0.020407 0.116093 0.993029 -63.933666 -0.048466 0.992183 -0.114998 -23.528246 -0.998616 -0.045781 0.025874 235.713593
0.020407 0.116093 0.993029 -63.933666 -0.048466 0.992183 -0.114998 -23.528246 -0.998616 -0.045781 0.025874 235.713593
0.020407 0.116093 0.993029 -63.933666 -0.048466 0.992183 -0.114998 -23.528246 -0.998616 -0.045781 0.025874 235.713593
0.044565 0.117101 0.992120 -59.945366 -0.052516 0.992008 -0.114729 -24.054188 -0.997625 -0.046989 0.050358 235.875412
0.057315 0.117125 0.991462 -57.988476 -0.050678 0.992155 -0.114277 -24.336716 -0.997069 -0.043695 0.062801 235.991043
0.064392 0.117109 0.991029 -56.999203 -0.050874 0.992184 -0.113940 -24.475977 -0.996627 -0.043081 0.069846 236.060501
0.070565 0.116602 0.990669 -56.036968 -0.052504 0.992202 -0.113043 -24.605255 -0.996124 -0.044037 0.076137 236.137283
0.077257 0.115091 0.990346 -55.062122 -0.052978 0.992386 -0.111195 -24.732380 -0.995603 -0.043876 0.082766 236.213837
0.077257 0.115091 0.990346 -55.062122 -0.052978 0.992386 -0.111195 -24.732380 -0.995603 -0.043876 0.082766 236.213837
0.090006 0.112690 0.989545 -53.135914 -0.056815 0.992541 -0.107864 -24.999517 -0.994319 -0.046513 0.095737 236.416382
0.096576 0.114809 0.988682 -52.180641 -0.056989 0.992333 -0.109667 -25.128735 -0.993693 -0.045753 0.102379 236.515518
0.103397 0.116266 0.987821 -51.216228 -0.057706 0.992173 -0.110738 -25.255270 -0.992965 -0.045553 0.109297 236.615967
0.110254 0.117875 0.986889 -50.245632 -0.059378 0.991950 -0.111846 -25.388889 -0.992128 -0.046269 0.116366 236.731903
0.110254 0.117875 0.986889 -50.245632 -0.059378 0.991950 -0.111846 -25.388889 -0.992128 -0.046269 0.116366 236.731903
0.124281 0.119674 0.985004 -48.340397 -0.059170 0.991827 -0.113037 -25.620012 -0.990481 -0.044234 0.130346 237.009949
0.131609 0.117851 0.984271 -47.389652 -0.060671 0.992004 -0.110664 -25.746090 -0.989443 -0.045152 0.137707 237.141159
0.138723 0.116362 0.983471 -46.429943 -0.061131 0.992185 -0.108770 -25.874437 -0.988443 -0.045031 0.144752 237.284409
