1.000000 0.000000 0.000000 0.000000 0.000000 1.000000 0.000000 0.000000 0.000000 0.000000 1.000000 0.000000
1.000000 0.000000 0.000000 0.000000 0.000000 1.000000 0.000000 0.000000 0.000000 0.000000 1.000000 0.000000
1.000000 0.000000 0.000000 0.000000 0.000000 1.000000 0.000000 0.000000 0.000000 0.000000 1.000000 0.000000
1.000000 0.000000 0.000000 0.000000 0.000000 1.000000 0.000000 0.000000 0.000000 0.000000 1.000000 0.000000
0.998024 0.005051 0.062627 -0.043642 -0.005170 0.999985 0.001745 -0.004343 -0.062617 -0.002065 0.998035 0.370231
0.991059 0.001394 0.133417 0.001243 -0.002319 0.999974 0.006776 0.005757 -0.133404 -0.007025 0.991037 0.726185
0.985013 -0.001893 0.172471 0.059958 0.000503 0.999967 0.008098 0.000909 -0.172480 -0.007890 0.984981 0.918723
0.976395 -0.002550 0.215977 0.111272 0.000440 0.999952 0.009818 -0.002652 -0.215992 -0.009491 0.976349 1.132353
0.964821 -0.002647 0.262895 0.164054 -0.000808 0.999915 0.013034 0.001516 -0.262907 -0.012788 0.964736 1.358366
0.964821 -0.002647 0.262895 0.164054 -0.000808 0.999915 0.013034 0.001516 -0.262907 -0.012788 0.964736 1.358366
0.934164 -0.015354 0.356515 0.414945 0.005269 0.999559 0.029240 0.008983 -0.356806 -0.025436 0.933832 1.825216
0.913423 -0.021873 0.406423 0.543057 0.008361 0.999353 0.034993 -0.002007 -0.406926 -0.028566 0.913015 2.067526
0.888782 -0.024561 0.457672 0.675896 0.007266 0.999193 0.039510 -0.007639 -0.458273 -0.031790 0.888243 2.326342
0.861184 -0.027066 0.507573 0.832233 0.005310 0.999006 0.044262 0.010882 -0.508266 -0.035422 0.860471 2.584088
0.861184 -0.027066 0.507573 0.832233 0.005310 0.999006 0.044262 0.010882 -0.508266 -0.035422 0.860471 2.584088
0.793934 -0.039208 0.606738 1.241232 0.007405 0.998468 0.054832 0.021925 -0.607958 -0.039040 0.793009 3.032677
0.757116 -0.044447 0.651767 1.482096 0.008324 0.998258 0.058406 0.029552 -0.653227 -0.038794 0.756167 3.264706
0.718060 -0.048511 0.694288 1.741815 0.009090 0.998136 0.060341 0.046109 -0.695922 -0.037018 0.717163 3.501179
0.677440 -0.050998 0.733808 2.019573 0.007706 0.998031 0.062248 0.057576 -0.735538 -0.036515 0.676499 3.735132
0.677440 -0.050998 0.733808 2.019573 0.007706 0.998031 0.062248 0.057576 -0.735538 -0.036515 0.676499 3.735132
0.594332 -0.054216 0.802390 2.677937 -0.000559 0.997697 0.067826 0.084870 -0.804219 -0.040760 0.592933 4.238195
0.555229 -0.055725 0.829829 3.040373 -0.003311 0.997597 0.069207 0.110668 -0.831691 -0.041173 0.553710 4.468927
0.517635 -0.058678 0.853587 3.437242 -0.005048 0.997419 0.071627 0.131881 -0.855587 -0.041385 0.516003 4.692215
0.481044 -0.059630 0.874666 3.848679 -0.007959 0.997346 0.072371 0.156893 -0.876660 -0.041775 0.479293 4.927119
0.443606 -0.060152 0.894201 4.332779 -0.009559 0.997371 0.071834 0.183076 -0.896171 -0.040413 0.441865 5.151347
0.443606 -0.060152 0.894201 4.332779 -0.009559 0.997371 0.071834 0.183076 -0.896171 -0.040413 0.441865 5.151347
0.443606 -0.060152 0.894201 4.332779 -0.009559 0.997371 0.071834 0.183076 -0.896171 -0.040413 0.441865 5.151347
0.443606 -0.060152 0.894201 4.332779 -0.009559 0.997371 0.071834 0.183076 -0.896171 -0.040413 0.441865 5.151347
0.443606 -0.060152 0.894201 4.332779 -0.009559 0.997371 0.071834 0.183076 -0.896171 -0.040413 0.441865 5.151347
0.338088 -0.056900 0.939393 6.409985 -0.006837 0.997996 0.062910 0.316007 -0.941090 -0.027692 0.337022 5.956408
0.310342 -0.059218 0.948779 7.702527 -0.004838 0.997947 0.063869 0.370159 -0.950613 -0.024412 0.309418 6.347440
0.300441 -0.061350 0.951825 8.352962 -0.005974 0.997789 0.066198 0.403542 -0.953782 -0.025574 0.299410 6.553965
0.290764 -0.063179 0.954707 9.026796 -0.007284 0.997642 0.068238 0.444136 -0.956767 -0.026795 0.289618 6.765381
0.281294 -0.064994 0.957418 9.714067 -0.008127 0.997507 0.070104 0.487461 -0.959587 -0.027501 0.280065 6.973519
0.281294 -0.064994 0.957418 9.714067 -0.008127 0.997507 0.070104 0.487461 -0.959587 -0.027501 0.280065 6.973519
0.260268 -0.068950 0.963071 11.168178 -0.010232 0.997194 0.074158 0.561058 -0.965482 -0.029155 0.258832 7.376987
0.250676 -0.070476 0.965502 11.917279 -0.010637 0.997086 0.075544 0.605679 -0.968013 -0.029207 0.249196 7.567263
0.241324 -0.073299 0.967672 12.683705 -0.012475 0.996827 0.078618 0.651791 -0.970364 -0.031044 0.239644 7.781661
0.231594 -0.076998 0.969761 13.464044 -0.014496 0.996479 0.082581 0.703874 -0.972705 -0.033183 0.229662 7.981994
0.231594 -0.076998 0.969761 13.464044 -0.014496 0.996479 0.082581 0.703874 -0.972705 -0.033183 0.229662 7.981994
0.204956 -0.084245 0.975139 15.044444 -0.016723 0.995842 0.089549 0.789099 -0.978628 -0.034661 0.202695 8.327938
0.191978 -0.085090 0.977703 15.839136 -0.017093 0.995793 0.090020 0.842602 -0.981250 -0.033994 0.189716 8.494605
0.178304 -0.084576 0.980334 16.637890 -0.018009 0.995852 0.089190 0.899808 -0.983811 -0.033558 0.176041 8.652120
0.163063 -0.083997 0.983034 17.432091 -0.018929 0.995920 0.088238 0.956123 -0.986434 -0.032996 0.160808 8.795828
0.163063 -0.083997 0.983034 17.432091 -0.018929 0.995920 0.088238 0.956123 -0.986434 -0.032996 0.160808 8.795828
0.115873 -0.082942 0.989795 19.008669 -0.026121 0.995908 0.086512 1.049691 -0.992921 -0.035879 0.113232 9.011672
0.086690 -0.083147 0.992759 19.821993 -0.030435 0.995825 0.086062 1.104149 -0.995770 -0.037675 0.083798 9.107371
0.054334 -0.083398 0.995034 20.643963 -0.033552 0.995791 0.085293 1.158678 -0.997959 -0.038020 0.051307 9.173009
0.021300 -0.083226 0.996303 21.468943 -0.035503 0.995838 0.083946 1.211285 -0.999143 -0.037160 0.018257 9.208788
-0.014770 -0.082863 0.996451 22.293167 -0.038414 0.995871 0.082245 1.261275 -0.999153 -0.037063 -0.017893 9.189654
-0.014770 -0.082863 0.996451 22.293167 -0.038414 0.995871 0.082245 1.261275 -0.999153 -0.037063 -0.017893 9.189654
-0.014770 -0.082863 0.996451 22.293167 -0.038414 0.995871 0.082245 1.261275 -0.999153 -0.037063 -0.017893 9.189654
-0.014770 -0.082863 0.996451 22.293167 -0.038414 0.995871 0.082245 1.261275 -0.999153 -0.037063 -0.017893 9.189654
-0.014770 -0.082863 0.996451 22.293167 -0.038414 0.995871 0.082245 1.261275 -0.999153 -0.037063 -0.017893 9.189654
-0.140933 -0.069357 0.987587 25.606684 -0.036919 0.997217 0.064764 1.449098 -0.989331 -0.027333 -0.143101 8.929542
-0.202484 -0.058250 0.977552 27.248182 -0.026050 0.998197 0.054084 1.521862 -0.978939 -0.014514 -0.203637 8.559439
-0.229713 -0.052280 0.971853 28.060333 -0.018397 0.998611 0.049372 1.556994 -0.973084 -0.006537 -0.230356 8.355232
-0.254707 -0.041844 0.966113 28.862432 -0.013104 0.999121 0.039819 1.582945 -0.966930 -0.002518 -0.255031 8.138489
-0.279187 -0.026390 0.959874 29.639845 -0.008941 0.999650 0.024883 1.598578 -0.960195 -0.001635 -0.279325 7.917447
-0.279187 -0.026390 0.959874 29.639845 -0.008941 0.999650 0.024883 1.598578 -0.960195 -0.001635 -0.279325 7.917447
-0.331872 0.004463 0.943314 31.150957 -0.006842 0.999951 -0.007138 1.600600 -0.943300 -0.008823 -0.331825 7.378511
-0.356214 0.014084 0.934298 31.907400 -0.004932 0.999844 -0.016952 1.576401 -0.934391 -0.010646 -0.356089 7.101794
-0.379365 0.017483 0.925082 32.674301 -0.001947 0.999804 -0.019693 1.540387 -0.925245 -0.009272 -0.379257 6.792736
-0.401846 0.015963 0.915568 33.436054 -0.000451 0.999844 -0.017631 1.501400 -0.915707 -0.007498 -0.401777 6.477135
-0.401846 0.015963 0.915568 33.436054 -0.000451 0.999844 -0.017631 1.501400 -0.915707 -0.007498 -0.401777 6.477135
-0.441534 0.009342 0.897196 34.902020 0.006593 0.999953 -0.007167 1.413150 -0.897220 0.002751 -0.441574 5.729541
-0.454877 0.010388 0.890494 35.617237 0.010212 0.999927 -0.006449 1.383589 -0.890496 0.006160 -0.454950 5.355080
-0.466182 0.013432 0.884587 36.320240 0.012675 0.999884 -0.008503 1.349978 -0.884598 0.007249 -0.466298 4.976935
-0.476342 0.015576 0.879122 37.012707 0.014327 0.999848 -0.009953 1.323477 -0.879143 0.007854 -0.476493 4.600521
-0.476342 0.015576 0.879122 37.012707 0.014327 0.999848 -0.009953 1.323477 -0.879143 0.007854 -0.476493 4.600521
-0.499666 0.013620 0.866111 38.444870 0.008223 0.999906 -0.010981 1.269453 -0.866179 0.001635 -0.499731 3.837029
-0.508634 0.015054 0.860851 39.129440 0.009788 0.999884 -0.011702 1.251454 -0.860927 0.002474 -0.508722 3.429495
-0.515764 0.017794 0.856546 39.817646 0.012981 0.999832 -0.012955 1.223745 -0.856633 0.004437 -0.515908 3.009353
-0.519828 0.020801 0.854018 40.511768 0.014256 0.999776 -0.015674 1.200049 -0.854152 0.004027 -0.520008 2.588996
-0.519962 0.022780 0.853885 41.271687 0.013643 0.999738 -0.018363 1.172137 -0.854080 0.002101 -0.520137 2.155417
-0.519962 0.022780 0.853885 41.271687 0.013643 0.999738 -0.018363 1.172137 -0.854080 0.002101 -0.520137 2.155417
-0.519962 0.022780 0.853885 41.271687 0.013643 0.999738 -0.018363 1.172137 -0.854080 0.002101 -0.520137 2.155417
-0.519962 0.022780 0.853885 41.271687 0.013643 0.999738 -0.018363 1.172137 -0.854080 0.002101 -0.520137 2.155417
-0.519962 0.022780 0.853885 41.271687 0.013643 0.999738 -0.018363 1.172137 -0.854080 0.002101 -0.520137 2.155417
-0.496373 0.020003 0.867879 44.347553 0.010104 0.999800 -0.017265 1.053284 -0.868050 0.000199 -0.496476 0.352253
-0.485072 0.017269 0.874304 45.964314 0.005171 0.999844 -0.016879 0.997992 -0.874459 -0.003666 -0.485086 -0.522098
-0.482936 0.014229 0.875540 46.817551 -0.000027 0.999868 -0.016264 0.968200 -0.875656 -0.007878 -0.482872 -0.984038
-0.482693 0.012288 0.875703 47.676926 -0.002898 0.999874 -0.015628 0.938505 -0.875785 -0.010081 -0.482596 -1.453831
-0.483528 0.011060 0.875259 48.548462 -0.004681 0.999873 -0.015221 0.911913 -0.875316 -0.011457 -0.483415 -1.917589
-0.483528 0.011060 0.875259 48.548462 -0.004681 0.999873 -0.015221 0.911913 -0.875316 -0.011457 -0.483415 -1.917589
-0.484209 0.008911 0.874907 50.320431 -0.005382 0.999899 -0.013163 0.848007 -0.874936 -0.011083 -0.484112 -2.862910
-0.483725 0.008481 0.875179 51.223217 -0.005325 0.999906 -0.012633 0.820673 -0.875204 -0.010772 -0.483634 -3.364626
-0.483656 0.007746 0.875224 52.132271 -0.005894 0.999909 -0.012106 0.786318 -0.875239 -0.011014 -0.483566 -3.872621
-0.483415 0.006458 0.875368 53.042473 -0.007274 0.999909 -0.011394 0.758086 -0.875361 -0.011876 -0.483323 -4.373528
-0.483415 0.006458 0.875368 53.042473 -0.007274 0.999909 -0.011394 0.758086 -0.875361 -0.011876 -0.483323 -4.373528
-0.484108 0.004483 0.874996 54.834129 -0.008193 0.999920 -0.009655 0.694050 -0.874970 -0.011843 -0.484033 -5.320405
-0.482001 0.002963 0.876166 55.740681 -0.009113 0.999923 -0.008394 0.660461 -0.876123 -0.012030 -0.481937 -5.822865
-0.479720 0.000879 0.877421 56.629608 -0.008874 0.999943 -0.005854 0.630033 -0.877377 -0.010595 -0.479685 -6.328594
-0.477409 -0.000401 0.878681 57.512722 -0.008468 0.999956 -0.004144 0.599634 -0.878640 -0.009419 -0.477391 -6.818579
-0.477409 -0.000401 0.878681 57.512722 -0.008468 0.999956 -0.004144 0.599634 -0.878640 -0.009419 -0.477391 -6.818579
-0.474445 -0.000898 0.880285 59.324360 -0.007601 0.999966 -0.003076 0.538296 -0.880252 -0.008150 -0.474436 -7.762042
-0.473016 -0.000615 0.881054 60.202164 -0.007816 0.999963 -0.003499 0.508834 -0.881019 -0.008541 -0.473004 -8.241790
-0.474015 0.000584 0.880517 61.071060 -0.008184 0.999954 -0.005069 0.483440 -0.880479 -0.009609 -0.473988 -8.708859
-0.476937 0.001803 0.878935 61.949532 -0.009215 0.999933 -0.007052 0.455517 -0.878889 -0.011462 -0.476889 -9.168848
-0.480564 0.002830 0.876955 62.880863 -0.010131 0.999910 -0.008779 0.415537 -0.876901 -0.013103 -0.480492 -9.651832
-0.480564 0.002830 0.876955 62.880863 -0.010131 0.999910 -0.008779 0.415537 -0.876901 -0.013103 -0.480492 -9.651832
-0.480564 0.002830 0.876955 62.880863 -0.010131 0.999910 -0.008779 0.415537 -0.876901 -0.013103 -0.480492 -9.651832
-0.480564 0.002830 0.876955 62.880863 -0.010131 0.999910 -0.008779 0.415537 -0.876901 -0.013103 -0.480492 -9.651832
-0.480564 0.002830 0.876955 62.880863 -0.010131 0.999910 -0.008779 0.415537 -0.876901 -0.013103 -0.480492 -9.651832
-0.501684 -0.001275 0.865050 66.362114 -0.010289 0.999937 -0.004493 0.303746 -0.864990 -0.011154 -0.501665 -11.593846
-0.511742 0.001274 0.859138 68.074532 -0.010517 0.999915 -0.007748 0.238361 -0.859075 -0.013001 -0.511685 -12.582873
-0.515631 0.001174 0.856810 68.927979 -0.011950 0.999892 -0.008562 0.208146 -0.856728 -0.014654 -0.515561 -13.081191
-0.519203 -0.000406 0.854651 69.775291 -0.013023 0.999888 -0.007436 0.171059 -0.854552 -0.014991 -0.519150 -13.578568
-0.521926 -0.007313 0.852959 70.632576 -0.012974 0.999916 0.000635 0.136853 -0.852892 -0.010735 -0.521977 -14.099684
-0.521926 -0.007313 0.852959 70.632576 -0.012974 0.999916 0.000635 0.136853 -0.852892 -0.010735 -0.521977 -14.099684
-0.525816 -0.014296 0.850478 72.290482 -0.009890 0.999894 0.010693 0.110559 -0.850541 -0.002788 -0.525902 -15.116928
-0.527650 -0.010150 0.849401 73.089546 -0.009673 0.999936 0.005941 0.097089 -0.849407 -0.005081 -0.527714 -15.603343
-0.529014 -0.004100 0.848603 73.891968 -0.008757 0.999961 -0.000628 0.085156 -0.848568 -0.007763 -0.529030 -16.111509
-0.529611 -0.000325 0.848240 74.694626 -0.004471 0.999987 -0.002409 0.073809 -0.848229 -0.005068 -0.529606 -16.634695
-0.529611 -0.000325 0.848240 74.694626 -0.004471 0.999987 -0.002409 0.073809 -0.848229 -0.005068 -0.529606 -16.634695
-0.528079 -0.003425 0.849189 76.313683 -0.000227 0.999992 0.003892 0.016469 -0.849195 0.001862 -0.528075 -17.646290
-0.527025 -0.008526 0.849807 77.114342 -0.002549 0.999961 0.008451 0.001541 -0.849846 0.002288 -0.527026 -18.144827
-0.526340 -0.013928 0.850160 77.930359 -0.004144 0.999896 0.013815 -0.013604 -0.850264 0.003748 -0.526343 -18.653004
-0.526049 -0.019635 0.850228 78.738869 -0.011653 0.999806 0.015880 -0.031486 -0.850375 -0.001554 -0.526176 -19.132175
-0.526049 -0.019635 0.850228 78.738869 -0.011653 0.999806 0.015880 -0.031486 -0.850375 -0.001554 -0.526176 -19.132175
-0.522523 -0.025679 0.852238 80.388985 -0.018048 0.999656 0.019055 -0.045509 -0.852434 -0.005424 -0.522806 -20.062120
-0.519848 -0.022948 0.853951 81.171112 -0.014335 0.999733 0.018139 -0.055913 -0.854139 -0.002812 -0.520038 -20.554373
-0.514689 -0.019851 0.857147 81.957352 -0.012363 0.999800 0.015731 -0.062234 -0.857288 -0.002500 -0.514831 -21.040522
-0.506546 -0.018269 0.862019 82.756599 -0.009140 0.999833 0.015818 -0.067837 -0.862164 0.000134 -0.506629 -21.538858
-0.499631 -0.015581 0.866098 83.581169 -0.000369 0.999842 0.017774 -0.079086 -0.866238 0.008561 -0.499558 -22.017986
-0.499631 -0.015581 0.866098 83.581169 -0.000369 0.999842 0.017774 -0.079086 -0.866238 0.008561 -0.499558 -22.017986
-0.499631 -0.015581 0.866098 83.581169 -0.000369 0.999842 0.017774 -0.079086 -0.866238 0.008561 -0.499558 -22.017986
-0.499631 -0.015581 0.866098 83.581169 -0.000369 0.999842 0.017774 -0.079086 -0.866238 0.008561 -0.499558 -22.017986
-0.499631 -0.015581 0.866098 83.581169 -0.000369 0.999842 0.017774 -0.079086 -0.866238 0.008561 -0.499558 -22.017986
-0.455166 -0.021176 0.890155 86.817345 -0.002530 0.999744 0.022490 -0.079896 -0.890403 0.007985 -0.455103 -23.749210
-0.431465 -0.020298 0.901901 88.478798 0.002512 0.999716 0.023702 -0.090773 -0.902126 0.012492 -0.431292 -24.571634
-0.418632 -0.016068 0.908014 89.299469 0.003315 0.999810 0.019221 -0.091332 -0.908150 0.011057 -0.418499 -24.944565
-0.406527 -0.006605 0.913615 90.095261 0.007812 0.999912 0.010705 -0.087292 -0.913606 0.011489 -0.406439 -25.318792
-0.392970 -0.001810 0.919550 90.930923 0.006879 0.999964 0.004908 -0.092927 -0.919526 0.008254 -0.392943 -25.679779
-0.392970 -0.001810 0.919550 90.930923 0.006879 0.999964 0.004908 -0.092927 -0.919526 0.008254 -0.392943 -25.679779
-0.370761 -0.008716 0.928688 92.684196 -0.000260 0.999957 0.009282 -0.135406 -0.928728 0.003200 -0.370747 -26.401474
-0.360164 -0.009173 0.932844 93.530022 -0.004275 0.999957 0.008183 -0.155969 -0.932879 -0.001041 -0.360188 -26.723555
-0.352752 -0.005513 0.935701 94.359230 -0.010185 0.999946 0.002052 -0.174513 -0.935661 -0.008806 -0.352789 -27.028551
-0.347622 -0.000291 0.937635 95.189247 -0.015925 0.999858 -0.005594 -0.182397 -0.937499 -0.016876 -0.347578 -27.326340
-0.347622 -0.000291 0.937635 95.189247 -0.015925 0.999858 -0.005594 -0.182397 -0.937499 -0.016876 -0.347578 -27.326340
-0.340481 0.002019 0.940249 96.936256 -0.013616 0.999882 -0.007078 -0.224352 -0.940153 -0.015212 -0.340413 -27.923422
-0.336328 0.000669 0.941745 97.791595 -0.016198 0.999848 -0.006495 -0.255861 -0.941606 -0.017438 -0.336266 -28.217999
-0.331278 -0.003006 0.943528 98.665695 -0.018898 0.999815 -0.003450 -0.273576 -0.943344 -0.018974 -0.331274 -28.510044
-0.326730 -0.006488 0.945095 99.529663 -0.019745 0.999805 0.000037 -0.292583 -0.944911 -0.018649 -0.326794 -28.803871
-0.326730 -0.006488 0.945095 99.529663 -0.019745 0.999805 0.000037 -0.292583 -0.944911 -0.018649 -0.326794 -28.803871
-0.313662 -0.007989 0.949501 101.249733 -0.019598 0.999806 0.001938 -0.345380 -0.949333 -0.018000 -0.313758 -29.341251
-0.307928 -0.007759 0.951378 102.106583 -0.028053 0.999606 -0.000927 -0.358459 -0.950996 -0.026974 -0.308025 -29.591599
-0.301651 -0.004460 0.953408 102.964928 -0.027746 0.999607 -0.004103 -0.379703 -0.953014 -0.027691 -0.301656 -29.873837
-0.295316 -0.001685 0.955398 103.826614 -0.027735 0.999592 -0.006810 -0.408978 -0.954997 -0.028509 -0.295243 -30.147404
-0.286216 -0.004598 0.958154 104.670555 -0.033038 0.999441 -0.005073 -0.427398 -0.957595 -0.033108 -0.286208 -30.365322
-0.286216 -0.004598 0.958154 104.670555 -0.033038 0.999441 -0.005073 -0.427398 -0.957595 -0.033108 -0.286208 -30.365322
-0.286216 -0.004598 0.958154 104.670555 -0.033038 0.999441 -0.005073 -0.427398 -0.957595 -0.033108 -0.286208 -30.365322
-0.286216 -0.004598 0.958154 104.670555 -0.033038 0.999441 -0.005073 -0.427398 -0.957595 -0.033108 -0.286208 -30.365322
-0.286216 -0.004598 0.958154 104.670555 -0.033038 0.999441 -0.005073 -0.427398 -0.957595 -0.033108 -0.286208 -30.365322
-0.259479 -0.006302 0.965728 108.148476 -0.038335 0.999258 -0.003779 -0.514241 -0.964988 -0.038002 -0.259528 -31.359301
-0.245536 -0.005850 0.969370 109.870407 -0.036333 0.999335 -0.003173 -0.540725 -0.968706 -0.036000 -0.245585 -31.748625
-0.237822 -0.005820 0.971291 110.727669 -0.033938 0.999421 -0.002321 -0.560554 -0.970716 -0.033515 -0.237882 -31.971502
-0.230052 -0.005342 0.973164 111.594864 -0.030510 0.999533 -0.001726 -0.585651 -0.972700 -0.030088 -0.230107 -32.201077
-0.223271 -0.004836 0.974744 112.458351 -0.029162 0.999573 -0.001720 -0.607653 -0.974320 -0.028809 -0.223316 -32.408119
-0.223271 -0.004836 0.974744 112.458351 -0.029162 0.999573 -0.001720 -0.607653 -0.974320 -0.028809 -0.223316 -32.408119
-0.209370 -0.006387 0.977816 114.202156 -0.035530 0.999368 -0.001080 -0.648150 -0.977191 -0.034968 -0.209465 -32.749802
-0.204886 -0.006766 0.978762 115.067596 -0.034780 0.999395 -0.000372 -0.665442 -0.978168 -0.034118 -0.204997 -32.940605
-0.200192 -0.006502 0.979735 115.934959 -0.034523 0.999404 -0.000422 -0.691767 -0.979148 -0.033908 -0.200297 -33.129498
-0.195918 -0.005441 0.980605 116.786942 -0.033818 0.999427 -0.001211 -0.712209 -0.980037 -0.033400 -0.195989 -33.305199
-0.195918 -0.005441 0.980605 116.786942 -0.033818 0.999427 -0.001211 -0.712209 -0.980037 -0.033400 -0.195989 -33.305199
-0.185571 -0.006421 0.982610 118.530067 -0.022992 0.999733 0.002191 -0.741701 -0.982362 -0.022186 -0.185669 -33.639683
-0.180632 -0.008315 0.983516 119.396049 -0.023043 0.999726 0.004220 -0.768495 -0.983281 -0.021901 -0.180774 -33.813972
-0.175751 -0.007149 0.984409 120.255943 -0.025869 0.999662 0.002642 -0.785599 -0.984095 -0.025002 -0.175877 -33.978939
-0.172455 -0.005288 0.985003 121.114983 -0.027656 0.999617 0.000525 -0.799118 -0.984629 -0.027151 -0.172535 -34.132313
-0.172455 -0.005288 0.985003 121.114983 -0.027656 0.999617 0.000525 -0.799118 -0.984629 -0.027151 -0.172535 -34.132313
-0.169487 -0.006370 0.985512 122.878395 -0.025304 0.999678 0.002110 -0.829377 -0.985207 -0.024579 -0.169594 -34.383381
-0.167999 -0.010001 0.985736 123.749733 -0.024070 0.999692 0.006040 -0.836415 -0.985493 -0.022712 -0.168188 -34.543068
-0.167218 -0.014468 0.985814 124.622406 -0.026580 0.999595 0.010161 -0.845793 -0.985562 -0.024504 -0.167535 -34.685005
-0.165974 -0.015128 0.986014 125.471519 -0.026601 0.999587 0.010858 -0.846718 -0.985771 -0.024427 -0.166308 -34.829849
-0.165400 -0.015342 0.986107 126.370850 -0.022499 0.999677 0.011779 -0.885151 -0.985970 -0.020238 -0.165692 -34.957424
-0.165400 -0.015342 0.986107 126.370850 -0.022499 0.999677 0.011779 -0.885151 -0.985970 -0.020238 -0.165692 -34.957424
-0.165400 -0.015342 0.986107 126.370850 -0.022499 0.999677 0.011779 -0.885151 -0.985970 -0.020238 -0.165692 -34.957424
-0.165400 -0.015342 0.986107 126.370850 -0.022499 0.999677 0.011779 -0.885151 -0.985970 -0.020238 -0.165692 -34.957424
-0.165400 -0.015342 0.986107 126.370850 -0.022499 0.999677 0.011779 -0.885151 -0.985970 -0.020238 -0.165692 -34.957424
-0.162085 -0.010441 0.986722 129.768799 -0.022121 0.999731 0.006945 -0.883966 -0.986529 -0.020701 -0.162273 -35.530926
-0.163054 -0.009491 0.986571 131.447327 -0.033594 0.999427 0.004063 -0.962227 -0.986045 -0.032480 -0.163279 -35.750244
-0.161934 -0.008016 0.986769 132.292374 -0.038886 0.999242 0.001736 -0.971965 -0.986035 -0.038090 -0.162123 -35.867332
-0.161149 -0.004438 0.986920 133.121887 -0.036388 0.999337 -0.001448 -0.985009 -0.986259 -0.036145 -0.161204 -36.007931
-0.160275 -0.003892 0.987065 133.959274 -0.035584 0.999365 -0.001838 -1.003069 -0.986431 -0.035418 -0.160312 -36.146603
-0.160275 -0.003892 0.987065 133.959274 -0.035584 0.999365 -0.001838 -1.003069 -0.986431 -0.035418 -0.160312 -36.146603
-0.158414 -0.003651 0.987366 135.629028 -0.033923 0.999423 -0.001747 -1.038476 -0.986790 -0.033771 -0.158446 -36.411030
-0.154360 -0.006183 0.987995 136.459488 -0.030048 0.999547 0.001561 -1.053781 -0.987558 -0.029447 -0.154476 -36.561001
-0.152151 -0.010549 0.988301 137.282089 -0.027895 0.999591 0.006375 -1.064394 -0.987964 -0.026598 -0.152383 -36.709293
-0.148537 -0.010933 0.988846 138.082687 -0.025840 0.999640 0.007171 -1.081394 -0.988569 -0.024487 -0.148766 -36.840691
-0.148537 -0.010933 0.988846 138.082687 -0.025840 0.999640 0.007171 -1.081394 -0.988569 -0.024487 -0.148766 -36.840691
-0.139138 -0.004059 0.990265 139.683395 -0.010828 0.999938 0.002577 -1.130187 -0.990214 -0.010364 -0.139173 -37.095177
-0.131265 -0.003460 0.991341 140.486740 -0.011703 0.999930 0.001940 -1.140081 -0.991278 -0.011347 -0.131296 -37.206703
-0.122076 -0.007034 0.992496 141.281021 -0.012871 0.999902 0.005503 -1.149684 -0.992437 -0.012102 -0.122154 -37.309422
-0.110890 -0.008796 0.993794 142.057968 -0.006871 0.999944 0.008083 -1.165061 -0.993809 -0.005932 -0.110944 -37.421806
-0.110890 -0.008796 0.993794 142.057968 -0.006871 0.999944 0.008083 -1.165061 -0.993809 -0.005932 -0.110944 -37.421806
-0.083951 -0.006176 0.996451 143.618469 -0.010778 0.999928 0.005289 -1.197436 -0.996412 -0.010295 -0.084012 -37.535667
-0.070756 -0.006104 0.997475 144.386200 -0.010806 0.999927 0.005352 -1.208098 -0.997435 -0.010400 -0.070817 -37.598331
-0.057961 -0.004642 0.998308 145.142273 -0.006419 0.999970 0.004277 -1.221967 -0.998298 -0.006160 -0.057989 -37.658882
-0.044829 0.000647 0.998994 145.873947 -0.007006 0.999975 -0.000962 -1.243114 -0.998970 -0.007043 -0.044823 -37.696114
-0.029766 0.009909 0.999508 146.631912 0.005823 0.999936 -0.009740 -1.262578 -0.999540 0.005530 -0.029822 -37.683529
-0.029766 0.009909 0.999508 146.631912 0.005823 0.999936 -0.009740 -1.262578 -0.999540 0.005530 -0.029822 -37.683529
-0.029766 0.009909 0.999508 146.631912 0.005823 0.999936 -0.009740 -1.262578 -0.999540 0.005530 -0.029822 -37.683529
-0.029766 0.009909 0.999508 146.631912 0.005823 0.999936 -0.009740 -1.262578 -0.999540 0.005530 -0.029822 -37.683529
-0.029766 0.009909 0.999508 146.631912 0.005823 0.999936 -0.009740 -1.262578 -0.999540 0.005530 -0.029822 -37.683529
0.018556 0.015612 0.999706 149.576828 -0.009065 0.999840 -0.015446 -1.350171 -0.999787 -0.008776 0.018694 -37.632950
0.036375 0.028081 0.998944 151.073273 -0.012490 0.999540 -0.027643 -1.422790 -0.999260 -0.011471 0.036709 -37.550655
0.038898 0.032345 0.998720 151.796188 -0.019085 0.999318 -0.031621 -1.442823 -0.999061 -0.017830 0.039489 -37.497925
0.038707 0.029360 0.998819 152.538498 -0.023439 0.999320 -0.028467 -1.469019 -0.998976 -0.022309 0.039369 -37.447014
0.037254 0.025017 0.998993 153.276611 -0.023279 0.999437 -0.024160 -1.512556 -0.999035 -0.022356 0.037816 -37.413689
0.037254 0.025017 0.998993 153.276611 -0.023279 0.999437 -0.024160 -1.512556 -0.999035 -0.022356 0.037816 -37.413689
0.032421 0.021120 0.999251 154.815079 -0.027486 0.999417 -0.020232 -1.582041 -0.999096 -0.026809 0.032982 -37.349361
0.029223 0.021124 0.999350 155.554688 -0.024356 0.999495 -0.020415 -1.610193 -0.999276 -0.023744 0.029722 -37.330765
0.024360 0.019718 0.999509 156.286041 -0.025435 0.999494 -0.019098 -1.638820 -0.999380 -0.024957 0.024850 -37.306313
0.018776 0.019555 0.999632 156.993469 -0.025477 0.999493 -0.019074 -1.663976 -0.999499 -0.025109 0.019264 -37.289310
0.018776 0.019555 0.999632 156.993469 -0.025477 0.999493 -0.019074 -1.663976 -0.999499 -0.025109 0.019264 -37.289310
0.007586 0.015543 0.999850 158.478317 -0.031021 0.999402 -0.015300 -1.720186 -0.999490 -0.030900 0.008063 -37.269058
0.001977 0.014779 0.999889 159.205612 -0.030692 0.999421 -0.014712 -1.746836 -0.999527 -0.030660 0.002430 -37.267685
-0.004690 0.016171 0.999858 159.901718 -0.031307 0.999377 -0.016310 -1.767784 -0.999499 -0.031379 -0.004180 -37.265396
-0.009634 0.018263 0.999787 160.600250 -0.031352 0.999336 -0.018557 -1.793830 -0.999462 -0.031524 -0.009055 -37.268410
-0.009634 0.018263 0.999787 160.600250 -0.031352 0.999336 -0.018557 -1.793830 -0.999462 -0.031524 -0.009055 -37.268410
-0.012120 0.019873 0.999729 162.064941 -0.024288 0.999502 -0.020163 -1.858937 -0.999632 -0.024526 -0.011632 -37.270176
-0.011699 0.018294 0.999764 162.772415 -0.021968 0.999587 -0.018548 -1.888305 -0.999690 -0.022180 -0.011292 -37.285740
-0.008470 0.014941 0.999852 163.491592 -0.020004 0.999686 -0.015108 -1.920867 -0.999764 -0.020129 -0.008169 -37.302185
-0.001758 0.014199 0.999898 164.188263 -0.019237 0.999714 -0.014230 -1.951978 -0.999813 -0.019260 -0.001484 -37.305851
0.010307 0.015754 0.999823 164.968933 -0.018071 0.999716 -0.015566 -1.983688 -0.999784 -0.017908 0.010589 -37.303101
0.010307 0.015754 0.999823 164.968933 -0.018071 0.999716 -0.015566 -1.983688 -0.999784 -0.017908 0.010589 -37.303101
0.010307 0.015754 0.999823 164.968933 -0.018071 0.999716 -0.015566 -1.983688 -0.999784 -0.017908 0.010589 -37.303101
0.010307 0.015754 0.999823 164.968933 -0.018071 0.999716 -0.015566 -1.983688 -0.999784 -0.017908 0.010589 -37.303101
0.010307 0.015754 0.999823 164.968933 -0.018071 0.999716 -0.015566 -1.983688 -0.999784 -0.017908 0.010589 -37.303101
0.070990 0.005617 0.997461 167.690567 -0.021780 0.999754 -0.004079 -2.068136 -0.997239 -0.021435 0.071095 -37.159050
0.105474 -0.008706 0.994384 169.107437 -0.019404 0.999753 0.010811 -2.094120 -0.994233 -0.020435 0.105279 -37.021336
0.122382 -0.014244 0.992381 169.768600 -0.019561 0.999668 0.016761 -2.104486 -0.992290 -0.021464 0.122063 -36.936069
0.140480 -0.016503 0.989946 170.418015 -0.019221 0.999627 0.019392 -2.115191 -0.989897 -0.021752 0.140111 -36.841099
0.158456 -0.016865 0.987222 171.056641 -0.016810 0.999663 0.019776 -2.114729 -0.987223 -0.019728 0.158119 -36.742687
0.158456 -0.016865 0.987222 171.056641 -0.016810 0.999663 0.019776 -2.114729 -0.987223 -0.019728 0.158119 -36.742687
0.192043 -0.021046 0.981161 172.373657 -0.018622 0.999512 0.025084 -2.126811 -0.981210 -0.023088 0.191557 -36.446678
0.206343 -0.023285 0.978203 172.996246 -0.021319 0.999372 0.028286 -2.123120 -0.978247 -0.026691 0.205717 -36.294964
0.218918 -0.026851 0.975374 173.620346 -0.017785 0.999345 0.031503 -2.123239 -0.975581 -0.024244 0.218297 -36.161453
0.229631 -0.028244 0.972868 174.229355 -0.014003 0.999380 0.032319 -2.120980 -0.973177 -0.021045 0.229093 -36.026024
0.229631 -0.028244 0.972868 174.229355 -0.014003 0.999380 0.032319 -2.120980 -0.973177 -0.021045 0.229093 -36.026024
0.248063 -0.019556 0.968547 175.442093 -0.022356 0.999414 0.025906 -2.137191 -0.968486 -0.028079 0.247480 -35.700001
0.257147 -0.009759 0.966323 176.005493 -0.021834 0.999635 0.015905 -2.131539 -0.966126 -0.025188 0.256840 -35.541245
0.265631 -0.002887 0.964071 176.578140 -0.017348 0.999819 0.007774 -2.123351 -0.963919 -0.018790 0.265532 -35.392174
0.272682 -0.003197 0.962099 177.170090 -0.016659 0.999829 0.008044 -2.116665 -0.961960 -0.018221 0.272582 -35.216290
0.272682 -0.003197 0.962099 177.170090 -0.016659 0.999829 0.008044 -2.116665 -0.961960 -0.018221 0.272582 -35.216290
0.283791 -0.017358 0.958729 178.429398 -0.031511 0.999127 0.027417 -2.102914 -0.958368 -0.037991 0.282996 -34.821110
0.286217 -0.025147 0.957835 179.049469 -0.032081 0.998844 0.035810 -2.103339 -0.957628 -0.040978 0.285079 -34.630226
0.286864 -0.027692 0.957571 179.663071 -0.027438 0.998935 0.037108 -2.111928 -0.957578 -0.036918 0.285798 -34.461304
0.288142 -0.025709 0.957243 180.262375 -0.023928 0.999134 0.034036 -2.098070 -0.957289 -0.032712 0.287277 -34.292156
0.289889 -0.027679 0.956660 180.877655 -0.018298 0.999239 0.034455 -2.110774 -0.956885 -0.027493 0.289162 -34.132782
0.289889 -0.027679 0.956660 180.877655 -0.018298 0.999239 0.034455 -2.110774 -0.956885 -0.027493 0.289162 -34.132782
0.289889 -0.027679 0.956660 180.877655 -0.018298 0.999239 0.034455 -2.110774 -0.956885 -0.027493 0.289162 -34.132782
0.289889 -0.027679 0.956660 180.877655 -0.018298 0.999239 0.034455 -2.110774 -0.956885 -0.027493 0.289162 -34.132782
0.289889 -0.027679 0.956660 180.877655 -0.018298 0.999239 0.034455 -2.110774 -0.956885 -0.027493 0.289162 -34.132782
0.301321 -0.039202 0.952717 183.420929 -0.017556 0.998757 0.046649 -2.051179 -0.953361 -0.030782 0.300258 -33.356083
0.314259 -0.044987 0.948271 184.639984 -0.015238 0.998509 0.052420 -2.018872 -0.949215 -0.030923 0.313105 -32.944679
0.323276 -0.046900 0.945142 185.279358 -0.012029 0.998487 0.053661 -1.999559 -0.946228 -0.028716 0.322223 -32.746323
0.333940 -0.044678 0.941535 185.917709 -0.013836 0.998536 0.052290 -1.982523 -0.942493 -0.030489 0.332833 -32.527367
0.344991 -0.041581 0.937685 186.556274 -0.014239 0.998671 0.049524 -1.961091 -0.938498 -0.030437 0.343940 -32.302063
0.344991 -0.041581 0.937685 186.556274 -0.014239 0.998671 0.049524 -1.961091 -0.938498 -0.030437 0.343940 -32.302063
0.368587 -0.038362 0.928801 187.745651 -0.013439 0.998824 0.046587 -1.931148 -0.929496 -0.029653 0.367638 -31.773344
0.379948 -0.040223 0.924133 188.382782 -0.013737 0.998699 0.049116 -1.911681 -0.924906 -0.031356 0.378901 -31.520500
0.391291 -0.041041 0.919351 189.020859 -0.014304 0.998613 0.050668 -1.893383 -0.920156 -0.032976 0.390162 -31.251484
0.402510 -0.041084 0.914493 189.652237 -0.015922 0.998527 0.051867 -1.881839 -0.915277 -0.035437 0.401263 -30.977037
0.402510 -0.041084 0.914493 189.652237 -0.015922 0.998527 0.051867 -1.881839 -0.915277 -0.035437 0.401263 -30.977037
0.420387 -0.041733 0.906385 190.857254 -0.020325 0.998258 0.055390 -1.833866 -0.907117 -0.041707 0.418807 -30.346897
0.425183 -0.043073 0.904082 191.493454 -0.020207 0.998166 0.057059 -1.802124 -0.904882 -0.042530 0.423533 -30.052099
0.427289 -0.046928 0.902896 192.144196 -0.016566 0.998078 0.059715 -1.777138 -0.903963 -0.040473 0.425690 -29.755808
0.428270 -0.046392 0.902459 192.778778 -0.013116 0.998257 0.057540 -1.749737 -0.903556 -0.036479 0.426915 -29.462976
0.428270 -0.046392 0.902459 192.778778 -0.013116 0.998257 0.057540 -1.749737 -0.903556 -0.036479 0.426915 -29.462976
0.426416 -0.046873 0.903312 194.057251 -0.008013 0.998421 0.055590 -1.688833 -0.904492 -0.030943 0.425367 -28.899075
0.426447 -0.047902 0.903243 194.731476 -0.005730 0.998434 0.055655 -1.656492 -0.904495 -0.028910 0.425504 -28.594400
0.426193 -0.052535 0.903105 195.419495 -0.003370 0.998213 0.059659 -1.625495 -0.904626 -0.028470 0.425255 -28.286131
0.424718 -0.055476 0.903624 196.103531 -0.002744 0.998037 0.062562 -1.598701 -0.905321 -0.029051 0.423732 -27.966915
0.422544 -0.058992 0.904420 196.786591 -0.001239 0.997841 0.065664 -1.573686 -0.906341 -0.028866 0.421559 -27.634706
0.422544 -0.058992 0.904420 196.786591 -0.001239 0.997841 0.065664 -1.573686 -0.906341 -0.028866 0.421559 -27.634706
0.422544 -0.058992 0.904420 196.786591 -0.001239 0.997841 0.065664 -1.573686 -0.906341 -0.028866 0.421559 -27.634706
0.422544 -0.058992 0.904420 196.786591 -0.001239 0.997841 0.065664 -1.573686 -0.906341 -0.028866 0.421559 -27.634706
0.422544 -0.058992 0.904420 196.786591 -0.001239 0.997841 0.065664 -1.573686 -0.906341 -0.028866 0.421559 -27.634706
0.416747 -0.055434 0.907331 199.519135 -0.004239 0.998010 0.062921 -1.437028 -0.909013 -0.030068 0.415682 -26.360334
0.414635 -0.049088 0.908663 200.867020 -0.005848 0.998380 0.056603 -1.385063 -0.909969 -0.028783 0.413676 -25.706709
0.412982 -0.050967 0.909312 201.556625 -0.007271 0.998217 0.059252 -1.351293 -0.910710 -0.031082 0.411875 -25.373722
0.411687 -0.053769 0.909738 202.240982 -0.008942 0.997972 0.063030 -1.324269 -0.911281 -0.034083 0.410371 -25.046991
0.409364 -0.053003 0.910830 202.917160 -0.012565 0.997889 0.063717 -1.294051 -0.912285 -0.037528 0.407834 -24.715471
0.409364 -0.053003 0.910830 202.917160 -0.012565 0.997889 0.063717 -1.294051 -0.912285 -0.037528 0.407834 -24.715471
0.399362 -0.052845 0.915269 204.234543 -0.016665 0.997754 0.064879 -1.246930 -0.916642 -0.041163 0.397584 -24.134230
0.391109 -0.052967 0.918819 204.910706 -0.016141 0.997794 0.064390 -1.213599 -0.920203 -0.040014 0.389391 -23.828365
0.381713 -0.052460 0.922791 205.578476 -0.013902 0.997949 0.062483 -1.188685 -0.924177 -0.036679 0.380201 -23.549387
0.371150 -0.049724 0.927240 206.253937 -0.015564 0.998092 0.059753 -1.167049 -0.928442 -0.036609 0.369668 -23.270247
0.371150 -0.049724 0.927240 206.253937 -0.015564 0.998092 0.059753 -1.167049 -0.928442 -0.036609 0.369668 -23.270247
0.348031 -0.056686 0.935768 207.651657 -0.016187 0.997658 0.066455 -1.088485 -0.937343 -0.038276 0.346298 -22.773005
0.339936 -0.065759 0.938147 208.373566 -0.011476 0.997188 0.074056 -1.065394 -0.940378 -0.035941 0.338226 -22.523155
0.333526 -0.071505 0.940025 209.083282 -0.010792 0.996764 0.079650 -1.037135 -0.942679 -0.036710 0.331675 -22.278833
0.329426 -0.072741 0.941375 209.787384 -0.015008 0.996499 0.082253 -0.996414 -0.944062 -0.041224 0.327181 -22.012453
0.329426 -0.072741 0.941375 209.787384 -0.015008 0.996499 0.082253 -0.996414 -0.944062 -0.041224 0.327181 -22.012453
0.324339 -0.077203 0.942785 211.256653 -0.014294 0.996150 0.086491 -0.897079 -0.945833 -0.041528 0.321987 -21.527773
0.323759 -0.076422 0.943048 211.980011 -0.013999 0.996237 0.085538 -0.856370 -0.946036 -0.040896 0.321470 -21.274445
0.323387 -0.074802 0.943306 212.690674 -0.016145 0.996289 0.084538 -0.803119 -0.946129 -0.042568 0.320979 -21.019899
0.324077 -0.075274 0.943031 213.417999 -0.017185 0.996197 0.085423 -0.752404 -0.945875 -0.043890 0.321551 -20.778603
0.324950 -0.075481 0.942714 214.113525 -0.019044 0.996086 0.086319 -0.703165 -0.945540 -0.046003 0.322240 -20.510780
0.324950 -0.075481 0.942714 214.113525 -0.019044 0.996086 0.086319 -0.703165 -0.945540 -0.046003 0.322240 -20.510780
0.324950 -0.075481 0.942714 214.113525 -0.019044 0.996086 0.086319 -0.703165 -0.945540 -0.046003 0.322240 -20.510780
0.324950 -0.075481 0.942714 214.113525 -0.019044 0.996086 0.086319 -0.703165 -0.945540 -0.046003 0.322240 -20.510780
0.324950 -0.075481 0.942714 214.113525 -0.019044 0.996086 0.086319 -0.703165 -0.945540 -0.046003 0.322240 -20.510780
0.335186 -0.080210 0.938731 217.100418 -0.015021 0.995788 0.090449 -0.505945 -0.942032 -0.044418 0.332570 -19.503052
0.345674 -0.087592 0.934257 218.557358 -0.017251 0.994872 0.099658 -0.398069 -0.938196 -0.050567 0.342391 -18.952461
0.349824 -0.088058 0.932668 219.297104 -0.017584 0.994780 0.100517 -0.342501 -0.936650 -0.051563 0.346450 -18.679289
0.353854 -0.084928 0.931437 220.038849 -0.019055 0.995008 0.097963 -0.282936 -0.935107 -0.052413 0.350469 -18.395063
0.357893 -0.079488 0.930373 220.759384 -0.022561 0.995343 0.093718 -0.219864 -0.933490 -0.054531 0.354433 -18.104902
0.357893 -0.079488 0.930373 220.759384 -0.022561 0.995343 0.093718 -0.219864 -0.933490 -0.054531 0.354433 -18.104902
0.367522 -0.075284 0.926963 222.187210 -0.029244 0.995290 0.092428 -0.109010 -0.929555 -0.061077 0.363589 -17.492947
0.371581 -0.073377 0.925496 222.918335 -0.030170 0.995391 0.091032 -0.050282 -0.927910 -0.061748 0.367655 -17.203886
0.375327 -0.070941 0.924174 223.652328 -0.030520 0.995580 0.088817 0.002706 -0.926390 -0.061541 0.371503 -16.908308
0.379922 -0.070006 0.922366 224.385147 -0.031301 0.995588 0.088456 0.057676 -0.924489 -0.062478 0.376054 -16.606020
0.379922 -0.070006 0.922366 224.385147 -0.031301 0.995588 0.088456 0.057676 -0.924489 -0.062478 0.376054 -16.606020
0.389156 -0.070663 0.918458 225.824661 -0.030361 0.995528 0.089456 0.164169 -0.920671 -0.062698 0.385270 -15.981491
0.393547 -0.070440 0.916602 226.564011 -0.026145 0.995799 0.087752 0.220803 -0.918933 -0.058499 0.390052 -15.676083
0.398526 -0.068654 0.914584 227.300034 -0.026713 0.995902 0.086398 0.270617 -0.916768 -0.058863 0.395059 -15.356256
0.403381 -0.067600 0.912532 228.028290 -0.030837 0.995697 0.087393 0.329654 -0.914512 -0.063392 0.399561 -15.016316
0.403381 -0.067600 0.912532 228.028290 -0.030837 0.995697 0.087393 0.329654 -0.914512 -0.063392 0.399561 -15.016316
0.410949 -0.066335 0.909242 229.453049 -0.029470 0.995861 0.085974 0.424602 -0.911182 -0.062126 0.407294 -14.372547
0.414938 -0.060548 0.907833 230.164444 -0.027254 0.996508 0.078919 0.477498 -0.909442 -0.057488 0.411839 -14.049660
0.418292 -0.055168 0.906636 230.873566 -0.030781 0.996720 0.074851 0.530567 -0.907791 -0.059216 0.415222 -13.704762
0.421556 -0.054786 0.905146 231.603287 -0.037898 0.996237 0.077949 0.599163 -0.906010 -0.067163 0.417893 -13.339905
0.423115 -0.060516 0.904053 232.319412 -0.046556 0.994997 0.088393 0.616728 -0.904879 -0.079489 0.418181 -12.973499
0.423115 -0.060516 0.904053 232.319412 -0.046556 0.994997 0.088393 0.616728 -0.904879 -0.079489 0.418181 -12.973499
0.423115 -0.060516 0.904053 232.319412 -0.046556 0.994997 0.088393 0.616728 -0.904879 -0.079489 0.418181 -12.973499
0.423115 -0.060516 0.904053 232.319412 -0.046556 0.994997 0.088393 0.616728 -0.904879 -0.079489 0.418181 -12.973499
0.423115 -0.060516 0.904053 232.319412 -0.046556 0.994997 0.088393 0.616728 -0.904879 -0.079489 0.418181 -12.973499
0.429598 -0.079471 0.899517 235.302689 -0.040023 0.993465 0.106886 0.872897 -0.902133 -0.081919 0.423610 -11.582043
0.439180 -0.073394 0.895396 236.696915 -0.035389 0.994471 0.098873 0.993170 -0.897702 -0.075110 0.434154 -10.905371
0.443056 -0.071038 0.893675 237.432449 -0.034277 0.994784 0.096069 1.065333 -0.895838 -0.073196 0.438311 -10.550770
0.446162 -0.069221 0.892271 238.156342 -0.033465 0.995017 0.093925 1.130836 -0.894326 -0.071766 0.441622 -10.187556
0.449473 -0.070196 0.890531 238.883514 -0.031995 0.995003 0.094580 1.195286 -0.892721 -0.071004 0.444981 -9.823005
0.449473 -0.070196 0.890531 238.883514 -0.031995 0.995003 0.094580 1.195286 -0.892721 -0.071004 0.444981 -9.823005
0.457273 -0.075688 0.886099 240.273483 -0.038346 0.993767 0.104674 1.297913 -0.888499 -0.081843 0.451521 -9.082495
0.459785 -0.080415 0.884382 240.990250 -0.037707 0.993226 0.109915 1.363741 -0.887230 -0.083885 0.453638 -8.722713
0.461082 -0.084563 0.883319 241.718033 -0.037305 0.992721 0.114510 1.441423 -0.886573 -0.085751 0.454571 -8.363262
0.462414 -0.091504 0.881930 242.451218 -0.033157 0.992180 0.120328 1.513748 -0.886044 -0.084884 0.455764 -8.005665
0.462414 -0.091504 0.881930 242.451218 -0.033157 0.992180 0.120328 1.513748 -0.886044 -0.084884 0.455764 -8.005665
0.467377 -0.086421 0.879824 243.858780 -0.034737 0.992647 0.115956 1.653653 -0.883376 -0.084758 0.460938 -7.188377
0.468676 -0.073851 0.880278 244.548340 -0.036674 0.994014 0.102918 1.735963 -0.882609 -0.080518 0.463162 -6.809876
0.469319 -0.065934 0.880564 245.262344 -0.036769 0.994884 0.094091 1.816327 -0.882263 -0.076536 0.464493 -6.422244
0.468950 -0.067398 0.880649 246.009308 -0.036388 0.994763 0.095508 1.883695 -0.882475 -0.076834 0.464042 -6.023314
