1.000000 0.000000 0.000000 0.000000 0.000000 1.000000 0.000000 0.000000 0.000000 0.000000 1.000000 0.000000
0.999996 -0.002732 -0.000892 0.065198 0.002734 0.999992 0.002999 -0.012013 0.000884 -0.003001 0.999995 0.390677
0.999995 -0.003199 -0.000451 0.115260 0.003201 0.999986 0.004247 -0.027298 0.000438 -0.004248 0.999991 0.848734
0.999994 -0.002486 -0.002243 0.116235 0.002496 0.999987 0.004371 -0.040181 0.002232 -0.004376 0.999988 1.587744
0.999994 -0.002253 -0.002789 0.112944 0.002265 0.999988 0.004401 -0.057429 0.002779 -0.004407 0.999986 2.618874
0.999993 -0.002199 -0.003064 0.101743 0.002213 0.999987 0.004650 -0.079553 0.003054 -0.004657 0.999985 3.961875
0.999984 -0.002732 -0.004894 0.083950 0.002756 0.999984 0.004921 -0.102880 0.004880 -0.004935 0.999976 5.488523
0.999972 -0.003940 -0.006374 0.071283 0.003969 0.999982 0.004554 -0.128605 0.006356 -0.004579 0.999969 7.029059
0.999956 -0.005178 -0.007821 0.056550 0.005215 0.999975 0.004704 -0.152193 0.007796 -0.004745 0.999958 8.552118
0.999947 -0.004887 -0.009014 0.039532 0.004932 0.999975 0.004997 -0.184279 0.008989 -0.005041 0.999947 10.059054
0.999937 -0.004290 -0.010327 0.016614 0.004343 0.999978 0.005097 -0.206858 0.010305 -0.005142 0.999934 11.564557
0.999937 -0.002829 -0.010872 -0.013150 0.002892 0.999979 0.005757 -0.236510 0.010855 -0.005788 0.999924 13.051629
0.999935 -0.001191 -0.011354 -0.047555 0.001269 0.999976 0.006844 -0.256530 0.011345 -0.006858 0.999912 14.548079
0.999929 -0.000796 -0.011867 -0.075110 0.000884 0.999972 0.007441 -0.275896 0.011861 -0.007451 0.999902 16.031416
0.999922 -0.000536 -0.012474 -0.094353 0.000634 0.999969 0.007856 -0.296712 0.012469 -0.007863 0.999891 17.502638
0.999915 -0.000125 -0.013006 -0.121017 0.000229 0.999968 0.007969 -0.318719 0.013004 -0.007971 0.999884 18.963253
0.999914 0.000751 -0.013086 -0.160032 -0.000635 0.999960 0.008877 -0.338463 0.013093 -0.008868 0.999875 20.424631
0.999914 0.001510 -0.013044 -0.179042 -0.001383 0.999951 0.009801 -0.353363 0.013059 -0.009782 0.999867 21.883116
0.999918 0.001426 -0.012762 -0.203731 -0.001311 0.999958 0.009069 -0.372733 0.012774 -0.009051 0.999877 23.318340
0.999914 0.001607 -0.012987 -0.243313 -0.001515 0.999973 0.007136 -0.390917 0.012998 -0.007116 0.999890 24.751728
0.999923 0.000350 -0.012369 -0.256991 -0.000261 0.999974 0.007239 -0.407451 0.012371 -0.007235 0.999897 26.189131
0.999927 -0.000707 -0.012053 -0.277849 0.000822 0.999954 0.009534 -0.424848 0.012046 -0.009543 0.999882 27.620970
0.999927 -0.002414 -0.011819 -0.297064 0.002544 0.999936 0.011006 -0.441608 0.011792 -0.011036 0.999870 29.036587
0.999924 -0.003367 -0.011830 -0.316130 0.003490 0.999940 0.010423 -0.463869 0.011794 -0.010463 0.999876 30.433678
0.999929 -0.003072 -0.011469 -0.336503 0.003176 0.999954 0.009082 -0.482529 0.011441 -0.009118 0.999893 31.799963
0.999937 -0.002455 -0.010983 -0.365077 0.002547 0.999962 0.008352 -0.498876 0.010962 -0.008380 0.999905 33.167252
0.999949 -0.001738 -0.009990 -0.399434 0.001815 0.999968 0.007761 -0.525346 0.009976 -0.007778 0.999920 34.532642
0.999964 -0.001034 -0.008391 -0.418068 0.001107 0.999962 0.008632 -0.542342 0.008382 -0.008641 0.999928 35.870789
0.999977 -0.000917 -0.006740 -0.437769 0.000989 0.999943 0.010641 -0.560677 0.006730 -0.010647 0.999921 37.196190
0.999985 -0.001372 -0.005375 -0.455422 0.001436 0.999928 0.011910 -0.583484 0.005358 -0.011917 0.999915 38.508034
0.999994 -0.001065 -0.003204 -0.462265 0.001105 0.999920 0.012612 -0.601566 0.003190 -0.012616 0.999915 39.792408
0.999999 -0.001538 0.000053 -0.475019 0.001537 0.999922 0.012396 -0.616342 -0.000072 -0.012396 0.999923 41.047337
0.999991 -0.002244 0.003677 -0.471953 0.002204 0.999939 0.010855 -0.632436 -0.003701 -0.010847 0.999934 42.305992
0.999969 -0.002386 0.007545 -0.468512 0.002315 0.999952 0.009490 -0.652168 -0.007567 -0.009472 0.999927 43.536625
0.999930 -0.001991 0.011699 -0.471760 0.001874 0.999949 0.009942 -0.665874 -0.011718 -0.009919 0.999882 44.748520
0.999855 -0.001590 0.016929 -0.460480 0.001419 0.999948 0.010065 -0.686776 -0.016944 -0.010039 0.999806 45.966583
0.999731 -0.000427 0.023180 -0.459662 0.000206 0.999954 0.009566 -0.704634 -0.023183 -0.009559 0.999686 47.158321
0.999531 0.000918 0.030620 -0.449772 -0.001221 0.999950 0.009880 -0.720583 -0.030610 -0.009912 0.999482 48.340733
0.999228 0.002230 0.039212 -0.415567 -0.002665 0.999936 0.011038 -0.736131 -0.039185 -0.011134 0.999170 49.519772
0.998771 0.004171 0.049384 -0.381943 -0.004766 0.999917 0.011936 -0.753487 -0.049330 -0.012157 0.998709 50.680603
0.998025 0.006374 0.062501 -0.330597 -0.007158 0.999898 0.012326 -0.769717 -0.062416 -0.012749 0.997969 51.819702
0.996988 0.008664 0.077067 -0.271318 -0.009710 0.999866 0.013200 -0.782349 -0.076943 -0.013909 0.996939 52.940506
0.995573 0.010351 0.093421 -0.185296 -0.011765 0.999824 0.014593 -0.793328 -0.093254 -0.015628 0.995520 54.054775
0.993797 0.010537 0.110712 -0.092236 -0.012374 0.999797 0.015914 -0.800411 -0.110522 -0.017185 0.993725 55.160820
0.991484 0.009754 0.129863 0.038438 -0.011898 0.999805 0.015740 -0.813317 -0.129684 -0.017151 0.991407 56.245956
0.988607 0.008689 0.150270 0.189086 -0.011062 0.999827 0.014959 -0.814869 -0.150114 -0.016451 0.988532 57.312698
0.985241 0.005683 0.171076 0.362725 -0.008396 0.999850 0.015136 -0.812376 -0.170964 -0.016349 0.985142 58.372498
0.981241 0.000913 0.192785 0.549722 -0.004363 0.999838 0.017475 -0.821792 -0.192738 -0.017988 0.981085 59.407581
0.976414 -0.004964 0.215848 0.770565 0.000807 0.999813 0.019341 -0.818980 -0.215904 -0.018711 0.976235 60.435009
0.970814 -0.010310 0.239613 1.016142 0.005918 0.999801 0.019040 -0.824226 -0.239762 -0.017067 0.970682 61.448631
0.964182 -0.016588 0.264724 1.284105 0.012195 0.999759 0.018231 -0.832728 -0.264962 -0.014350 0.964152 62.420330
0.956587 -0.020425 0.290729 1.565520 0.015431 0.999692 0.019460 -0.847991 -0.291037 -0.014129 0.956607 63.386284
0.947920 -0.023327 0.317653 1.873529 0.017085 0.999603 0.022422 -0.849431 -0.318050 -0.015827 0.947942 64.327194
0.938088 -0.028188 0.345248 2.218977 0.020677 0.999463 0.025417 -0.846078 -0.345779 -0.016705 0.938167 65.265556
0.926914 -0.031730 0.373931 2.567463 0.023844 0.999385 0.025698 -0.851015 -0.374516 -0.014903 0.927101 66.179581
0.914782 -0.032050 0.402674 2.951978 0.025236 0.999435 0.022216 -0.840109 -0.403158 -0.010161 0.915074 67.064293
0.901583 -0.033208 0.431330 3.347922 0.028325 0.999441 0.017740 -0.838211 -0.431678 -0.003777 0.902020 67.929665
0.887274 -0.035289 0.459892 3.769001 0.031485 0.999377 0.015942 -0.837930 -0.460168 0.000335 0.887832 68.766510
0.871530 -0.036407 0.488989 4.213649 0.030329 0.999333 0.020348 -0.866229 -0.489403 -0.002904 0.872053 69.599968
0.853840 -0.036255 0.519271 4.665651 0.026133 0.999299 0.026799 -0.875185 -0.519878 -0.009312 0.854190 70.430214
0.834269 -0.036715 0.550133 5.165372 0.024238 0.999258 0.029932 -0.856650 -0.550824 -0.011637 0.834540 71.240944
0.812980 -0.032432 0.581387 5.673168 0.021006 0.999431 0.026379 -0.853366 -0.581912 -0.009233 0.813199 72.017570
0.790757 -0.026268 0.611567 6.209211 0.017628 0.999642 0.020144 -0.850258 -0.611877 -0.005148 0.790937 72.753944
0.768553 -0.023712 0.639347 6.777857 0.015516 0.999710 0.018426 -0.832811 -0.639598 -0.004242 0.768698 73.485878
0.745278 -0.026416 0.666230 7.367539 0.015809 0.999634 0.021952 -0.833787 -0.666566 -0.005828 0.745423 74.182922
0.720843 -0.027589 0.692549 7.980483 0.015997 0.999604 0.023170 -0.824358 -0.692914 -0.005623 0.720999 74.854675
0.695279 -0.026870 0.718237 8.609801 0.016987 0.999636 0.020953 -0.832123 -0.718539 -0.002368 0.695483 75.504570
0.669148 -0.024919 0.742711 9.248005 0.015799 0.999689 0.019307 -0.832299 -0.742961 -0.001185 0.669333 76.116432
0.642326 -0.023360 0.766076 9.918483 0.013794 0.999726 0.018919 -0.828248 -0.766308 -0.001585 0.642472 76.710289
0.614399 -0.022366 0.788678 10.607718 0.013535 0.999750 0.017807 -0.820496 -0.788879 -0.000266 0.614548 77.277634
0.585409 -0.016988 0.810560 11.309290 0.012300 0.999851 0.012072 -0.826693 -0.810645 0.002903 0.585531 77.827888
0.555344 -0.008473 0.831578 12.031890 0.010433 0.999940 0.003221 -0.823228 -0.831555 0.006887 0.555399 78.336990
0.524622 -0.000933 0.851335 12.776384 0.008592 0.999954 -0.004198 -0.834596 -0.851292 0.009517 0.524606 78.830284
0.493188 0.003289 0.869917 13.544490 0.005242 0.999963 -0.006752 -0.852847 -0.869907 0.007890 0.493152 79.292923
0.460978 0.002235 0.887409 14.348344 0.002035 0.999992 -0.003576 -0.873853 -0.887409 0.003454 0.460970 79.747795
0.427943 0.000052 0.903806 15.176282 -0.002675 0.999996 0.001209 -0.901145 -0.903802 -0.002935 0.427941 80.176193
0.393767 0.000464 0.919210 16.014662 -0.007330 0.999970 0.002635 -0.915926 -0.919181 -0.007775 0.393759 80.579369
0.358807 0.002208 0.933409 16.862488 -0.014414 0.999891 0.003175 -0.940289 -0.933300 -0.014593 0.358800 80.968239
0.323207 0.003882 0.946320 17.735853 -0.020361 0.999789 0.002852 -0.934210 -0.946109 -0.020190 0.323217 81.304810
0.287403 0.002803 0.957806 18.634743 -0.023822 0.999707 0.004223 -0.940454 -0.957513 -0.024031 0.287386 81.622955
0.251210 0.001915 0.967931 19.534519 -0.025045 0.999676 0.004522 -0.942670 -0.967609 -0.025378 0.251176 81.881821
0.215594 0.000555 0.976483 20.462738 -0.025198 0.999670 0.004995 -0.953954 -0.976158 -0.025683 0.215537 82.112854
0.180360 -0.000623 0.983601 21.408497 -0.023460 0.999713 0.004935 -0.945593 -0.983321 -0.023965 0.180293 82.302483
0.145770 -0.002076 0.989316 22.353136 -0.016907 0.999847 0.004590 -0.954950 -0.989174 -0.017395 0.145712 82.441437
0.112325 -0.000120 0.993672 23.312746 -0.014249 0.999897 0.001732 -0.990374 -0.993569 -0.014353 0.112312 82.557045
0.080291 0.005117 0.996758 24.258282 -0.012937 0.999908 -0.004092 -0.980553 -0.996687 -0.012566 0.080350 82.647369
0.051439 0.007600 0.998647 25.241488 -0.008644 0.999937 -0.007165 -1.005399 -0.998639 -0.008264 0.051502 82.698036
0.026067 0.005626 0.999644 26.248863 -0.006928 0.999961 -0.005447 -1.028951 -0.999636 -0.006784 0.026105 82.733513
0.003991 0.001978 0.999990 27.264835 -0.006946 0.999974 -0.001951 -1.046264 -0.999968 -0.006939 0.004005 82.745888
-0.015195 -0.000323 0.999884 28.269739 -0.005109 0.999987 0.000246 -1.065466 -0.999871 -0.005104 -0.015197 82.745529
-0.031438 0.001640 0.999504 29.257174 -0.003385 0.999993 -0.001748 -1.090653 -0.999500 -0.003438 -0.031432 82.728424
-0.046503 0.006551 0.998897 30.239401 0.000172 0.999979 -0.006550 -1.096121 -0.998918 -0.000133 -0.046503 82.684486
-0.058380 0.010774 0.998236 31.238031 0.003393 0.999938 -0.010594 -1.118253 -0.998289 0.002769 -0.058413 82.620522
-0.067632 0.014846 0.997600 32.234936 0.009270 0.999855 -0.014251 -1.133371 -0.997667 0.008283 -0.067759 82.532669
-0.073474 0.019284 0.997111 33.226345 0.012754 0.999749 -0.018396 -1.173801 -0.997216 0.011365 -0.073702 82.449295
-0.077232 0.024313 0.996717 34.231663 0.015141 0.999616 -0.023210 -1.201421 -0.996898 0.013299 -0.077570 82.371796
-0.080241 0.027790 0.996388 35.234943 0.015960 0.999519 -0.026592 -1.240561 -0.996648 0.013768 -0.080646 82.281265
-0.083204 0.030745 0.996058 36.224506 0.016906 0.999424 -0.029436 -1.282775 -0.996389 0.014390 -0.083676 82.204094
-0.085403 0.033841 0.995772 37.213734 0.017507 0.999320 -0.032460 -1.324196 -0.996193 0.014661 -0.085937 82.115654
-0.087553 0.037596 0.995450 38.233139 0.019012 0.999169 -0.036064 -1.373211 -0.995978 0.015768 -0.088195 82.024185
-0.089755 0.038870 0.995205 39.244171 0.020001 0.999107 -0.037218 -1.418630 -0.995763 0.016565 -0.090452 81.925270
-0.091483 0.037775 0.995090 40.273441 0.019657 0.999154 -0.036122 -1.464046 -0.995613 0.016256 -0.092148 81.833633
-0.093712 0.037118 0.994907 41.301743 0.019893 0.999175 -0.035403 -1.524307 -0.995401 0.016474 -0.094373 81.737358
-0.096020 0.038097 0.994650 42.313461 0.020158 0.999137 -0.036323 -1.576576 -0.995175 0.016562 -0.096705 81.643806
-0.098347 0.040023 0.994347 43.344765 0.018660 0.999089 -0.038369 -1.628934 -0.994977 0.014781 -0.099004 81.550041
-0.101115 0.042277 0.993976 44.376484 0.017584 0.999017 -0.040703 -1.682558 -0.994719 0.013363 -0.101759 81.453636
-0.103518 0.045550 0.993584 45.393604 0.015572 0.998903 -0.044171 -1.741291 -0.994506 0.010900 -0.104114 81.348557
-0.105495 0.049429 0.993191 46.423870 0.012381 0.998752 -0.048391 -1.801428 -0.994343 0.007192 -0.105975 81.255249
-0.108211 0.051803 0.992777 47.473850 0.009290 0.998650 -0.051097 -1.862430 -0.994085 0.003694 -0.108546 81.146599
-0.110974 0.050110 0.992559 48.529526 0.005288 0.998744 -0.049832 -1.929645 -0.993809 -0.000282 -0.111099 81.036858
-0.113974 0.046429 0.992398 49.604275 0.002468 0.998918 -0.046451 -1.983609 -0.993481 -0.002845 -0.113966 80.935867
-0.116352 0.044552 0.992208 50.667866 0.002906 0.999004 -0.044516 -2.048997 -0.993204 -0.002296 -0.116366 80.815468
-0.117939 0.044890 0.992006 51.720051 0.003603 0.998990 -0.044778 -2.110994 -0.993014 -0.001707 -0.117981 80.712440
-0.119465 0.047623 0.991696 52.780140 0.005475 0.998865 -0.047308 -2.172045 -0.992823 -0.000222 -0.119590 80.573380
-0.120177 0.049795 0.991503 53.843102 0.005172 0.998759 -0.049532 -2.237570 -0.992739 -0.000825 -0.120285 80.437271
-0.120218 0.050308 0.991472 54.915253 0.003375 0.998730 -0.050267 -2.310374 -0.992742 -0.002696 -0.120235 80.306076
-0.120416 0.049014 0.991513 55.994106 -0.000212 0.998779 -0.049399 -2.376680 -0.992724 -0.006159 -0.120258 80.192436
-0.120333 0.048427 0.991552 57.059502 -0.003099 0.998786 -0.049156 -2.444397 -0.992729 -0.008988 -0.120037 80.077484
-0.120323 0.049072 0.991521 58.148418 -0.006864 0.998713 -0.050260 -2.513654 -0.992711 -0.012854 -0.119831 79.966652
-0.120386 0.049220 0.991506 59.236542 -0.011169 0.998640 -0.050931 -2.583359 -0.992664 -0.017205 -0.119672 79.849846
-0.120578 0.048282 0.991529 60.338348 -0.015047 0.998613 -0.050457 -2.656494 -0.992590 -0.021004 -0.119684 79.729897
-0.121129 0.043359 0.991689 61.446613 -0.016039 0.998830 -0.045630 -2.715904 -0.992507 -0.021433 -0.120292 79.597900
-0.121367 0.035101 0.991987 62.567787 -0.012878 0.999235 -0.036933 -2.774763 -0.992524 -0.017257 -0.120822 79.458878
-0.120899 0.030431 0.992198 63.682346 -0.006269 0.999487 -0.031419 -2.812356 -0.992645 -0.010019 -0.120646 79.306358
-0.120014 0.032536 0.992239 64.790665 0.003422 0.999470 -0.032359 -2.857735 -0.992766 -0.000488 -0.120062 79.147720
-0.118836 0.037446 0.992208 65.888474 0.009117 0.999288 -0.036621 -2.912131 -0.992872 0.004694 -0.119093 78.993584
-0.118007 0.042744 0.992092 66.983536 0.012693 0.999056 -0.041534 -2.962116 -0.992932 0.007691 -0.118438 78.849716
-0.117615 0.045416 0.992020 68.085220 0.012368 0.998943 -0.044266 -3.060854 -0.992982 0.007063 -0.118052 78.709869
-0.117324 0.044051 0.992116 69.215431 0.010075 0.999017 -0.043166 -3.113752 -0.993043 0.004931 -0.117652 78.590752
-0.117422 0.039495 0.992296 70.354187 0.008246 0.999213 -0.038795 -3.173550 -0.993048 0.003627 -0.117655 78.471672
-0.116747 0.037483 0.992454 71.498062 0.006947 0.999294 -0.036924 -3.229412 -0.993137 0.002584 -0.116925 78.344032
-0.116111 0.038155 0.992503 72.638947 0.005745 0.999271 -0.037743 -3.275398 -0.993220 0.001319 -0.116246 78.221619
-0.116008 0.042540 0.992337 73.763229 0.005480 0.999095 -0.042189 -3.334680 -0.993233 0.000544 -0.116136 78.087318
-0.115690 0.045668 0.992235 74.896255 0.006584 0.998956 -0.045210 -3.397935 -0.993264 0.001303 -0.115870 77.956703
-0.115571 0.043530 0.992345 76.046028 0.004423 0.999052 -0.043309 -3.475628 -0.993289 -0.000616 -0.115654 77.828369
-0.115279 0.037679 0.992618 77.210045 0.006474 0.999288 -0.037181 -3.531930 -0.993312 0.002140 -0.115441 77.694969
-0.114802 0.036042 0.992734 78.379410 0.007084 0.999346 -0.035463 -3.588733 -0.993363 0.002962 -0.114982 77.549232
-0.114365 0.038968 0.992674 79.543571 0.005534 0.999240 -0.038588 -3.643511 -0.993423 0.001080 -0.114494 77.422234
-0.114144 0.041586 0.992593 80.699409 0.003885 0.999135 -0.041414 -3.703149 -0.993457 -0.000871 -0.114207 77.293350
-0.114243 0.040801 0.992615 81.872475 0.002736 0.999165 -0.040756 -3.772560 -0.993449 -0.001940 -0.114260 77.171295
-0.114371 0.037731 0.992721 83.055573 0.002015 0.999285 -0.037748 -3.826082 -0.993436 -0.002317 -0.114365 77.054527
-0.113544 0.036634 0.992857 84.241234 0.003171 0.999328 -0.036511 -3.885598 -0.993528 -0.000997 -0.113584 76.914177
-0.112518 0.036869 0.992965 85.428528 0.004845 0.999320 -0.036556 -3.945121 -0.993638 0.000697 -0.112620 76.760017
-0.111711 0.037010 0.993051 86.627403 0.006777 0.999311 -0.036481 -4.004716 -0.993718 0.002654 -0.111885 76.622787
-0.110779 0.036777 0.993164 87.828857 0.007179 0.999319 -0.036204 -4.061076 -0.993819 0.003119 -0.110967 76.481400
-0.109918 0.036479 0.993271 89.029083 0.007109 0.999330 -0.035915 -4.126461 -0.993915 0.003114 -0.110103 76.347305
-0.108515 0.035110 0.993475 90.250725 0.008452 0.999373 -0.034395 -4.184011 -0.994059 0.004664 -0.108744 76.220901
-0.107270 0.034177 0.993642 91.456665 0.007274 0.999409 -0.033590 -4.243881 -0.994203 0.003625 -0.107455 76.089470
-0.105730 0.033719 0.993823 92.676102 0.008462 0.999419 -0.033009 -4.295722 -0.994359 0.004920 -0.105954 75.961716
-0.104069 0.034204 0.993982 93.898880 0.007730 0.999406 -0.033581 -4.353640 -0.994540 0.004188 -0.104272 75.833565
-0.102344 0.036395 0.994083 95.118958 0.007754 0.999329 -0.035788 -4.412814 -0.994719 0.004045 -0.102557 75.706253
-0.101486 0.035420 0.994206 96.346390 0.004274 0.999372 -0.035168 -4.470102 -0.994828 0.000680 -0.101574 75.599770
-0.100529 0.034045 0.994352 97.603928 0.001708 0.999419 -0.034046 -4.533678 -0.994933 -0.001724 -0.100528 75.482262
-0.100588 0.034732 0.994322 98.844803 -0.000141 0.999390 -0.034923 -4.595998 -0.994928 -0.003653 -0.100522 75.372581
-0.101082 0.033955 0.994299 100.097916 -0.004226 0.999394 -0.034559 -4.657557 -0.994869 -0.007695 -0.100877 75.251045
-0.102150 0.031506 0.994270 101.342926 -0.007032 0.999451 -0.032393 -4.712713 -0.994744 -0.010300 -0.101873 75.131859
-0.103211 0.029905 0.994210 102.612236 -0.008779 0.999482 -0.030974 -4.770755 -0.994621 -0.011925 -0.102895 75.019592
-0.104823 0.029208 0.994062 103.871864 -0.010041 0.999487 -0.030426 -4.825477 -0.994440 -0.013170 -0.104476 74.892731
-0.106782 0.029099 0.993857 105.121414 -0.010394 0.999484 -0.030380 -4.884542 -0.994228 -0.013575 -0.106424 74.762909
-0.109411 0.026888 0.993633 106.386314 -0.012711 0.999514 -0.028447 -4.953964 -0.993915 -0.015743 -0.109016 74.636032
-0.112221 0.023196 0.993412 107.656448 -0.013876 0.999593 -0.024908 -4.995014 -0.993586 -0.016580 -0.111853 74.515511
-0.115642 0.023165 0.993021 108.914833 -0.012498 0.999615 -0.024775 -5.040753 -0.993212 -0.015276 -0.115308 74.379829
-0.120418 0.027974 0.992329 110.150513 -0.015458 0.999429 -0.030050 -5.110680 -0.992603 -0.018958 -0.119917 74.253166
-0.129441 0.030269 0.991125 111.359421 -0.019789 0.999256 -0.033102 -5.154727 -0.991390 -0.023898 -0.128746 74.121277
-0.138740 0.026392 0.989977 112.610649 -0.019028 0.999389 -0.029310 -5.213482 -0.990146 -0.022904 -0.138153 73.960938
-0.149657 0.023622 0.988456 113.844971 -0.017525 0.999494 -0.026539 -5.270363 -0.988583 -0.021294 -0.149167 73.804832
-0.162138 0.024293 0.986469 115.067879 -0.014971 0.999521 -0.027075 -5.337281 -0.986655 -0.019158 -0.161697 73.613441
-0.176986 0.023904 0.983923 116.286903 -0.014897 0.999525 -0.026963 -5.391705 -0.984101 -0.019430 -0.176546 73.408051
-0.190894 0.022756 0.981347 117.518135 -0.013440 0.999577 -0.025793 -5.426121 -0.981519 -0.018113 -0.190507 73.207794
-0.206428 0.023826 0.978172 118.701843 -0.010348 0.999594 -0.026531 -5.486656 -0.978407 -0.015599 -0.206098 72.956795
-0.221257 0.027968 0.974814 119.888069 -0.007551 0.999510 -0.030390 -5.539633 -0.975186 -0.014085 -0.220937 72.702400
-0.237236 0.030302 0.970979 121.066978 -0.009870 0.999387 -0.033600 -5.607804 -0.971402 -0.017555 -0.236792 72.446060
-0.253938 0.027470 0.966830 122.245071 -0.015529 0.999352 -0.032473 -5.671877 -0.967096 -0.023260 -0.253347 72.171379
-0.269975 0.021246 0.962633 123.437805 -0.021929 0.999362 -0.028206 -5.731499 -0.962618 -0.028724 -0.269336 71.891174
-0.284825 0.018388 0.958403 124.624214 -0.023938 0.999368 -0.026288 -5.774564 -0.958281 -0.030430 -0.284205 71.576302
-0.299566 0.019202 0.953882 125.777306 -0.025639 0.999274 -0.028168 -5.827084 -0.953731 -0.032895 -0.298857 71.239677
-0.314131 0.021315 0.949140 126.929611 -0.025914 0.999183 -0.031015 -5.874073 -0.949026 -0.034339 -0.313322 70.877975
-0.328302 0.022677 0.944300 128.065659 -0.025745 0.999126 -0.032944 -5.932845 -0.944222 -0.035126 -0.327432 70.504410
-0.342622 0.022321 0.939208 129.207108 -0.024361 0.999170 -0.032633 -5.990123 -0.939157 -0.034061 -0.341794 70.109200
-0.356588 0.019855 0.934051 130.345932 -0.025126 0.999209 -0.030833 -6.054459 -0.933924 -0.034464 -0.355807 69.711967
-0.370578 0.018635 0.928614 131.473648 -0.025202 0.999229 -0.030110 -6.112096 -0.928459 -0.034561 -0.369822 69.291992
-0.385645 0.020230 0.922426 132.567047 -0.025831 0.999131 -0.032712 -6.162569 -0.922286 -0.036443 -0.384787 68.858330
-0.400374 0.022086 0.916086 133.665970 -0.025568 0.999051 -0.035261 -6.215926 -0.915995 -0.037540 -0.399429 68.410629
-0.415316 0.023492 0.909374 134.758728 -0.025271 0.998983 -0.037348 -6.274007 -0.909326 -0.038492 -0.414299 67.940643
-0.429700 0.026215 0.902591 135.832718 -0.022321 0.998965 -0.039641 -6.328164 -0.902696 -0.037181 -0.428670 67.442665
-0.444571 0.029577 0.895255 136.912750 -0.022403 0.998775 -0.044122 -6.397476 -0.895463 -0.039672 -0.443364 66.933029
-0.459620 0.030204 0.887602 137.980026 -0.023450 0.998660 -0.046126 -6.468116 -0.887806 -0.042014 -0.458296 66.397263
-0.475383 0.027229 0.879357 139.059601 -0.025103 0.998694 -0.044496 -6.547970 -0.879421 -0.043227 -0.474079 65.857193
-0.491005 0.023294 0.870845 140.143631 -0.027885 0.998710 -0.042437 -6.605597 -0.870710 -0.045120 -0.489722 65.289543
-0.506987 0.022951 0.861648 141.220657 -0.028710 0.998641 -0.043492 -6.677396 -0.861475 -0.046788 -0.505639 64.697800
-0.523120 0.021772 0.851981 142.278259 -0.030622 0.998548 -0.044320 -6.742262 -0.851709 -0.049275 -0.521694 64.090172
-0.538682 0.020718 0.842255 143.326370 -0.031489 0.998504 -0.044701 -6.810272 -0.841921 -0.050601 -0.537224 63.454556
-0.554406 0.019793 0.832011 144.366089 -0.033290 0.998390 -0.045933 -6.879688 -0.831580 -0.053163 -0.552854 62.795662
-0.569858 0.018953 0.821524 145.403198 -0.034030 0.998332 -0.046637 -6.955336 -0.821038 -0.054532 -0.568263 62.119949
