1.000000 0.000000 0.000000 0.000000 0.000000 1.000000 0.000000 0.000000 0.000000 0.000000 1.000000 0.000000
0.999998 -0.002186 -0.000348 -0.036346 0.002187 0.999993 0.002988 -0.004196 0.000341 -0.002989 0.999995 1.617931
0.999993 -0.003716 -0.001044 -0.050069 0.003720 0.999988 0.003195 0.005544 0.001032 -0.003199 0.999994 3.183902
0.999991 -0.003686 -0.001936 -0.068371 0.003691 0.999989 0.002815 0.007827 0.001925 -0.002822 0.999994 4.757263
0.999989 -0.003771 -0.002847 -0.087074 0.003778 0.999990 0.002381 0.011620 0.002838 -0.002392 0.999993 6.332384
0.999986 -0.003943 -0.003548 -0.109624 0.003952 0.999989 0.002453 0.006316 0.003538 -0.002467 0.999991 7.906716
0.999979 -0.004165 -0.005025 -0.108305 0.004177 0.999988 0.002349 0.003748 0.005015 -0.002370 0.999985 9.444910
0.999958 -0.006695 -0.006183 -0.097813 0.006703 0.999977 0.001254 0.000651 0.006174 -0.001296 0.999980 10.995310
0.999936 -0.008418 -0.007500 -0.087898 0.008430 0.999963 0.001570 -0.015447 0.007486 -0.001633 0.999971 12.536806
0.999926 -0.007972 -0.009196 -0.056161 0.007988 0.999967 0.001671 -0.039160 0.009182 -0.001744 0.999956 14.063107
0.999912 -0.007790 -0.010728 -0.031717 0.007810 0.999968 0.001824 -0.059249 0.010713 -0.001907 0.999941 15.594118
0.999909 -0.006587 -0.011764 -0.009952 0.006609 0.999976 0.001860 -0.061040 0.011752 -0.001937 0.999929 17.208637
0.999913 -0.004833 -0.012240 -0.040848 0.004861 0.999986 0.002240 -0.066065 0.012229 -0.002300 0.999923 18.659046
0.999902 -0.003872 -0.013440 -0.057632 0.003911 0.999988 0.002916 -0.080635 0.013429 -0.002968 0.999905 20.063683
0.999892 -0.004110 -0.014078 -0.078397 0.004153 0.999987 0.002987 -0.096226 0.014066 -0.003045 0.999896 21.453564
0.999885 -0.003302 -0.014822 -0.094897 0.003350 0.999989 0.003255 -0.111658 0.014812 -0.003304 0.999885 22.843269
0.999888 -0.002524 -0.014723 -0.125866 0.002577 0.999990 0.003577 -0.120661 0.014714 -0.003614 0.999885 24.197681
0.999889 -0.001310 -0.014835 -0.139872 0.001385 0.999987 0.005001 -0.142276 0.014828 -0.005021 0.999877 25.542702
0.999885 -0.001326 -0.015107 -0.153295 0.001385 0.999991 0.003917 -0.164798 0.015102 -0.003937 0.999878 26.866907
0.999884 -0.000671 -0.015229 -0.169979 0.000700 0.999998 0.001871 -0.179978 0.015228 -0.001882 0.999882 28.206963
0.999880 -0.001804 -0.015365 -0.172614 0.001836 0.999996 0.002109 -0.208714 0.015361 -0.002137 0.999880 29.517420
0.999873 -0.002624 -0.015697 -0.179001 0.002704 0.999984 0.005052 -0.226525 0.015683 -0.005094 0.999864 30.870691
0.999855 -0.004392 -0.016448 -0.174697 0.004498 0.999969 0.006400 -0.243123 0.016419 -0.006473 0.999844 32.224472
0.999840 -0.004549 -0.017325 -0.171962 0.004655 0.999970 0.006107 -0.259507 0.017297 -0.006187 0.999831 33.561012
0.999830 -0.004317 -0.017898 -0.179978 0.004395 0.999981 0.004275 -0.276129 0.017879 -0.004353 0.999831 34.879578
0.999829 -0.003348 -0.018176 -0.193840 0.003413 0.999988 0.003524 -0.286683 0.018164 -0.003585 0.999829 36.220417
0.999835 -0.002175 -0.018044 -0.209693 0.002225 0.999994 0.002752 -0.309372 0.018038 -0.002792 0.999833 37.530376
0.999834 -0.001173 -0.018169 -0.199165 0.001241 0.999992 0.003702 -0.325160 0.018164 -0.003724 0.999828 38.783783
0.999842 -0.000797 -0.017772 -0.193110 0.000897 0.999984 0.005623 -0.336324 0.017767 -0.005638 0.999826 40.039574
0.999852 -0.000997 -0.017180 -0.186142 0.001107 0.999979 0.006449 -0.347546 0.017173 -0.006467 0.999832 41.286243
0.999875 -0.000630 -0.015795 -0.181513 0.000738 0.999977 0.006810 -0.351685 0.015790 -0.006821 0.999852 42.526844
0.999906 -0.000967 -0.013678 -0.167754 0.001051 0.999980 0.006165 -0.362386 0.013672 -0.006179 0.999887 43.752262
0.999940 -0.001501 -0.010825 -0.166367 0.001548 0.999989 0.004348 -0.375511 0.010818 -0.004364 0.999932 44.973564
0.999967 -0.001397 -0.008020 -0.171310 0.001419 0.999995 0.002733 -0.392580 0.008016 -0.002744 0.999964 46.124401
0.999990 -0.001089 -0.004408 -0.169663 0.001103 0.999994 0.003258 -0.406080 0.004404 -0.003262 0.999985 47.292618
1.000000 -0.000355 0.000555 -0.167997 0.000354 0.999995 0.003192 -0.424037 -0.000556 -0.003191 0.999995 48.444763
0.999980 0.000676 0.006336 -0.155025 -0.000692 0.999996 0.002560 -0.440884 -0.006335 -0.002564 0.999977 49.606709
0.999912 0.002080 0.013092 -0.138116 -0.002117 0.999994 0.002793 -0.458149 -0.013087 -0.002821 0.999910 50.740341
0.999775 0.003462 0.020949 -0.120384 -0.003538 0.999987 0.003583 -0.466467 -0.020937 -0.003656 0.999774 51.867779
0.999492 0.005579 0.031363 -0.101941 -0.005709 0.999976 0.004036 -0.475597 -0.031340 -0.004213 0.999500 52.952438
0.998993 0.008251 0.044098 -0.067635 -0.008427 0.999957 0.003800 -0.487709 -0.044065 -0.004168 0.999020 54.017342
0.998229 0.010359 0.058573 -0.010727 -0.010642 0.999933 0.004522 -0.509491 -0.058522 -0.005138 0.998273 55.055492
0.997103 0.012446 0.075036 0.055138 -0.012870 0.999904 0.005170 -0.507605 -0.074964 -0.006120 0.997167 56.154228
0.995599 0.012607 0.092864 0.140670 -0.013185 0.999897 0.005605 -0.510945 -0.092784 -0.006805 0.995663 57.225403
0.993683 0.012311 0.111548 0.261370 -0.012908 0.999906 0.004634 -0.520099 -0.111480 -0.006045 0.993748 58.289551
0.991107 0.010879 0.132618 0.390613 -0.011443 0.999928 0.003495 -0.520781 -0.132571 -0.004982 0.991161 59.435863
0.988032 0.008506 0.154015 0.547461 -0.009033 0.999955 0.002722 -0.514733 -0.153985 -0.004081 0.988065 60.549164
0.984258 0.002982 0.176710 0.734916 -0.003788 0.999984 0.004221 -0.509477 -0.176694 -0.004824 0.984254 61.696041
0.979552 -0.002260 0.201180 0.943598 0.001310 0.999987 0.004853 -0.499268 -0.201188 -0.004490 0.979542 62.858917
0.974088 -0.007449 0.226046 1.180329 0.006744 0.999970 0.003893 -0.495009 -0.226068 -0.002268 0.974109 63.983570
0.967721 -0.013267 0.251673 1.454859 0.013198 0.999911 0.001964 -0.501314 -0.251677 0.001421 0.967810 65.044258
0.960246 -0.016872 0.278644 1.748005 0.016904 0.999855 0.002288 -0.503004 -0.278642 0.002514 0.960392 66.089188
0.951436 -0.019666 0.307218 2.060788 0.019349 0.999804 0.004080 -0.492774 -0.307238 0.002062 0.951630 67.149338
0.941684 -0.023813 0.335655 2.424923 0.022928 0.999715 0.006600 -0.490880 -0.335717 0.001481 0.941962 68.175201
0.930996 -0.026606 0.364060 2.818625 0.026311 0.999637 0.005771 -0.485848 -0.364081 0.004206 0.931358 69.132210
0.919092 -0.025794 0.393198 3.207069 0.027346 0.999625 0.001654 -0.487359 -0.393093 0.009232 0.919452 70.034760
0.905775 -0.026736 0.422915 3.574506 0.031185 0.999507 -0.003603 -0.495262 -0.422610 0.016452 0.906162 70.884476
0.891708 -0.028374 0.451720 4.020911 0.034890 0.999373 -0.006102 -0.503118 -0.451263 0.021202 0.892139 71.741714
0.876326 -0.029204 0.480833 4.504949 0.034903 0.999386 -0.002914 -0.509996 -0.480453 0.019336 0.876807 72.582977
0.858743 -0.028451 0.511616 5.011503 0.031414 0.999502 0.002855 -0.518829 -0.511443 0.013620 0.859209 73.426132
0.839283 -0.027929 0.542977 5.547349 0.029262 0.999553 0.006184 -0.520789 -0.542907 0.010698 0.839725 74.239838
0.818133 -0.021502 0.574627 6.092147 0.025356 0.999678 0.001307 -0.525306 -0.574470 0.013501 0.818414 75.021881
0.795858 -0.014530 0.605309 6.662759 0.022873 0.999720 -0.006076 -0.526331 -0.605051 0.018681 0.795967 75.790215
0.773386 -0.011962 0.633822 7.269010 0.022592 0.999707 -0.008700 -0.522115 -0.633532 0.021048 0.773430 76.530136
0.749905 -0.014644 0.661384 7.892763 0.024165 0.999694 -0.005264 -0.537479 -0.661104 0.019930 0.750029 77.231735
0.725390 -0.014982 0.688175 8.540335 0.025300 0.999668 -0.004905 -0.545763 -0.687873 0.020969 0.725528 77.903008
0.699985 -0.012657 0.714045 9.198105 0.026043 0.999630 -0.007811 -0.555622 -0.713683 0.024064 0.700056 78.543060
0.673615 -0.009788 0.739018 9.865595 0.026286 0.999597 -0.010720 -0.555868 -0.738615 0.026647 0.673601 79.154228
0.646718 -0.007090 0.762696 10.559335 0.024987 0.999617 -0.011895 -0.564878 -0.762320 0.026750 0.646648 79.737297
0.619107 -0.005402 0.785288 11.290799 0.025447 0.999589 -0.013185 -0.577454 -0.784894 0.028146 0.618990 80.290077
0.590870 0.001199 0.806766 12.033651 0.024430 0.999514 -0.019378 -0.596880 -0.806397 0.031159 0.590554 80.809189
0.560966 0.010684 0.827770 12.796155 0.023964 0.999288 -0.029138 -0.612699 -0.827492 0.036183 0.560311 81.316025
0.530705 0.019267 0.847338 13.577872 0.023342 0.999030 -0.037336 -0.636017 -0.847235 0.039593 0.529740 81.781120
0.500255 0.024232 0.865539 14.403362 0.021854 0.998937 -0.040598 -0.659216 -0.865602 0.039225 0.499194 82.204216
0.468926 0.023991 0.882912 15.247956 0.020286 0.999075 -0.037921 -0.695795 -0.883005 0.035693 0.468005 82.609802
0.436452 0.022800 0.899439 16.117451 0.016214 0.999317 -0.033200 -0.736984 -0.899581 0.029074 0.435784 83.009460
0.402883 0.024185 0.914932 16.995615 0.012616 0.999409 -0.031973 -0.770385 -0.915165 0.024424 0.402340 83.379463
0.367772 0.027412 0.929512 17.874094 0.005612 0.999482 -0.031696 -0.806405 -0.929899 0.016873 0.367427 83.732422
0.332260 0.029301 0.942732 18.790939 0.001397 0.999501 -0.031557 -0.837398 -0.943187 0.011802 0.332054 84.051079
0.296355 0.028707 0.954646 19.715164 -0.001482 0.999561 -0.029597 -0.878686 -0.955077 0.007356 0.296268 84.336792
0.260610 0.028743 0.965016 20.638430 -0.001316 0.999566 -0.029417 -0.900465 -0.965443 0.006397 0.260534 84.565727
0.224995 0.028828 0.973933 21.596741 -0.000448 0.999565 -0.029484 -0.920036 -0.974360 0.006197 0.224910 84.770218
0.189824 0.027968 0.981420 22.567371 0.002092 0.999580 -0.028890 -0.943219 -0.981816 0.007537 0.189686 84.944901
0.155469 0.027502 0.987458 23.544249 0.010588 0.999509 -0.029504 -0.963099 -0.987784 0.015042 0.155101 85.078079
0.121619 0.031186 0.992087 24.524111 0.013813 0.999356 -0.033107 -0.989953 -0.992481 0.017730 0.121110 85.189743
0.089068 0.036325 0.995363 25.504494 0.015313 0.999167 -0.037834 -1.024030 -0.995908 0.018612 0.088437 85.270706
0.059939 0.040315 0.997388 26.484148 0.022852 0.998867 -0.041748 -1.058288 -0.997940 0.025295 0.058950 85.316872
0.033723 0.038812 0.998677 27.465065 0.025913 0.998876 -0.039694 -1.094197 -0.999095 0.027217 0.032679 85.354599
0.011399 0.035690 0.999298 28.465425 0.028131 0.998956 -0.035999 -1.137024 -0.999539 0.028522 0.010383 85.358284
-0.007569 0.033289 0.999417 29.458000 0.028698 0.999041 -0.033059 -1.175738 -0.999559 0.028431 -0.008517 85.338631
-0.024618 0.036849 0.999018 30.442587 0.030872 0.998872 -0.036083 -1.208986 -0.999220 0.029953 -0.025728 85.307541
-0.039217 0.041539 0.998367 31.445091 0.034179 0.998607 -0.040206 -1.240157 -0.998646 0.032546 -0.040582 85.247696
-0.050936 0.046980 0.997596 32.462048 0.038651 0.998237 -0.045037 -1.275570 -0.997954 0.036264 -0.052662 85.171379
-0.060259 0.050908 0.996884 33.491829 0.044534 0.997841 -0.048265 -1.312405 -0.997189 0.041487 -0.062396 85.097580
-0.066418 0.056293 0.996203 34.507217 0.049176 0.997379 -0.053081 -1.363273 -0.996579 0.045464 -0.069013 85.017029
-0.070853 0.061343 0.995599 35.527561 0.051117 0.997019 -0.057793 -1.414930 -0.996176 0.046797 -0.073777 84.938911
-0.075296 0.065573 0.995003 36.533409 0.053293 0.996674 -0.061650 -1.476699 -0.995736 0.048384 -0.078541 84.873932
-0.079284 0.068954 0.994464 37.549995 0.054187 0.996428 -0.064770 -1.536505 -0.995378 0.048752 -0.082738 84.801949
-0.083308 0.072739 0.993866 38.565575 0.054879 0.996154 -0.068306 -1.607985 -0.995012 0.048852 -0.086980 84.727715
-0.086644 0.076718 0.993281 39.601891 0.056644 0.995797 -0.071972 -1.682374 -0.994628 0.050027 -0.090626 84.636787
-0.089132 0.078263 0.992940 40.647369 0.059734 0.995534 -0.073105 -1.759489 -0.994227 0.052797 -0.093409 84.514816
-0.091464 0.077227 0.992809 41.703613 0.059702 0.995620 -0.071945 -1.833626 -0.994017 0.052693 -0.095674 84.390198
-0.092833 0.077229 0.992682 42.782116 0.059235 0.995650 -0.071921 -1.906823 -0.993918 0.052125 -0.097003 84.225456
-0.092903 0.078684 0.992561 43.933548 0.060080 0.995499 -0.073294 -1.986649 -0.993861 0.052824 -0.097212 83.991661
-0.095033 0.080998 0.992173 45.000912 0.059073 0.995387 -0.075602 -2.068985 -0.993720 0.051426 -0.099379 83.849152
-0.097307 0.083154 0.991775 46.050236 0.058017 0.995283 -0.077756 -2.156847 -0.993562 0.049973 -0.101672 83.720749
-0.099788 0.087058 0.991193 47.124603 0.056349 0.995061 -0.081725 -2.235627 -0.993412 0.047698 -0.104201 83.598045
-0.101816 0.091436 0.990592 48.211063 0.053126 0.994846 -0.086368 -2.319926 -0.993384 0.043833 -0.106149 83.475372
-0.104144 0.093910 0.990119 49.315212 0.050820 0.994734 -0.089002 -2.413106 -0.993263 0.041048 -0.108368 83.338341
-0.106564 0.092627 0.989982 50.392059 0.048799 0.994939 -0.087838 -2.502861 -0.993108 0.038950 -0.110545 83.199127
-0.109461 0.088654 0.990030 51.467178 0.046162 0.995393 -0.084030 -2.594895 -0.992919 0.036503 -0.113049 83.077126
-0.111496 0.087067 0.989943 52.528988 0.046258 0.995529 -0.082348 -2.688126 -0.992688 0.036612 -0.115025 82.940536
-0.113254 0.087728 0.989685 53.634830 0.045452 0.995509 -0.083043 -2.777882 -0.992526 0.035578 -0.116733 82.799706
-0.114077 0.090864 0.989308 54.716755 0.047161 0.995181 -0.085966 -2.862841 -0.992352 0.036850 -0.117812 82.650978
-0.114580 0.094200 0.988938 55.806133 0.048319 0.994844 -0.089165 -2.946306 -0.992238 0.037568 -0.118541 82.508781
-0.114835 0.094978 0.988834 56.917622 0.046954 0.994825 -0.090100 -3.041238 -0.992274 0.036083 -0.118700 82.369164
-0.114888 0.094139 0.988908 58.022160 0.044171 0.994999 -0.089588 -3.131943 -0.992396 0.033389 -0.118472 82.233849
-0.115099 0.093753 0.988920 59.120731 0.040889 0.995140 -0.089583 -3.229908 -0.992512 0.030125 -0.118373 82.106667
-0.115437 0.095286 0.988734 60.233112 0.037556 0.995095 -0.091514 -3.325813 -0.992604 0.026569 -0.118450 81.968559
-0.116123 0.095580 0.988625 61.330429 0.033668 0.995166 -0.092258 -3.425351 -0.992664 0.022571 -0.118780 81.841934
-0.116627 0.095241 0.988599 62.441010 0.030215 0.995271 -0.092320 -3.525049 -0.992716 0.019104 -0.118954 81.701462
-0.117179 0.090411 0.988987 63.570404 0.030279 0.995710 -0.087438 -3.618609 -0.992649 0.019700 -0.119414 81.554459
-0.117356 0.081989 0.989700 64.715424 0.033650 0.996342 -0.078549 -3.713777 -0.992520 0.024085 -0.119685 81.393166
-0.117479 0.076698 0.990109 65.857841 0.039234 0.996593 -0.072545 -3.806869 -0.992300 0.030324 -0.120088 81.235161
-0.116626 0.079463 0.989992 66.999275 0.048069 0.996078 -0.074289 -3.885292 -0.992012 0.038923 -0.119988 81.061729
-0.115891 0.085541 0.989572 68.130699 0.053565 0.995373 -0.079769 -3.965814 -0.991817 0.043761 -0.119937 80.904610
-0.114934 0.091853 0.989117 69.277527 0.057435 0.994665 -0.085694 -4.046008 -0.991711 0.046961 -0.119597 80.733490
-0.113352 0.096683 0.988840 70.442459 0.059320 0.994137 -0.090401 -4.140221 -0.991782 0.048411 -0.118422 80.546753
-0.112791 0.094565 0.989109 71.663696 0.056980 0.994438 -0.088577 -4.230867 -0.991984 0.046368 -0.117552 80.355652
-0.111388 0.090401 0.989657 72.904121 0.057118 0.994790 -0.084441 -4.329360 -0.992134 0.047121 -0.115971 80.130943
-0.110444 0.089341 0.989859 74.126839 0.055865 0.994935 -0.083566 -4.414491 -0.992311 0.046069 -0.114876 79.932587
-0.110108 0.090090 0.989828 75.274734 0.055607 0.994882 -0.084364 -4.515438 -0.992363 0.045752 -0.114554 79.785912
-0.110411 0.095668 0.989271 76.391167 0.055704 0.994388 -0.089945 -4.606785 -0.992324 0.045175 -0.115121 79.661850
-0.110440 0.098462 0.988994 77.528038 0.055298 0.994148 -0.092800 -4.710721 -0.992343 0.044441 -0.115239 79.530945
-0.110667 0.097659 0.989048 78.660393 0.055900 0.994197 -0.091912 -4.814537 -0.992284 0.045116 -0.115484 79.407089
-0.111047 0.091090 0.989632 79.813255 0.057428 0.994715 -0.085114 -4.922138 -0.992155 0.047381 -0.115691 79.278709
-0.111792 0.090024 0.989646 80.980972 0.057555 0.994803 -0.083991 -5.019878 -0.992064 0.047569 -0.116392 79.142349
-0.111959 0.093457 0.989308 82.151741 0.055290 0.994611 -0.087701 -5.118349 -0.992173 0.044880 -0.116523 79.007507
-0.111929 0.096635 0.989006 83.331131 0.055523 0.994314 -0.090870 -5.223348 -0.992164 0.044742 -0.116658 78.864098
-0.112466 0.096532 0.988955 84.512924 0.054731 0.994361 -0.090836 -5.325654 -0.992147 0.043911 -0.117115 78.725876
-0.112426 0.093526 0.989249 85.709000 0.054746 0.994631 -0.087813 -5.427602 -0.992151 0.044285 -0.116942 78.580482
-0.112500 0.092826 0.989306 86.917290 0.055326 0.994668 -0.087038 -5.529060 -0.992110 0.044943 -0.117036 78.443939
-0.111930 0.093337 0.989323 88.120560 0.057335 0.994527 -0.087341 -5.638099 -0.992061 0.046946 -0.116669 78.299385
-0.111132 0.093885 0.989361 89.335648 0.060144 0.994338 -0.087601 -5.739662 -0.991984 0.049768 -0.116149 78.148003
-0.111323 0.093734 0.989354 90.558952 0.060052 0.994357 -0.087451 -5.841687 -0.991968 0.049678 -0.116323 78.018318
-0.109909 0.094983 0.989393 91.790993 0.061971 0.994142 -0.088555 -5.940219 -0.992008 0.051581 -0.115152 77.856377
-0.108972 0.093281 0.989658 93.004745 0.062550 0.994258 -0.086828 -6.048608 -0.992075 0.052441 -0.114181 77.701820
-0.107816 0.092934 0.989818 94.246346 0.061464 0.994340 -0.086664 -6.152014 -0.992269 0.051494 -0.112918 77.537338
-0.106449 0.092944 0.989965 95.496246 0.062901 0.994257 -0.086583 -6.252666 -0.992327 0.053053 -0.111684 77.369682
-0.104992 0.094212 0.990000 96.762543 0.061342 0.994220 -0.088108 -6.357809 -0.992579 0.051478 -0.110165 77.209167
-0.103480 0.096984 0.989892 98.019333 0.062286 0.993913 -0.090866 -6.472344 -0.992679 0.052254 -0.108891 77.041046
-0.102338 0.095988 0.990108 99.285126 0.060329 0.994100 -0.090139 -6.584285 -0.992919 0.050507 -0.107525 76.878662
-0.101762 0.094850 0.990277 100.527481 0.056833 0.994373 -0.089403 -6.700278 -0.993184 0.047182 -0.106580 76.712456
-0.101622 0.096534 0.990128 101.792244 0.055131 0.994298 -0.091282 -6.802800 -0.993294 0.045311 -0.106365 76.568008
-0.102248 0.096238 0.990093 103.081223 0.052784 0.994432 -0.091209 -6.915801 -0.993357 0.042935 -0.106759 76.427574
-0.103259 0.093903 0.990212 104.365356 0.050477 0.994746 -0.089070 -7.028356 -0.993373 0.040785 -0.107457 76.278542
-0.104756 0.092439 0.990193 105.625626 0.048438 0.994963 -0.087760 -7.148380 -0.993318 0.038770 -0.108706 76.123764
-0.106445 0.092212 0.990033 106.899101 0.047134 0.995039 -0.087611 -7.256593 -0.993201 0.037339 -0.110264 75.976143
-0.108079 0.092819 0.989800 108.182343 0.047709 0.994969 -0.088094 -7.367130 -0.992997 0.037701 -0.111964 75.818161
-0.109888 0.092579 0.989623 109.481529 0.048464 0.994968 -0.087697 -7.462195 -0.992762 0.038324 -0.113822 75.644554
-0.112343 0.087982 0.989767 110.824928 0.046640 0.995441 -0.083193 -7.576622 -0.992574 0.036817 -0.115934 75.454224
-0.116163 0.088458 0.989283 112.121452 0.046918 0.995403 -0.083496 -7.679360 -0.992121 0.036716 -0.119780 75.272133
-0.122032 0.094641 0.988004 113.378990 0.043283 0.995004 -0.089965 -7.787969 -0.991582 0.031785 -0.125519 75.119125
-0.129641 0.098256 0.986681 114.639305 0.043972 0.994669 -0.093274 -7.891047 -0.990586 0.031294 -0.133271 74.954796
-0.138716 0.094369 0.985826 115.900032 0.046511 0.994972 -0.088700 -8.007031 -0.989239 0.033548 -0.142408 74.763603
-0.149433 0.092811 0.984406 117.175385 0.049596 0.995035 -0.086284 -8.115497 -0.987527 0.035929 -0.153294 74.549057
-0.162320 0.094631 0.982190 118.412231 0.051848 0.994834 -0.087280 -8.216399 -0.985375 0.036757 -0.166388 74.336395
-0.176331 0.095134 0.979723 119.615959 0.054246 0.994745 -0.086829 -8.325245 -0.982835 0.037836 -0.180565 74.110283
-0.190894 0.093497 0.977148 120.829155 0.055892 0.994874 -0.084274 -8.425817 -0.980018 0.038528 -0.195141 73.865479
-0.205073 0.097058 0.973922 122.030571 0.062144 0.994354 -0.086009 -8.530336 -0.976772 0.042885 -0.209947 73.572754
-0.218818 0.101122 0.970512 123.200478 0.063931 0.993964 -0.089152 -8.627063 -0.973669 0.042538 -0.223962 73.257210
-0.233482 0.105395 0.966632 124.397392 0.065050 0.993574 -0.092620 -8.741525 -0.970183 0.041255 -0.238838 72.945427
-0.249438 0.104223 0.962766 125.560112 0.063056 0.993830 -0.091249 -8.844412 -0.966336 0.037947 -0.254470 72.635353
-0.264441 0.098846 0.959323 126.730339 0.058567 0.994544 -0.086330 -8.960825 -0.962622 0.033355 -0.268787 72.275352
-0.279639 0.095741 0.955320 127.896339 0.055564 0.994962 -0.083450 -9.052544 -0.958496 0.029746 -0.283549 71.917526
-0.293696 0.098118 0.950850 129.054199 0.055686 0.994785 -0.085452 -9.154517 -0.954275 0.027852 -0.297629 71.522484
-0.307766 0.100444 0.946145 130.158279 0.056846 0.994577 -0.087094 -9.263870 -0.949762 0.026980 -0.311807 71.152092
-0.321440 0.103167 0.941293 131.272247 0.059938 0.994271 -0.088505 -9.374799 -0.945031 0.027970 -0.325782 70.764397
-0.335338 0.103475 0.936398 132.381714 0.062547 0.994202 -0.087464 -9.479577 -0.940019 0.029239 -0.339866 70.357086
-0.349415 0.101858 0.931415 133.475372 0.063280 0.994369 -0.085004 -9.591213 -0.934829 0.029238 -0.353893 69.941200
-0.363757 0.100748 0.926029 134.565186 0.063273 0.994510 -0.083344 -9.694890 -0.929342 0.028275 -0.368135 69.503021
-0.378196 0.102941 0.919984 135.650650 0.062853 0.994360 -0.085425 -9.792896 -0.923589 0.025517 -0.382533 69.052101
-0.392721 0.105309 0.913609 136.730713 0.063660 0.994152 -0.087228 -9.890230 -0.917452 0.023904 -0.397128 68.581825
-0.407228 0.107235 0.907009 137.819214 0.065028 0.993967 -0.088320 -9.994635 -0.911009 0.023014 -0.411745 68.088745
-0.420804 0.110047 0.900452 138.933258 0.068750 0.993629 -0.089306 -10.105096 -0.904543 0.024326 -0.425689 67.544411
-0.435521 0.113902 0.892943 140.022675 0.069107 0.993266 -0.092992 -10.213355 -0.897522 0.021208 -0.440459 67.009628
-0.451056 0.116380 0.884875 141.140076 0.070238 0.993015 -0.094800 -10.325246 -0.889728 0.019392 -0.456080 66.455574
-0.466403 0.113952 0.877202 142.220200 0.069156 0.993330 -0.092268 -10.433917 -0.881865 0.017630 -0.471172 65.886566
-0.482418 0.109462 0.869075 143.287888 0.066495 0.993875 -0.088270 -10.553814 -0.873414 0.015206 -0.486741 65.284958
-0.498768 0.109590 0.859779 144.369370 0.065961 0.993897 -0.088420 -10.665974 -0.864222 0.012611 -0.502953 64.661613
-0.514582 0.108955 0.850490 145.403137 0.065362 0.993992 -0.087792 -10.774572 -0.854946 0.010413 -0.518612 64.024139
-0.529989 0.108380 0.841050 146.430573 0.065227 0.994071 -0.086997 -10.871398 -0.845492 0.008752 -0.533916 63.350323
-0.545494 0.108440 0.831070 147.448135 0.065111 0.994081 -0.086972 -10.980772 -0.835581 0.006669 -0.549326 62.663223
-0.560643 0.108395 0.820933 148.476959 0.065531 0.994094 -0.086505 -11.086948 -0.825461 0.005298 -0.564435 61.947346
