1.000000 0.000000 0.000000 0.000000 0.000000 1.000000 0.000000 0.000000 0.000000 0.000000 1.000000 0.000000
0.999996 -0.000688 0.002721 -0.003514 0.000691 0.999999 -0.000759 -0.002939 -0.002720 0.000761 0.999996 1.288665
0.999984 -0.000393 0.005592 -0.008651 0.000404 0.999998 -0.001862 -0.013217 -0.005591 0.001865 0.999983 2.539672
0.999963 0.000446 0.008604 -0.012723 -0.000421 0.999996 -0.002958 -0.021030 -0.008606 0.002955 0.999959 3.815536
0.999927 0.001679 0.011940 -0.012840 -0.001648 0.999995 -0.002601 -0.029304 -0.011945 0.002581 0.999925 5.086325
0.999877 0.001500 0.015594 -0.005310 -0.001483 0.999998 -0.001122 -0.035034 -0.015595 0.001098 0.999878 6.357622
0.999817 0.001685 0.019066 0.012480 -0.001675 0.999998 -0.000499 -0.044133 -0.019067 0.000467 0.999818 7.603355
0.999746 0.002297 0.022434 0.023757 -0.002261 0.999996 -0.001600 -0.048170 -0.022438 0.001549 0.999747 8.836908
0.999662 0.003774 0.025737 0.041953 -0.003707 0.999990 -0.002678 -0.058362 -0.025747 0.002581 0.999665 10.078424
0.999531 0.005341 0.030146 0.063563 -0.005296 0.999985 -0.001593 -0.065644 -0.030154 0.001432 0.999544 11.317463
0.999375 0.006412 0.034760 0.092164 -0.006443 0.999979 0.000790 -0.067896 -0.034754 -0.001014 0.999395 12.550560
