1.000000 0.000000 0.000000 0.000000 0.000000 1.000000 0.000000 0.000000 0.000000 0.000000 1.000000 0.000000
0.999989 -0.000721 0.004546 -0.002851 0.000712 0.999998 0.002000 -0.008544 -0.004547 -0.001997 0.999988 1.295968
0.999958 -0.001225 0.009067 0.000290 0.001212 0.999998 0.001427 -0.012146 -0.009069 -0.001416 0.999958 2.568906
0.999907 -0.002225 0.013478 0.012942 0.002222 0.999997 0.000199 -0.018045 -0.013479 -0.000169 0.999909 3.819662
0.999840 -0.002526 0.017719 0.028289 0.002525 0.999997 0.000087 -0.025994 -0.017719 -0.000043 0.999843 5.063586
0.999761 -0.002282 0.021755 0.046833 0.002283 0.999997 -0.000023 -0.030645 -0.021755 0.000073 0.999763 6.301139
0.999670 -0.002755 0.025558 0.072288 0.002774 0.999996 -0.000678 -0.036687 -0.025556 0.000748 0.999673 7.546871
0.999586 -0.002066 0.028697 0.096085 0.002112 0.999997 -0.001562 -0.043604 -0.028694 0.001622 0.999587 8.776484
0.999488 -0.001788 0.031950 0.128802 0.001847 0.999997 -0.001801 -0.052192 -0.031947 0.001859 0.999488 10.019631
0.999391 -0.000656 0.034883 0.160625 0.000686 0.999999 -0.000860 -0.055578 -0.034883 0.000883 0.999391 11.249055
0.999284 -0.000622 0.037820 0.197666 0.000623 1.000000 -0.000021 -0.061605 -0.037820 0.000045 0.999285 12.480255
