1.000000 0.000000 0.000000 0.000000 0.000000 1.000000 0.000000 0.000000 0.000000 0.000000 1.000000 0.000000
1.000000 0.000000 0.000000 0.000000 0.000000 1.000000 0.000000 0.000000 0.000000 0.000000 1.000000 0.000000
1.000000 0.000000 0.000000 0.000000 0.000000 1.000000 0.000000 0.000000 0.000000 0.000000 1.000000 0.000000
1.000000 0.000000 0.000000 0.000000 0.000000 1.000000 0.000000 0.000000 0.000000 0.000000 1.000000 0.000000
0.999963 0.000446 0.008604 -0.012723 -0.000421 0.999996 -0.002958 -0.021030 -0.008606 0.002955 0.999959 3.815536
0.999877 0.001500 0.015594 -0.005310 -0.001483 0.999998 -0.001122 -0.035034 -0.015595 0.001098 0.999878 6.357622
0.999817 0.001685 0.019066 0.012480 -0.001675 0.999998 -0.000499 -0.044133 -0.019067 0.000467 0.999818 7.603355
0.999746 0.002297 0.022434 0.023757 -0.002261 0.999996 -0.001600 -0.048170 -0.022438 0.001549 0.999747 8.836908
0.999662 0.003774 0.025737 0.041953 -0.003707 0.999990 -0.002678 -0.058362 -0.025747 0.002581 0.999665 10.078424
0.999662 0.003774 0.025737 0.041953 -0.003707 0.999990 -0.002678 -0.058362 -0.025747 0.002581 0.999665 10.078424
0.999427 0.008434 0.032778 0.077123 -0.008494 0.999962 0.001704 -0.071894 -0.032763 -0.001981 0.999461 12.764607
