1.000000 0.000000 0.000000 0.000000 0.000000 1.000000 0.000000 0.000000 0.000000 0.000000 1.000000 0.000000
0.999989 -0.000721 0.004546 -0.002851 0.000712 0.999998 0.002000 -0.008544 -0.004547 -0.001997 0.999988 1.295968
0.999958 -0.001225 0.009067 0.000290 0.001212 0.999998 0.001427 -0.012146 -0.009069 -0.001416 0.999958 2.568906
0.999907 -0.002225 0.013478 0.012942 0.002222 0.999997 0.000199 -0.018045 -0.013479 -0.000169 0.999909 3.819662
0.999907 -0.002225 0.013478 0.012942 0.002222 0.999997 0.000199 -0.018045 -0.013479 -0.000169 0.999909 3.819662
0.999808 -0.000438 0.019586 0.029136 0.000434 1.000000 0.000190 -0.031293 -0.019587 -0.000182 0.999808 6.307264
0.999726 -0.000913 0.023389 0.051879 0.000924 0.999999 -0.000471 -0.037066 -0.023388 0.000493 0.999726 7.553051
0.999648 -0.000225 0.026527 0.072996 0.000262 0.999999 -0.001361 -0.043714 -0.026526 0.001368 0.999647 8.782713
0.999556 0.000052 0.029779 0.103001 -0.000004 0.999999 -0.001606 -0.052048 -0.029779 0.001605 0.999555 10.025931
0.999556 0.000052 0.029779 0.103001 -0.000004 0.999999 -0.001606 -0.052048 -0.029779 0.001605 0.999555 10.025931
0.999395 0.003881 0.034573 0.159191 -0.003923 0.999992 0.001128 -0.065432 -0.034568 -0.001263 0.999402 12.464613
