1.000000 0.000000 0.000000 0.000000 0.000000 1.000000 0.000000 0.000000 0.000000 0.000000 1.000000 0.000000
1.000000 0.000000 0.000000 0.000000 0.000000 1.000000 0.000000 0.000000 0.000000 0.000000 1.000000 0.000000
1.000000 0.000000 0.000000 0.000000 0.000000 1.000000 0.000000 0.000000 0.000000 0.000000 1.000000 0.000000
1.000000 0.000000 0.000000 0.000000 0.000000 1.000000 0.000000 0.000000 0.000000 0.000000 1.000000 0.000000
0.999966 0.000405 0.008196 -0.007504 -0.000380 0.999995 -0.003038 -0.020037 -0.008197 0.003035 0.999962 3.838999
0.999878 0.001737 0.015528 -0.005669 -0.001720 0.999998 -0.001093 -0.038748 -0.015530 0.001066 0.999879 6.412582
0.999819 0.001827 0.018936 0.011232 -0.001818 0.999998 -0.000538 -0.048698 -0.018937 0.000503 0.999821 7.679665
0.999753 0.002407 0.022088 0.029622 -0.002371 0.999996 -0.001662 -0.052095 -0.022092 0.001609 0.999755 8.907693
0.999678 0.003708 0.025114 0.052642 -0.003638 0.999989 -0.002809 -0.061051 -0.025124 0.002717 0.999681 10.142304
