1.000000 0.000000 0.000000 0.000000 0.000000 1.000000 0.000000 0.000000 0.000000 0.000000 1.000000 0.000000
0.999993 0.003368 0.001741 -0.002553 -0.003367 0.999994 -0.000415 0.023634 -0.001743 0.000410 0.999998 1.274260
0.999980 0.005956 0.002032 0.025424 -0.005951 0.999979 -0.002435 0.039961 -0.002046 0.002423 0.999995 2.464004
0.999937 0.010438 0.004203 0.018584 -0.010425 0.999941 -0.003124 0.057060 -0.004235 0.003080 0.999986 3.698038
0.999824 0.016683 0.008620 -0.029224 -0.016681 0.999861 -0.000229 0.036103 -0.008623 0.000085 0.999963 4.968617
0.999742 0.020112 0.010524 -0.002731 -0.020135 0.999795 0.002061 0.053930 -0.010480 -0.002272 0.999942 6.197413
0.999667 0.022465 0.012711 0.021684 -0.022493 0.999745 0.002058 0.068287 -0.012661 -0.002343 0.999917 7.428633
0.999640 0.023871 0.012288 0.099534 -0.023862 0.999715 -0.000865 0.100522 -0.012305 0.000572 0.999924 8.594154
0.999628 0.024776 0.011398 0.193885 -0.024735 0.999687 -0.003697 0.128718 -0.011486 0.003414 0.999928 9.752656
