1.000000 0.000000 0.000000 0.000000 0.000000 1.000000 0.000000 0.000000 0.000000 0.000000 1.000000 0.000000
0.999995 0.001177 0.002999 0.017773 -0.001184 0.999997 0.002319 -0.004238 -0.002996 -0.002322 0.999993 1.160255
0.999978 0.001368 0.006423 0.016974 -0.001377 0.999998 0.001445 -0.004588 -0.006421 -0.001454 0.999978 2.289474
0.999954 0.000638 0.009595 0.031463 -0.000640 1.000000 0.000162 -0.011015 -0.009595 -0.000168 0.999954 3.395160
0.999907 0.000968 0.013565 0.035789 -0.000968 1.000000 -0.000059 -0.018292 -0.013565 0.000046 0.999908 4.535179
0.999855 0.002479 0.016837 0.044567 -0.002483 0.999997 0.000219 -0.029167 -0.016836 -0.000261 0.999858 5.635818
0.999803 0.003003 0.019633 0.068995 -0.003000 0.999995 -0.000188 -0.038313 -0.019633 0.000129 0.999807 6.730051
0.999729 0.004462 0.022863 0.069429 -0.004432 0.999989 -0.001346 -0.042204 -0.022869 0.001244 0.999738 7.823554
0.999669 0.005711 0.025081 0.096899 -0.005684 0.999983 -0.001149 -0.044987 -0.025087 0.001006 0.999685 8.920927
0.999593 0.008498 0.027221 0.123815 -0.008490 0.999964 -0.000388 -0.039044 -0.027224 0.000156 0.999629 10.029191
0.999517 0.009973 0.029439 0.152832 -0.009982 0.999950 0.000147 -0.029208 -0.029436 -0.000441 0.999567 11.118619
