1.000000 0.000000 0.000000 0.000000 0.000000 1.000000 0.000000 0.000000 0.000000 0.000000 1.000000 0.000000
0.999994 0.003167 0.001106 0.008924 -0.003166 0.999995 -0.000243 0.014707 -0.001107 0.000240 0.999999 1.236462
0.999980 0.005907 0.002451 0.011436 -0.005902 0.999981 -0.001931 0.022210 -0.002462 0.001917 0.999995 2.428871
0.999939 0.009776 0.005197 -0.009699 -0.009760 0.999948 -0.002967 0.039293 -0.005226 0.002916 0.999982 3.658019
0.999860 0.015005 0.007381 -0.006728 -0.014990 0.999886 -0.001997 0.056388 -0.007410 0.001886 0.999971 4.876331
0.999783 0.018659 0.009274 0.020342 -0.018661 0.999826 0.000122 0.077298 -0.009270 -0.000295 0.999957 6.097692
0.999705 0.021709 0.010893 0.053088 -0.021712 0.999764 0.000204 0.092883 -0.010886 -0.000441 0.999941 7.300309
0.999641 0.023702 0.012503 0.077744 -0.023692 0.999719 -0.000952 0.086900 -0.012522 0.000655 0.999921 8.468639
0.999570 0.026017 0.013520 0.125588 -0.025990 0.999660 -0.002121 0.087228 -0.013571 0.001769 0.999906 9.642073
0.999416 0.029605 0.017055 0.136076 -0.029601 0.999562 -0.000483 0.093565 -0.017062 -0.000022 0.999854 10.836721
0.999257 0.032523 0.020670 0.161279 -0.032579 0.999466 0.002348 0.107132 -0.020583 -0.003020 0.999784 12.000207
