1.000000 0.000000 0.000000 0.000000 0.000000 1.000000 0.000000 0.000000 0.000000 0.000000 1.000000 0.000000
0.999997 -0.002530 -0.000671 -0.015600 0.002532 0.999994 0.002482 0.005894 0.000665 -0.002484 0.999997 1.516713
0.999993 -0.003644 -0.001276 -0.035105 0.003648 0.999990 0.002737 0.016413 0.001266 -0.002742 0.999995 3.001248
0.999996 -0.002543 -0.001372 -0.070479 0.002545 0.999995 0.001799 0.026157 0.001368 -0.001803 0.999997 4.488005
0.999996 -0.002030 -0.001759 -0.092218 0.002033 0.999997 0.001540 0.018532 0.001755 -0.001543 0.999997 5.958505
0.999994 -0.002790 -0.001998 -0.116778 0.002793 0.999995 0.001616 0.017248 0.001994 -0.001621 0.999997 7.460239
0.999992 -0.003104 -0.002666 -0.135901 0.003108 0.999994 0.001575 0.011995 0.002661 -0.001583 0.999995 8.973745
0.999979 -0.005531 -0.003332 -0.160186 0.005532 0.999985 0.000351 0.011578 0.003330 -0.000369 0.999994 10.489407
0.999969 -0.006861 -0.003988 -0.167609 0.006862 0.999976 0.000119 0.012085 0.003987 -0.000146 0.999992 11.981655
0.999958 -0.007214 -0.005680 -0.141639 0.007215 0.999974 0.000080 0.000009 0.005679 -0.000121 0.999984 13.456214
0.999949 -0.007027 -0.007267 -0.112893 0.007029 0.999975 0.000193 -0.019897 0.007266 -0.000244 0.999974 14.917299
0.999954 -0.005683 -0.007688 -0.123491 0.005687 0.999984 0.000452 -0.023811 0.007686 -0.000496 0.999970 16.382509
0.999960 -0.003513 -0.008171 -0.143481 0.003522 0.999993 0.001084 -0.032833 0.008168 -0.001113 0.999966 17.728447
0.999958 -0.003115 -0.008586 -0.170803 0.003129 0.999994 0.001698 -0.033388 0.008580 -0.001725 0.999962 19.041014
0.999956 -0.003665 -0.008597 -0.193139 0.003677 0.999992 0.001377 -0.031886 0.008592 -0.001408 0.999962 20.381262
0.999960 -0.002815 -0.008518 -0.228979 0.002823 0.999996 0.000967 -0.023182 0.008515 -0.000991 0.999963 21.741184
0.999961 -0.001990 -0.008660 -0.235679 0.001997 0.999998 0.000895 -0.019394 0.008658 -0.000912 0.999962 23.064533
0.999966 -0.001031 -0.008207 -0.257392 0.001049 0.999997 0.002187 -0.036101 0.008205 -0.002195 0.999964 24.405487
0.999972 -0.001178 -0.007391 -0.284572 0.001182 0.999999 0.000480 -0.037123 0.007390 -0.000488 0.999973 25.724255
0.999975 -0.001054 -0.006960 -0.308760 0.001041 0.999998 -0.001851 -0.041235 0.006962 0.001844 0.999974 27.101126
0.999969 -0.002965 -0.007325 -0.305037 0.002949 0.999993 -0.002186 -0.054522 0.007331 0.002164 0.999971 28.457216
0.999967 -0.004019 -0.006996 -0.328880 0.004020 0.999992 0.000129 -0.056031 0.006996 -0.000157 0.999976 29.814960
0.999955 -0.005649 -0.007571 -0.328538 0.005659 0.999983 0.001185 -0.066294 0.007564 -0.001228 0.999971 31.156683
0.999947 -0.006600 -0.007885 -0.331321 0.006604 0.999978 0.000584 -0.083766 0.007881 -0.000636 0.999969 32.476467
0.999945 -0.006693 -0.008084 -0.326499 0.006681 0.999977 -0.001497 -0.099448 0.008094 0.001443 0.999966 33.753555
0.999951 -0.005678 -0.008118 -0.325217 0.005659 0.999981 -0.002394 -0.112170 0.008131 0.002348 0.999964 35.064938
0.999956 -0.005421 -0.007591 -0.329678 0.005394 0.999979 -0.003551 -0.129814 0.007610 0.003510 0.999965 36.360558
0.999966 -0.004682 -0.006756 -0.329974 0.004665 0.999986 -0.002452 -0.152342 0.006767 0.002420 0.999974 37.634335
0.999973 -0.004357 -0.005977 -0.322412 0.004355 0.999990 -0.000337 -0.173429 0.005978 0.000311 0.999982 38.869663
0.999975 -0.004731 -0.005183 -0.305359 0.004736 0.999988 0.000917 -0.199746 0.005179 -0.000942 0.999986 40.091782
0.999982 -0.004819 -0.003549 -0.290309 0.004823 0.999988 0.001103 -0.206790 0.003543 -0.001120 0.999993 41.319885
0.999987 -0.005077 -0.000979 -0.267643 0.005078 0.999987 0.000478 -0.225076 0.000976 -0.000483 0.999999 42.545269
0.999980 -0.005919 0.002380 -0.256071 0.005922 0.999982 -0.001204 -0.246700 -0.002373 0.001218 0.999996 43.753555
0.999969 -0.005866 0.005239 -0.239284 0.005881 0.999978 -0.002960 -0.265903 -0.005222 0.002991 0.999982 44.902187
0.999945 -0.005662 0.008843 -0.214454 0.005682 0.999981 -0.002182 -0.290647 -0.008830 0.002232 0.999959 46.055847
0.999892 -0.005359 0.013673 -0.191404 0.005390 0.999983 -0.002291 -0.313052 -0.013660 0.002364 0.999904 47.199162
0.999800 -0.003588 0.019673 -0.166140 0.003652 0.999988 -0.003238 -0.331547 -0.019661 0.003309 0.999801 48.317505
0.999641 -0.001955 0.026726 -0.134537 0.002036 0.999993 -0.003017 -0.352324 -0.026720 0.003070 0.999638 49.444672
0.999407 -0.000709 0.034432 -0.089151 0.000782 0.999997 -0.002125 -0.365594 -0.034431 0.002150 0.999405 50.565964
0.999022 0.001576 0.044186 -0.035188 -0.001518 0.999998 -0.001348 -0.385184 -0.044188 0.001279 0.999022 51.653610
0.998393 0.003827 0.056536 0.033437 -0.003743 0.999992 -0.001594 -0.392765 -0.056542 0.001380 0.998399 52.753223
0.997451 0.005740 0.071124 0.107756 -0.005689 0.999983 -0.000914 -0.415574 -0.071128 0.000507 0.997467 53.825279
0.996187 0.008314 0.086846 0.197102 -0.008387 0.999965 0.000475 -0.433885 -0.086839 -0.001201 0.996222 54.893841
0.994521 0.008522 0.104190 0.308276 -0.008710 0.999961 0.001348 -0.451950 -0.104174 -0.002248 0.994556 55.947403
0.992387 0.007985 0.122903 0.444311 -0.008106 0.999967 0.000488 -0.464786 -0.122895 -0.001480 0.992419 56.998089
0.989714 0.006967 0.142887 0.602233 -0.006991 0.999976 -0.000330 -0.476982 -0.142886 -0.000673 0.989739 58.060089
0.986481 0.004137 0.163826 0.781095 -0.004050 0.999991 -0.000864 -0.479681 -0.163829 0.000189 0.986489 59.128468
0.982572 -0.000957 0.185881 0.987770 0.000737 0.999999 0.001253 -0.493880 -0.185882 -0.001094 0.982572 60.203232
0.977867 -0.006327 0.209130 1.215526 0.005920 0.999979 0.002574 -0.498741 -0.209142 -0.001279 0.977884 61.245258
0.972372 -0.011282 0.233165 1.469167 0.011113 0.999936 0.002038 -0.507499 -0.233173 0.000610 0.972435 62.272213
0.965909 -0.017408 0.258297 1.739596 0.017945 0.999839 0.000281 -0.519086 -0.258260 0.004363 0.966066 63.250862
0.958521 -0.021072 0.284243 2.037247 0.021624 0.999765 0.001198 -0.533459 -0.284202 0.004998 0.958751 64.200043
0.950026 -0.023869 0.311257 2.358582 0.023847 0.999708 0.003877 -0.550009 -0.311258 0.003739 0.950318 65.138077
0.940419 -0.028161 0.338848 2.708481 0.027441 0.999600 0.006915 -0.558412 -0.338907 0.002796 0.940816 66.066315
0.929625 -0.031300 0.367175 3.086347 0.031025 0.999496 0.006654 -0.564064 -0.367198 0.005205 0.930128 66.971413
0.917554 -0.030545 0.396436 3.460820 0.032007 0.999483 0.002929 -0.569006 -0.396321 0.010001 0.918058 67.845711
0.904434 -0.031714 0.425432 3.856990 0.036120 0.999345 -0.002291 -0.575791 -0.425081 0.017439 0.904987 68.688698
0.890170 -0.033358 0.454406 4.290104 0.039822 0.999196 -0.004659 -0.578602 -0.453885 0.022242 0.890783 69.527626
0.874422 -0.033826 0.483985 4.750943 0.039426 0.999222 -0.001395 -0.584330 -0.483561 0.020302 0.875075 70.358055
0.856675 -0.032749 0.514816 5.239397 0.035424 0.999362 0.004624 -0.596394 -0.514639 0.014276 0.857288 71.174408
0.836875 -0.032763 0.546412 5.750733 0.033651 0.999398 0.008385 -0.600370 -0.546358 0.011370 0.837475 71.962891
0.815646 -0.026469 0.577946 6.275544 0.029874 0.999547 0.003617 -0.601779 -0.577780 0.014315 0.816067 72.712059
0.793495 -0.019356 0.608269 6.827762 0.027053 0.999628 -0.003482 -0.599547 -0.607975 0.019218 0.793723 73.447624
0.770808 -0.017033 0.636840 7.416137 0.026491 0.999635 -0.005327 -0.605475 -0.636517 0.020977 0.770978 74.161644
0.747209 -0.019380 0.664307 8.034079 0.027753 0.999613 -0.002054 -0.613780 -0.664010 0.019971 0.747457 74.856026
0.722356 -0.019455 0.691247 8.662844 0.028180 0.999602 -0.001315 -0.621975 -0.690946 0.020429 0.722617 75.518295
0.696540 -0.017331 0.717308 9.313237 0.029078 0.999569 -0.004086 -0.626616 -0.716928 0.023704 0.696744 76.160553
0.669755 -0.014752 0.742436 9.977884 0.029139 0.999555 -0.006425 -0.632788 -0.742011 0.025937 0.669886 76.776268
0.642380 -0.012269 0.766288 10.669548 0.027530 0.999596 -0.007074 -0.644623 -0.765892 0.025640 0.642458 77.358673
0.614005 -0.010833 0.789227 11.383860 0.027861 0.999580 -0.007955 -0.656089 -0.788810 0.026873 0.614049 77.914787
0.585017 -0.004262 0.811010 12.121831 0.026795 0.999542 -0.014076 -0.668897 -0.810578 0.029966 0.584863 78.441811
0.554678 0.005325 0.832048 12.879004 0.026073 0.999377 -0.023777 -0.676223 -0.831657 0.034883 0.554194 78.949760
0.523490 0.013929 0.851918 13.659635 0.025413 0.999166 -0.031952 -0.689098 -0.851652 0.038376 0.522700 79.432938
0.491557 0.018937 0.870639 14.467955 0.023545 0.999109 -0.035024 -0.708280 -0.870527 0.037715 0.490673 79.886871
0.458827 0.018482 0.888333 15.295194 0.021889 0.999245 -0.032095 -0.741422 -0.888256 0.034171 0.458076 80.315933
0.425749 0.017206 0.904678 16.144627 0.017617 0.999472 -0.027300 -0.770264 -0.904670 0.027560 0.425221 80.705360
0.391584 0.018576 0.919955 17.020245 0.013896 0.999563 -0.026098 -0.796515 -0.920037 0.023004 0.391155 81.069359
0.356428 0.021615 0.934073 17.897640 0.007057 0.999642 -0.025825 -0.822347 -0.934296 0.015796 0.356148 81.399124
0.320425 0.023677 0.946978 18.788019 0.002438 0.999664 -0.025819 -0.845575 -0.947271 0.010582 0.320260 81.701302
0.284345 0.023278 0.958439 19.703705 0.000017 0.999705 -0.024285 -0.870335 -0.958722 0.006922 0.284261 81.966606
0.247922 0.022878 0.968510 20.620440 -0.000620 0.999725 -0.023456 -0.896938 -0.968780 0.005215 0.247868 82.191666
0.211747 0.022429 0.977067 21.550213 0.000036 0.999736 -0.022957 -0.924591 -0.977324 0.004896 0.211690 82.383850
0.176121 0.021292 0.984138 22.489985 0.002214 0.999755 -0.022027 -0.946818 -0.984366 0.006059 0.176031 82.540550
0.141317 0.020507 0.989752 23.441093 0.010452 0.999699 -0.022206 -0.972797 -0.989909 0.013483 0.141060 82.658516
0.107530 0.024067 0.993910 24.395655 0.012805 0.999591 -0.025590 -1.000644 -0.994119 0.015479 0.107178 82.743797
0.074923 0.029110 0.996764 25.356047 0.013933 0.999446 -0.030235 -1.027268 -0.997092 0.016153 0.074476 82.800766
0.045820 0.033174 0.998399 26.316854 0.020841 0.999199 -0.034157 -1.057374 -0.998732 0.022372 0.045092 82.824326
0.019779 0.031329 0.999313 27.282860 0.022993 0.999230 -0.031782 -1.091657 -0.999540 0.023606 0.019044 82.837990
-0.002436 0.028532 0.999590 28.267990 0.024781 0.999288 -0.028463 -1.122651 -0.999690 0.024702 -0.003142 82.817909
-0.021653 0.026087 0.999425 29.243719 0.025131 0.999358 -0.025541 -1.156307 -0.999450 0.024563 -0.022295 82.789169
-0.037999 0.029294 0.998848 30.216103 0.026937 0.999237 -0.028281 -1.188382 -0.998915 0.025832 -0.038759 82.733955
-0.052823 0.033835 0.998031 31.184221 0.029777 0.999035 -0.032293 -1.217431 -0.998160 0.028013 -0.053779 82.670837
-0.064903 0.039066 0.997127 32.172012 0.034421 0.998726 -0.036888 -1.254892 -0.997298 0.031928 -0.066165 82.594124
-0.073668 0.042717 0.996368 33.156399 0.039906 0.998408 -0.039854 -1.295346 -0.996484 0.036825 -0.075255 82.497307
-0.079396 0.048305 0.995672 34.147610 0.043942 0.998024 -0.044915 -1.338333 -0.995874 0.040185 -0.081362 82.398766
-0.083222 0.053137 0.995113 35.138561 0.045989 0.997718 -0.049430 -1.385634 -0.995469 0.041651 -0.085476 82.301674
-0.085985 0.057326 0.994646 36.138760 0.048352 0.997407 -0.053305 -1.437679 -0.995122 0.043510 -0.088533 82.198349
-0.089092 0.060358 0.994193 37.135296 0.049206 0.997210 -0.056131 -1.492406 -0.994807 0.043920 -0.091814 82.096497
-0.091701 0.063953 0.993731 38.134621 0.050644 0.996944 -0.059486 -1.551452 -0.994498 0.044872 -0.094659 81.992584
-0.093826 0.067912 0.993270 39.135754 0.052058 0.996641 -0.063225 -1.612446 -0.994227 0.045776 -0.097047 81.882271
-0.095641 0.069686 0.992974 40.144798 0.054942 0.996395 -0.064634 -1.672974 -0.993899 0.048374 -0.099124 81.754524
-0.097682 0.068503 0.992857 41.151978 0.055336 0.996459 -0.063308 -1.739108 -0.993678 0.048756 -0.101127 81.627571
-0.099878 0.068134 0.992664 42.172729 0.055126 0.996499 -0.062851 -1.808288 -0.993472 0.048444 -0.103284 81.500618
-0.101461 0.069533 0.992407 43.196949 0.055057 0.996418 -0.064185 -1.877109 -0.993315 0.048126 -0.104926 81.357712
-0.103617 0.071852 0.992019 44.238312 0.054091 0.996318 -0.066514 -1.939518 -0.993145 0.046768 -0.107122 81.227631
-0.106154 0.074007 0.991592 45.276058 0.052593 0.996248 -0.068724 -2.012899 -0.992958 0.044855 -0.109648 81.110390
-0.108815 0.077523 0.991035 46.312531 0.050207 0.996111 -0.072407 -2.089536 -0.992793 0.041878 -0.112284 80.989883
-0.111109 0.081680 0.990446 47.365685 0.046686 0.995945 -0.076896 -2.168584 -0.992711 0.037696 -0.114472 80.871910
-0.113920 0.084234 0.989913 48.416447 0.044575 0.995829 -0.079607 -2.244509 -0.992489 0.035057 -0.117200 80.755646
-0.116774 0.082755 0.989705 49.487324 0.042678 0.996020 -0.078247 -2.328471 -0.992241 0.033101 -0.119841 80.628769
-0.119434 0.078563 0.989729 50.558105 0.039779 0.996443 -0.074296 -2.411613 -0.992045 0.030497 -0.122134 80.489326
-0.121919 0.076975 0.989551 51.618973 0.040251 0.996551 -0.072560 -2.490297 -0.991724 0.030984 -0.124597 80.355042
-0.123673 0.077533 0.989290 52.661991 0.039487 0.996538 -0.073165 -2.566680 -0.991537 0.030015 -0.126306 80.207207
-0.125235 0.080390 0.988865 53.707253 0.040835 0.996285 -0.075821 -2.647441 -0.991286 0.030885 -0.128052 80.078079
-0.125869 0.083552 0.988522 54.785110 0.041424 0.996021 -0.078911 -2.721622 -0.991182 0.031017 -0.128830 79.929977
-0.126330 0.084346 0.988396 55.860188 0.040344 0.995991 -0.079838 -2.803966 -0.991167 0.029789 -0.129227 79.786636
-0.126258 0.083126 0.988508 56.942844 0.037574 0.996169 -0.078971 -2.891234 -0.991286 0.027171 -0.128898 79.643799
-0.126632 0.082797 0.988488 58.038082 0.033844 0.996291 -0.079115 -2.969318 -0.991372 0.023436 -0.128965 79.508400
-0.126573 0.084024 0.988392 59.131886 0.030325 0.996268 -0.080810 -3.054681 -0.991494 0.019744 -0.128648 79.357483
-0.126737 0.084321 0.988346 60.221794 0.026157 0.996318 -0.081647 -3.138050 -0.991591 0.015505 -0.128476 79.207664
-0.126944 0.084013 0.988346 61.324703 0.023245 0.996385 -0.081711 -3.222677 -0.991638 0.012601 -0.128438 79.055618
-0.127052 0.079112 0.988736 62.430996 0.023506 0.996774 -0.076734 -3.306687 -0.991618 0.013492 -0.128502 78.900879
-0.127393 0.070638 0.989334 63.550915 0.027037 0.997337 -0.067728 -3.388438 -0.991484 0.018121 -0.128963 78.744446
-0.127215 0.065463 0.989713 64.667511 0.032956 0.997548 -0.061746 -3.466345 -0.991328 0.024762 -0.129060 78.581345
-0.126295 0.068144 0.989649 65.779930 0.041389 0.997131 -0.063378 -3.533022 -0.991129 0.032957 -0.128753 78.408081
-0.125138 0.074087 0.989369 66.886452 0.047137 0.996526 -0.068661 -3.600171 -0.991019 0.038044 -0.128196 78.245033
-0.124170 0.080166 0.989017 67.999916 0.050847 0.995936 -0.074343 -3.671627 -0.990957 0.041057 -0.127742 78.080498
-0.123476 0.084785 0.988719 69.122665 0.051890 0.995532 -0.078889 -3.754040 -0.990990 0.041564 -0.127324 77.920517
-0.123139 0.082305 0.988971 70.262428 0.049177 0.995837 -0.076753 -3.830790 -0.991170 0.039183 -0.126673 77.757721
-0.122696 0.077782 0.989392 71.412498 0.048803 0.996191 -0.072264 -3.918822 -0.991244 0.039418 -0.126025 77.589943
-0.122172 0.075995 0.989595 72.566154 0.046342 0.996414 -0.070798 -3.994266 -0.991426 0.037210 -0.125256 77.420425
-0.122007 0.076730 0.989559 73.713234 0.044845 0.996415 -0.071732 -4.074708 -0.991516 0.035625 -0.125010 77.263351
-0.122043 0.082187 0.989116 74.833618 0.045773 0.995971 -0.077108 -4.154152 -0.991469 0.035864 -0.125313 77.118523
-0.121217 0.085130 0.988969 75.992622 0.045592 0.995742 -0.080125 -4.236897 -0.991578 0.035377 -0.124582 76.955460
-0.120973 0.084298 0.989070 77.135811 0.045870 0.995798 -0.079262 -4.322659 -0.991595 0.035780 -0.124332 76.806290
-0.120764 0.077692 0.989636 78.287376 0.047647 0.996237 -0.072395 -4.414299 -0.991537 0.038411 -0.124011 76.656075
-0.121019 0.076349 0.989710 79.454018 0.047163 0.996354 -0.071095 -4.496205 -0.991529 0.038074 -0.124179 76.497055
-0.120891 0.079710 0.989460 80.612259 0.045011 0.996186 -0.074753 -4.575767 -0.991645 0.035500 -0.124017 76.348610
-0.120649 0.083086 0.989212 81.779678 0.044577 0.995939 -0.078214 -4.657998 -0.991694 0.034660 -0.123863 76.192261
-0.120315 0.082697 0.989285 82.962334 0.044160 0.995984 -0.077886 -4.747872 -0.991753 0.034316 -0.123484 76.035202
-0.120130 0.079393 0.989578 84.144386 0.043924 0.996246 -0.074596 -4.838830 -0.991786 0.034505 -0.123166 75.882095
-0.119150 0.078419 0.989775 85.336411 0.044973 0.996279 -0.073520 -4.928156 -0.991857 0.035754 -0.122233 75.721245
-0.117757 0.079017 0.989894 86.537842 0.046726 0.996166 -0.073960 -5.018339 -0.991943 0.037544 -0.120998 75.557472
-0.116934 0.079336 0.989966 87.728638 0.049532 0.996030 -0.073971 -5.109605 -0.991904 0.040386 -0.120399 75.402344
-0.115730 0.079033 0.990131 88.926918 0.049746 0.996040 -0.073690 -5.194420 -0.992034 0.040727 -0.119204 75.245125
-0.114471 0.079911 0.990207 90.139130 0.051405 0.995901 -0.074428 -5.281926 -0.992096 0.042382 -0.118110 75.094147
-0.113311 0.078506 0.990453 91.345627 0.052037 0.995974 -0.072990 -5.366239 -0.992196 0.043270 -0.116941 74.940636
-0.112218 0.077825 0.990631 92.572487 0.050763 0.996076 -0.072502 -5.456593 -0.992386 0.042152 -0.115728 74.790474
-0.110758 0.077318 0.990835 93.800583 0.052330 0.996040 -0.071875 -5.542904 -0.992469 0.043889 -0.114366 74.631218
-0.108787 0.078399 0.990969 95.038132 0.050591 0.996030 -0.073246 -5.630802 -0.992777 0.042166 -0.112321 74.470810
-0.107072 0.081189 0.990931 96.275429 0.051566 0.995772 -0.076014 -5.721762 -0.992913 0.042959 -0.110806 74.313232
-0.105732 0.080157 0.991159 97.514069 0.049629 0.995929 -0.075249 -5.814777 -0.993155 0.041234 -0.109280 74.158585
-0.105122 0.078849 0.991329 98.749695 0.046045 0.996169 -0.074351 -5.913833 -0.993393 0.037829 -0.108350 74.005318
-0.105020 0.079994 0.991248 99.977272 0.043691 0.996168 -0.075762 -6.007048 -0.993510 0.035352 -0.108112 73.853287
-0.105337 0.079462 0.991257 101.234016 0.041259 0.996293 -0.075481 -6.102142 -0.993580 0.032947 -0.108225 73.709831
-0.106518 0.076818 0.991339 102.494293 0.038787 0.996573 -0.073056 -6.203324 -0.993554 0.030669 -0.109132 73.567558
-0.107997 0.075367 0.991290 103.755264 0.036855 0.996740 -0.071766 -6.301285 -0.993468 0.028783 -0.110423 73.423706
-0.109888 0.074833 0.991123 105.034477 0.035310 0.996826 -0.071348 -6.392768 -0.993317 0.027156 -0.112181 73.286240
-0.111621 0.075472 0.990881 106.317337 0.035805 0.996770 -0.071887 -6.477494 -0.993106 0.027455 -0.113963 73.131149
-0.114069 0.074502 0.990675 107.584099 0.035797 0.996845 -0.070844 -6.561833 -0.992828 0.027382 -0.116376 72.974709
-0.116942 0.070016 0.990668 108.852036 0.033662 0.997218 -0.066505 -6.649310 -0.992568 0.025571 -0.118974 72.811409
-0.120837 0.070570 0.990161 110.112503 0.033674 0.997187 -0.066961 -6.728437 -0.992101 0.025252 -0.122874 72.638260
-0.126917 0.076625 0.988949 111.355148 0.029021 0.996872 -0.073514 -6.814273 -0.991489 0.019371 -0.128744 72.492790
-0.134577 0.079734 0.987690 112.579735 0.030097 0.996626 -0.076354 -6.911605 -0.990446 0.019451 -0.136523 72.333527
-0.143376 0.075865 0.986756 113.816612 0.032298 0.996885 -0.071950 -7.011296 -0.989141 0.021554 -0.145379 72.135559
-0.154379 0.074104 0.985229 115.045860 0.035052 0.996966 -0.069494 -7.101815 -0.987390 0.023806 -0.156508 71.931183
-0.167429 0.075278 0.983006 116.245430 0.035745 0.996889 -0.070253 -7.189490 -0.985236 0.023375 -0.169599 71.720734
-0.181895 0.075682 0.980401 117.442207 0.037817 0.996835 -0.069935 -7.278095 -0.982590 0.024355 -0.184182 71.497719
-0.195946 0.073737 0.977838 118.628952 0.038642 0.996975 -0.067437 -7.363950 -0.979853 0.024572 -0.198203 71.236473
-0.211220 0.076514 0.974439 119.802040 0.042995 0.996694 -0.068942 -7.451970 -0.976493 0.027334 -0.213811 70.967712
-0.226480 0.079817 0.970740 120.962753 0.043541 0.996470 -0.071774 -7.542924 -0.973042 0.026011 -0.229156 70.699890
-0.241583 0.083798 0.966755 122.118500 0.043713 0.996193 -0.075426 -7.633523 -0.969395 0.024038 -0.244327 70.400635
-0.257522 0.081865 0.962798 123.276657 0.040329 0.996447 -0.073939 -7.721403 -0.965430 0.019788 -0.259909 70.088638
-0.273679 0.076332 0.958787 124.422813 0.034933 0.996977 -0.069402 -7.811277 -0.961186 0.014499 -0.275519 69.768951
-0.289733 0.072388 0.954366 125.561256 0.031278 0.997319 -0.066150 -7.901173 -0.956596 0.010684 -0.291221 69.441879
-0.305077 0.074123 0.949439 126.698654 0.030327 0.997217 -0.068108 -7.987329 -0.951845 0.008016 -0.306476 69.083244
-0.319452 0.075918 0.944556 127.816292 0.030127 0.997095 -0.069952 -8.077402 -0.947123 0.006111 -0.320811 68.701004
-0.333488 0.078412 0.939488 128.936768 0.031759 0.996904 -0.071931 -8.160926 -0.942219 0.005850 -0.334945 68.305389
-0.347735 0.078351 0.934313 130.048904 0.034160 0.996899 -0.070885 -8.251939 -0.936970 0.007267 -0.349333 67.894753
-0.361876 0.076581 0.929075 131.146393 0.034113 0.997040 -0.068896 -8.338560 -0.931602 0.006762 -0.363418 67.466270
-0.376263 0.075230 0.923454 132.238190 0.034064 0.997148 -0.067354 -8.428674 -0.925886 0.006114 -0.377752 67.018715
-0.391004 0.076826 0.917177 133.325180 0.032785 0.997040 -0.069539 -8.510731 -0.919805 0.002880 -0.392366 66.552734
-0.405563 0.079373 0.910614 134.392670 0.033873 0.996843 -0.071803 -8.589878 -0.913439 0.001725 -0.406971 66.067314
-0.419841 0.081316 0.903948 135.465912 0.035304 0.996688 -0.073261 -8.674299 -0.906911 0.001155 -0.421321 65.557472
-0.434074 0.084078 0.896945 136.552368 0.038175 0.996458 -0.074931 -8.766767 -0.900068 0.001715 -0.435746 65.024040
-0.448457 0.087536 0.889507 137.597504 0.038110 0.996160 -0.078818 -8.861753 -0.892991 -0.001448 -0.450071 64.480774
-0.463113 0.090058 0.881712 138.648987 0.039497 0.995933 -0.080980 -8.955234 -0.885419 -0.002678 -0.464786 63.914253
-0.478214 0.087368 0.873887 139.704102 0.038163 0.996167 -0.078710 -9.054272 -0.877414 -0.004290 -0.479716 63.328884
-0.493988 0.082838 0.865514 140.748672 0.035217 0.996540 -0.075279 -9.153921 -0.868755 -0.006706 -0.495196 62.726318
-0.509804 0.083058 0.856271 141.777298 0.034758 0.996504 -0.075966 -9.246576 -0.859588 -0.008965 -0.510909 62.101601
-0.525557 0.082094 0.846788 142.791519 0.033418 0.996557 -0.075873 -9.341434 -0.850102 -0.011577 -0.526491 61.463352
-0.541235 0.080963 0.836965 143.808731 0.032706 0.996628 -0.075258 -9.438760 -0.840235 -0.013358 -0.542057 60.798199
-0.556904 0.080277 0.826688 144.826263 0.031270 0.996639 -0.075716 -9.540971 -0.829988 -0.016316 -0.557542 60.121296
-0.572288 0.079793 0.816161 145.834778 0.031196 0.996653 -0.075565 -9.637129 -0.819459 -0.017784 -0.572862 59.417961
-0.587701 0.077090 0.805397 146.842041 0.030605 0.996856 -0.073084 -9.731730 -0.808499 -0.018302 -0.588213 58.693695
-0.602792 0.073753 0.794482 147.842728 0.030674 0.997125 -0.069291 -9.822957 -0.797308 -0.017398 -0.603321 57.941948
-0.617708 0.072187 0.783088 148.840698 0.031541 0.997251 -0.067049 -9.913711 -0.785775 -0.016717 -0.618287 57.167664
-0.632568 0.070288 0.771308 149.822266 0.030353 0.997358 -0.065995 -10.005264 -0.773910 -0.018335 -0.633031 56.373703
-0.647626 0.071335 0.758612 150.786469 0.028893 0.997191 -0.069103 -10.092191 -0.761411 -0.022834 -0.647868 55.581516
-0.663192 0.070648 0.745108 151.731354 0.026398 0.997124 -0.071047 -10.177247 -0.747984 -0.027449 -0.663149 54.777485
-0.679273 0.067200 0.730802 152.662735 0.024068 0.997303 -0.069335 -10.268066 -0.733491 -0.029508 -0.679058 53.937611
-0.695535 0.059636 0.716013 153.583984 0.020050 0.997772 -0.063627 -10.353244 -0.718213 -0.029899 -0.695181 53.063068
-0.712546 0.057236 0.699287 154.486816 0.018625 0.997859 -0.062696 -10.427858 -0.701378 -0.031649 -0.712086 52.185879
-0.730176 0.054680 0.681068 155.381912 0.016549 0.997916 -0.062376 -10.501730 -0.683059 -0.034275 -0.729559 51.265022
-0.747680 0.050776 0.662115 156.241791 0.012848 0.997992 -0.062025 -10.580259 -0.663934 -0.037868 -0.746831 50.326412
-0.764583 0.048847 0.642671 157.068619 0.012695 0.998072 -0.060757 -10.652537 -0.644400 -0.038295 -0.763729 49.398098
-0.780522 0.051076 0.623038 157.866379 0.014448 0.997864 -0.063705 -10.730214 -0.624961 -0.040722 -0.779593 48.433659
-0.795404 0.050483 0.603974 158.634155 0.017557 0.998026 -0.060299 -10.818867 -0.605826 -0.037358 -0.794720 47.431999
-0.809707 0.051677 0.584554 159.373413 0.020889 0.998022 -0.059294 -10.901128 -0.586462 -0.035800 -0.809185 46.412834
-0.823808 0.052888 0.564396 160.095398 0.022171 0.997883 -0.061146 -10.981949 -0.566435 -0.037859 -0.823236 45.363503
-0.837779 0.054529 0.543280 160.805115 0.022889 0.997633 -0.064836 -11.061820 -0.545530 -0.041883 -0.837044 44.331959
-0.850316 0.055097 0.523381 161.468384 0.025192 0.997626 -0.064094 -11.143877 -0.525670 -0.041316 -0.849685 43.255192
-0.862048 0.053113 0.504037 162.123627 0.025787 0.997802 -0.061042 -11.225934 -0.506171 -0.039623 -0.861522 42.156582
-0.872105 0.054971 0.486221 162.739990 0.028139 0.997659 -0.062321 -11.300193 -0.488509 -0.040669 -0.871611 41.015369
-0.881519 0.058296 0.468536 163.342194 0.031183 0.997370 -0.065426 -11.380234 -0.471118 -0.043064 -0.881018 39.904526
-0.890130 0.056621 0.452176 163.928070 0.029402 0.997319 -0.067003 -11.448630 -0.454758 -0.046347 -0.889408 38.714230
-0.897899 0.054586 0.436803 164.479111 0.028391 0.997397 -0.066282 -11.522158 -0.439284 -0.047113 -0.897112 37.528706
-0.904930 0.053339 0.422205 165.019455 0.027891 0.997415 -0.066229 -11.604349 -0.424646 -0.048157 -0.904078 36.358543
-0.911456 0.051609 0.408147 165.541382 0.027297 0.997501 -0.065173 -11.691871 -0.410490 -0.048261 -0.910587 35.199657
-0.917580 0.049018 0.394518 166.047485 0.025752 0.997614 -0.064058 -11.775831 -0.396717 -0.048619 -0.916653 34.037033
-0.923105 0.044577 0.381955 166.535110 0.023482 0.997939 -0.059716 -11.861558 -0.383829 -0.046155 -0.922250 32.851547
-0.928127 0.041499 0.369943 167.016907 0.022259 0.998175 -0.056129 -11.941533 -0.371597 -0.043861 -0.927357 31.655922
-0.932697 0.042074 0.358200 167.494370 0.024906 0.998315 -0.052409 -12.017122 -0.359801 -0.039960 -0.932173 30.476282
-0.935854 0.046821 0.349263 167.946915 0.029882 0.998108 -0.053731 -12.094696 -0.351118 -0.039848 -0.935483 29.284489
-0.937900 0.052164 0.342960 168.377930 0.035216 0.997839 -0.055464 -12.162399 -0.345113 -0.039942 -0.937711 28.082428
-0.939658 0.055873 0.337521 168.805496 0.038643 0.997594 -0.057561 -12.240438 -0.339925 -0.041045 -0.939556 26.877563
-0.941609 0.053053 0.332502 169.242142 0.036308 0.997749 -0.056375 -12.314560 -0.334745 -0.041011 -0.941416 25.676004
-0.943393 0.046471 0.328405 169.672974 0.031000 0.998156 -0.052191 -12.393098 -0.330225 -0.039056 -0.943094 24.436794
-0.945537 0.040153 0.323029 170.114349 0.025243 0.998419 -0.050217 -12.465402 -0.324535 -0.039328 -0.945056 23.223854
-0.947488 0.033736 0.318006 170.543457 0.018313 0.998512 -0.051366 -12.537524 -0.319266 -0.042845 -0.946696 22.030132
-0.949250 0.031015 0.312988 170.970001 0.014779 0.998425 -0.054116 -12.603890 -0.314174 -0.046744 -0.948214 20.848488
-0.949811 0.032060 0.311178 171.364883 0.015296 0.998304 -0.056167 -12.679043 -0.312452 -0.048588 -0.948690 19.617428
-0.950260 0.032885 0.309718 171.778885 0.015569 0.998183 -0.058217 -12.750280 -0.311070 -0.050499 -0.949045 18.396318
-0.950294 0.036395 0.309220 172.193283 0.018614 0.998009 -0.060261 -12.819667 -0.310797 -0.051510 -0.949079 17.167170
-0.950020 0.037995 0.309869 172.611496 0.019881 0.997915 -0.061411 -12.905238 -0.311557 -0.052181 -0.948794 15.938603
-0.949297 0.040534 0.311757 173.015518 0.021838 0.997760 -0.063230 -12.979737 -0.313621 -0.053216 -0.948056 14.689707
-0.948342 0.043630 0.314235 173.404022 0.025126 0.997716 -0.062697 -13.057237 -0.316253 -0.051563 -0.947273 13.463246
-0.947616 0.043922 0.316378 173.832764 0.025111 0.997679 -0.063296 -13.133972 -0.318423 -0.052035 -0.946519 12.236005
-0.946664 0.043947 0.319212 174.275833 0.024814 0.997657 -0.063762 -13.203317 -0.321266 -0.052441 -0.945536 11.022900
-0.946148 0.043364 0.320816 174.737289 0.024842 0.997791 -0.061606 -13.282876 -0.322779 -0.050319 -0.945136 9.866409
-0.945091 0.041817 0.324121 175.206009 0.023977 0.997979 -0.058840 -13.360887 -0.325926 -0.047838 -0.944184 8.688448
-0.943830 0.040124 0.327986 175.698456 0.022688 0.998127 -0.056815 -13.425855 -0.329651 -0.046182 -0.942973 7.516174
-0.941613 0.043470 0.333879 176.162033 0.025915 0.998046 -0.056857 -13.495149 -0.335698 -0.044885 -0.940900 6.320435
-0.939762 0.043806 0.339012 176.635376 0.025719 0.998005 -0.057664 -13.563646 -0.340861 -0.045471 -0.939013 5.193972
-0.936295 0.047543 0.347983 177.075012 0.028275 0.997783 -0.060245 -13.644559 -0.350076 -0.046568 -0.935563 4.019195
-0.932551 0.049363 0.357648 177.550797 0.029898 0.997765 -0.059756 -13.718081 -0.359799 -0.045033 -0.931943 2.848883
-0.928869 0.051336 0.366835 178.065125 0.030561 0.997594 -0.062223 -13.791923 -0.369146 -0.046586 -0.928203 1.705639
-0.924350 0.053722 0.377746 178.575806 0.031608 0.997417 -0.064504 -13.864931 -0.380235 -0.047684 -0.923660 0.572856
-0.919751 0.056541 0.388410 179.109665 0.033777 0.997301 -0.065192 -13.947166 -0.391047 -0.046841 -0.919178 -0.554930
-0.914588 0.056530 0.400416 179.679077 0.033742 0.997396 -0.063741 -14.019760 -0.402977 -0.044786 -0.914114 -1.732886
-0.908461 0.059744 0.413677 180.220825 0.036123 0.997251 -0.064696 -14.106642 -0.416405 -0.043830 -0.908122 -2.901208
-0.902047 0.063171 0.426991 180.775986 0.039143 0.997128 -0.064829 -14.183469 -0.429860 -0.041766 -0.901929 -4.055390
-0.894784 0.065921 0.441606 181.343735 0.042026 0.997085 -0.063687 -14.262846 -0.444517 -0.038427 -0.894946 -5.212503
-0.886541 0.069329 0.457425 181.911591 0.046297 0.997040 -0.061387 -14.341242 -0.460327 -0.033245 -0.887127 -6.376966
-0.877996 0.074122 0.472894 182.514099 0.051498 0.996831 -0.060630 -14.415828 -0.475889 -0.028880 -0.879031 -7.521147
-0.868618 0.078719 0.489189 183.132935 0.056201 0.996580 -0.060575 -14.488738 -0.492285 -0.025123 -0.870072 -8.647781
-0.857675 0.082675 0.507502 183.755936 0.060299 0.996351 -0.060407 -14.568434 -0.510644 -0.021208 -0.859530 -9.747799
-0.847581 0.086767 0.523525 184.424850 0.063273 0.996029 -0.062639 -14.621978 -0.526881 -0.019967 -0.849705 -10.786333
-0.836048 0.089892 0.541242 185.099762 0.065888 0.995797 -0.063611 -14.693959 -0.544686 -0.017521 -0.838457 -11.857882
-0.823320 0.092347 0.560014 185.783569 0.067946 0.995616 -0.064285 -14.784167 -0.563496 -0.014876 -0.825985 -12.924695
-0.808710 0.094948 0.580494 186.485321 0.070161 0.995411 -0.065069 -14.878195 -0.584009 -0.011893 -0.811660 -14.002917
-0.795370 0.095599 0.598538 187.246170 0.072546 0.995400 -0.062582 -14.989860 -0.601767 -0.006354 -0.798646 -15.003352
-0.780452 0.096680 0.617696 188.009232 0.075115 0.995315 -0.060877 -15.099656 -0.620687 -0.001113 -0.784057 -15.979036
-0.764631 0.098997 0.636819 188.785355 0.076389 0.995088 -0.062971 -15.194873 -0.639925 0.000496 -0.768437 -16.911421
-0.747467 0.102144 0.656399 189.577805 0.077420 0.994769 -0.066638 -15.284632 -0.659772 0.001009 -0.751465 -17.839237
-0.729562 0.103281 0.676071 190.391617 0.077112 0.994650 -0.068736 -15.372815 -0.679553 0.001986 -0.733624 -18.745741
-0.710260 0.104281 0.696172 191.236084 0.076584 0.994543 -0.070840 -15.454196 -0.699761 0.003001 -0.714371 -19.641277
-0.690804 0.103576 0.715585 192.089676 0.074197 0.994617 -0.072335 -15.547439 -0.719225 0.003125 -0.694771 -20.475233
-0.670570 0.103974 0.734523 192.963898 0.072277 0.994576 -0.074801 -15.651558 -0.738317 0.002930 -0.674448 -21.292143
-0.650663 0.103249 0.752314 193.877731 0.068546 0.994655 -0.077224 -15.745127 -0.756266 0.001321 -0.654263 -22.083220
-0.629839 0.103676 0.769776 194.794708 0.066845 0.994610 -0.079264 -15.837234 -0.773844 0.001533 -0.633374 -22.835453
-0.606741 0.103476 0.788136 195.737747 0.066330 0.994624 -0.079523 -15.944659 -0.792127 0.004027 -0.610343 -23.595577
-0.582125 0.104242 0.806389 196.713486 0.065061 0.994539 -0.081598 -16.046331 -0.810492 0.004964 -0.585729 -24.338814
-0.555970 0.107507 0.824221 197.690216 0.065432 0.994184 -0.085540 -16.143524 -0.828623 0.006372 -0.559771 -25.035501
-0.528693 0.108265 0.841880 198.701767 0.065005 0.994084 -0.087016 -16.259407 -0.846320 0.008721 -0.532603 -25.709768
-0.500956 0.107061 0.858825 199.719452 0.063714 0.994189 -0.086771 -16.383520 -0.863124 0.011251 -0.504866 -26.330236
-0.472174 0.105039 0.875225 200.767059 0.062146 0.994371 -0.085811 -16.502991 -0.879312 0.013874 -0.476044 -26.928099
-0.441591 0.106151 0.890915 201.844421 0.061654 0.994219 -0.087901 -16.620344 -0.895096 0.016112 -0.445583 -27.499786
-0.409872 0.108583 0.905657 202.926620 0.061633 0.993917 -0.091272 -16.740339 -0.910058 0.018408 -0.414071 -28.020477
-0.376951 0.109952 0.919684 204.028931 0.062175 0.993693 -0.093316 -16.866251 -0.924144 0.022006 -0.381410 -28.511950
-0.343330 0.110367 0.932708 205.169754 0.063361 0.993531 -0.094241 -16.991941 -0.937075 0.026742 -0.348102 -28.980915
-0.309812 0.110053 0.944407 206.300705 0.062702 0.993481 -0.095202 -17.121019 -0.948728 0.029722 -0.314692 -29.380676
-0.275153 0.108736 0.955231 207.448105 0.063386 0.993473 -0.094831 -17.250196 -0.959309 0.034455 -0.280250 -29.746679
-0.239914 0.106905 0.964890 208.616104 0.061690 0.993588 -0.094745 -17.373663 -0.968832 0.036794 -0.244970 -30.066854
-0.204136 0.105641 0.973226 209.784134 0.061526 0.993579 -0.094945 -17.500980 -0.977007 0.040497 -0.209325 -30.347168
-0.168209 0.105090 0.980134 210.945312 0.061247 0.993494 -0.096012 -17.628567 -0.983847 0.043880 -0.173551 -30.574299
-0.131834 0.104651 0.985732 212.125214 0.060111 0.993426 -0.097428 -17.750540 -0.989448 0.046409 -0.137258 -30.765762
-0.095397 0.104673 0.989921 213.300217 0.058986 0.993303 -0.099347 -17.874125 -0.993690 0.048914 -0.100933 -30.909662
-0.059438 0.105741 0.992616 214.488266 0.055479 0.993187 -0.102480 -17.994204 -0.996689 0.048978 -0.064899 -31.008318
-0.024551 0.105385 0.994128 215.659637 0.053014 0.993166 -0.103974 -18.120234 -0.998292 0.050150 -0.029970 -31.055824
0.009563 0.104403 0.994489 216.840347 0.050597 0.993210 -0.104756 -18.254570 -0.998673 0.051320 0.004216 -31.064739
0.042998 0.104760 0.993568 218.022812 0.047934 0.993126 -0.106788 -18.390263 -0.997925 0.052217 0.037681 -31.031450
0.076438 0.104468 0.991586 219.220718 0.047116 0.993007 -0.108250 -18.527540 -0.995961 0.054994 0.070981 -30.963213
0.109019 0.102708 0.988719 220.423035 0.046067 0.993057 -0.108238 -18.658146 -0.992972 0.057348 0.103531 -30.853920
0.141134 0.101469 0.984777 221.614700 0.045667 0.993007 -0.108862 -18.798193 -0.988937 0.060336 0.135514 -30.715353
0.172291 0.101538 0.979799 222.796692 0.045248 0.992807 -0.110843 -18.932346 -0.984006 0.063431 0.166458 -30.539692
0.203243 0.101400 0.973864 223.981903 0.044921 0.992610 -0.112727 -19.071699 -0.978097 0.066658 0.197186 -30.323326
0.234369 0.100449 0.966944 225.156570 0.045583 0.992418 -0.114144 -19.216221 -0.971079 0.070828 0.228013 -30.068954
0.265181 0.098474 0.959157 226.313797 0.046472 0.992310 -0.114726 -19.362724 -0.963078 0.074997 0.258565 -29.777147
0.295876 0.096874 0.950302 227.473938 0.046800 0.992179 -0.115714 -19.510944 -0.954079 0.078711 0.289028 -29.448168
0.326383 0.095944 0.940356 228.613815 0.047743 0.991892 -0.117773 -19.661995 -0.944031 0.083334 0.319156 -29.093313
0.355315 0.094976 0.929909 229.722198 0.046767 0.991773 -0.119163 -19.811291 -0.933576 0.085829 0.347950 -28.690022
0.384018 0.093011 0.918629 230.835205 0.045553 0.991793 -0.119461 -19.963051 -0.922201 0.087722 0.376629 -28.261034
0.412482 0.092203 0.906288 231.936111 0.043544 0.991732 -0.120714 -20.110590 -0.909925 0.089255 0.405057 -27.789537
0.441669 0.092967 0.892349 233.015854 0.042808 0.991300 -0.124464 -20.265713 -0.896156 0.093171 0.433846 -27.301506
0.470276 0.093788 0.877522 234.077240 0.042228 0.990807 -0.128526 -20.420012 -0.881508 0.097499 0.461992 -26.777178
0.498283 0.092052 0.862114 235.103134 0.041221 0.990708 -0.129607 -20.578386 -0.866034 0.100118 0.489858 -26.239872
0.525503 0.089094 0.846114 236.136795 0.040065 0.990807 -0.129213 -20.747253 -0.849848 0.101801 0.517103 -25.649069
0.551355 0.086608 0.829763 237.158768 0.037768 0.990986 -0.128531 -20.915455 -0.833415 0.102205 0.543114 -25.023821
0.574596 0.086328 0.813871 238.141525 0.034534 0.990978 -0.129495 -21.085810 -0.817708 0.102514 0.566431 -24.363258
0.595910 0.085847 0.798450 239.121826 0.031756 0.990973 -0.130247 -21.253904 -0.802423 0.102971 0.587804 -23.675917
0.615600 0.083905 0.783579 240.087418 0.029484 0.991167 -0.129297 -21.434732 -0.787507 0.102698 0.607689 -22.949503
0.634318 0.081187 0.768797 241.046310 0.027650 0.991451 -0.127513 -21.605818 -0.772578 0.102141 0.626651 -22.196928
0.651528 0.077687 0.754637 241.981308 0.027512 0.991669 -0.125842 -21.777311 -0.758126 0.102751 0.643962 -21.412020
0.667882 0.074774 0.740502 242.903687 0.027064 0.991842 -0.124564 -21.946625 -0.743775 0.103235 0.660410 -20.610830
0.683324 0.072421 0.726515 243.807281 0.027496 0.991810 -0.124728 -22.108789 -0.729597 0.105206 0.675736 -19.777834
0.698647 0.071228 0.711912 244.688553 0.026068 0.991837 -0.124817 -22.285002 -0.714991 0.105761 0.691088 -18.942076
0.713900 0.069445 0.696796 245.563904 0.025472 0.991836 -0.124947 -22.447893 -0.699784 0.106948 0.706303 -18.083891
0.728702 0.067136 0.681532 246.419571 0.023594 0.992131 -0.122959 -22.607033 -0.684424 0.105681 0.721384 -17.199760
0.742945 0.063781 0.666307 247.257965 0.023128 0.992409 -0.120785 -22.777046 -0.668953 0.105147 0.735830 -16.292021
0.756845 0.062449 0.650604 248.068329 0.021816 0.992456 -0.120642 -22.923925 -0.653230 0.105501 0.749773 -15.373050
0.770211 0.061496 0.634818 248.852280 0.021732 0.992232 -0.122487 -23.081383 -0.637419 0.108136 0.762891 -14.448909
0.782427 0.059503 0.619894 249.622467 0.021689 0.992217 -0.122617 -23.248653 -0.622365 0.109384 0.775046 -13.487264
0.793814 0.058833 0.605308 250.382767 0.019895 0.992265 -0.122534 -23.406675 -0.607835 0.109311 0.786503 -12.498665
0.804654 0.055526 0.591141 251.125656 0.019831 0.992549 -0.120224 -23.567383 -0.593412 0.108462 0.797558 -11.501167
0.814726 0.052987 0.577420 251.845413 0.020054 0.992645 -0.119386 -23.732204 -0.579499 0.108846 0.807672 -10.478359
0.824306 0.051834 0.563767 252.552063 0.019295 0.992649 -0.119479 -23.897818 -0.565816 0.109366 0.817246 -9.446402
0.833371 0.048588 0.550574 253.263580 0.022451 0.992331 -0.121556 -24.059692 -0.552258 0.113663 0.825889 -8.392922
0.841713 0.046579 0.537912 253.955994 0.022242 0.992435 -0.120742 -24.218632 -0.539467 0.113594 0.834309 -7.338208
0.849345 0.043071 0.526078 254.649353 0.024136 0.992454 -0.120221 -24.379456 -0.527286 0.114807 0.841896 -6.245565
0.856132 0.041432 0.515094 255.324280 0.024520 0.992401 -0.120578 -24.538239 -0.516176 0.115861 0.848610 -5.152768
0.861387 0.039984 0.506373 255.984955 0.024455 0.992477 -0.119967 -24.698372 -0.507360 0.115722 0.853929 -4.040783
0.865253 0.038990 0.499818 256.654510 0.023549 0.992710 -0.118206 -24.863043 -0.500783 0.114049 0.858027 -2.894442
0.868165 0.037716 0.494840 257.321960 0.023504 0.992864 -0.116911 -25.026785 -0.495719 0.113129 0.861084 -1.750850
0.870624 0.036547 0.490590 257.981171 0.024037 0.992885 -0.116623 -25.188375 -0.491362 0.113327 0.863551 -0.562428
0.872840 0.036283 0.486656 258.626282 0.023634 0.992919 -0.116416 -25.342943 -0.487434 0.113114 0.865802 0.606333
0.875043 0.034010 0.482848 259.279968 0.024465 0.993146 -0.114290 -25.506470 -0.483426 0.111822 0.868214 1.764971
0.877174 0.031548 0.479135 259.928802 0.026064 0.993240 -0.113114 -25.682892 -0.479464 0.111709 0.870422 2.929642
0.879617 0.030509 0.474702 260.578369 0.026704 0.993200 -0.113316 -25.850134 -0.474932 0.112351 0.872821 4.056940
0.881903 0.029017 0.470538 261.229309 0.027283 0.993290 -0.112388 -26.021273 -0.470642 0.111953 0.875193 5.205492
0.884134 0.028607 0.466357 261.878448 0.026804 0.993375 -0.111752 -26.188452 -0.466464 0.111304 0.877509 6.380724
0.886677 0.028152 0.461532 262.548859 0.026240 0.993473 -0.111010 -26.367683 -0.461645 0.110540 0.880150 7.536006
0.888997 0.028366 0.457034 263.221954 0.025133 0.993552 -0.110553 -26.544443 -0.457223 0.109768 0.882552 8.754395
0.890529 0.029032 0.453999 263.863678 0.023687 0.993649 -0.110002 -26.722477 -0.454309 0.108714 0.884186 9.923355
0.891073 0.031213 0.452785 264.457703 0.020980 0.993733 -0.109791 -26.876520 -0.453374 0.107331 0.884834 11.127203
0.891254 0.031095 0.452437 265.027008 0.021017 0.993743 -0.109699 -27.029886 -0.453017 0.107278 0.885024 12.287533
