1.000000 0.000000 0.000000 0.000000 0.000000 1.000000 0.000000 0.000000 0.000000 0.000000 1.000000 0.000000
1.000000 -0.000515 -0.000559 0.019541 0.000515 0.999999 0.001133 -0.001983 0.000558 -0.001133 0.999999 1.362601
0.999998 -0.001454 -0.001301 0.041039 0.001455 0.999999 0.000877 -0.007949 0.001300 -0.000878 0.999999 2.722488
0.999996 -0.002616 -0.001373 0.048869 0.002615 0.999996 -0.000665 -0.011904 0.001374 0.000661 0.999999 4.056342
0.999997 -0.002455 -0.000759 0.040292 0.002454 0.999996 -0.001028 -0.016385 0.000761 0.001027 0.999999 5.367552
0.999995 -0.003271 -0.000108 0.026887 0.003271 0.999995 -0.000160 -0.032232 0.000109 0.000160 1.000000 6.668626
0.999988 -0.004868 0.000732 0.014386 0.004867 0.999988 0.000862 -0.044216 -0.000736 -0.000858 0.999999 7.979145
0.999990 -0.004367 0.001067 0.004414 0.004366 0.999990 0.001107 -0.056375 -0.001072 -0.001102 0.999999 9.308455
0.999992 -0.003740 0.001275 -0.007932 0.003741 0.999993 -0.000857 -0.069052 -0.001272 0.000861 0.999999 10.634562
0.999999 -0.000909 0.001357 -0.008470 0.000914 0.999995 -0.003150 -0.086463 -0.001354 0.003151 0.999994 11.988104
0.999995 0.002322 0.002089 -0.022415 -0.002314 0.999990 -0.003838 -0.114939 -0.002098 0.003833 0.999990 13.335345
0.999985 0.004818 0.002675 -0.036007 -0.004808 0.999981 -0.003951 -0.138729 -0.002694 0.003938 0.999989 14.690184
0.999979 0.005725 0.002879 -0.032766 -0.005716 0.999979 -0.003163 -0.159569 -0.002897 0.003147 0.999991 16.061567
0.999987 0.003394 0.003831 -0.036350 -0.003391 0.999994 -0.000788 -0.171926 -0.003834 0.000775 0.999992 17.431128
0.999992 -0.000916 0.003850 -0.018773 0.000912 0.999999 0.001108 -0.192699 -0.003851 -0.001105 0.999992 18.820957
0.999988 -0.003522 0.003527 -0.004662 0.003526 0.999993 -0.001181 -0.211854 -0.003523 0.001194 0.999993 20.203564
0.999981 -0.004831 0.003868 -0.002042 0.004844 0.999983 -0.003284 -0.227956 -0.003852 0.003303 0.999987 21.584930
0.999988 -0.002631 0.004229 0.012582 0.002652 0.999983 -0.005140 -0.243127 -0.004216 0.005151 0.999978 22.980465
0.999988 -0.000070 0.004977 0.019688 0.000085 0.999995 -0.003148 -0.263832 -0.004977 0.003148 0.999983 24.381630
0.999987 0.000464 0.004990 0.043300 -0.000465 1.000000 0.000229 -0.280860 -0.004990 -0.000231 0.999988 25.811163
0.999985 -0.002641 0.004722 0.078549 0.002630 0.999994 0.002271 -0.294743 -0.004728 -0.002259 0.999986 27.231030
0.999970 -0.006560 0.004009 0.095675 0.006559 0.999978 0.000301 -0.305034 -0.004011 -0.000274 0.999992 28.626352
0.999969 -0.006584 0.004220 0.098648 0.006595 0.999975 -0.002490 -0.308469 -0.004204 0.002518 0.999988 29.992695
0.999964 -0.006962 0.004896 0.101888 0.006985 0.999964 -0.004888 -0.332273 -0.004862 0.004922 0.999976 31.363825
0.999978 -0.003718 0.005575 0.100558 0.003753 0.999974 -0.006232 -0.339126 -0.005552 0.006253 0.999965 32.748795
0.999976 -0.003226 0.006205 0.100939 0.003280 0.999957 -0.008656 -0.355360 -0.006177 0.008676 0.999943 34.126194
0.999976 -0.002529 0.006488 0.102315 0.002582 0.999963 -0.008190 -0.376310 -0.006467 0.008206 0.999945 35.510468
0.999978 -0.002511 0.006093 0.118026 0.002556 0.999969 -0.007405 -0.390917 -0.006074 0.007420 0.999954 36.920696
0.999981 -0.001657 0.005936 0.117403 0.001695 0.999979 -0.006306 -0.401515 -0.005926 0.006316 0.999963 38.324814
0.999982 0.000759 0.005942 0.123282 -0.000721 0.999979 -0.006426 -0.412497 -0.005947 0.006421 0.999962 39.733963
0.999977 0.002793 0.006240 0.124222 -0.002749 0.999972 -0.006890 -0.433005 -0.006259 0.006873 0.999957 41.151726
0.999967 0.004985 0.006341 0.125637 -0.004942 0.999965 -0.006699 -0.453737 -0.006374 0.006668 0.999957 42.571133
0.999966 0.005325 0.006238 0.124791 -0.005283 0.999964 -0.006628 -0.480837 -0.006273 0.006595 0.999959 43.981606
0.999975 0.004356 0.005591 0.133646 -0.004318 0.999967 -0.006915 -0.501676 -0.005621 0.006891 0.999960 45.406994
0.999982 0.003491 0.004881 0.141324 -0.003454 0.999966 -0.007512 -0.522018 -0.004907 0.007495 0.999960 46.844498
0.999990 0.002297 0.003826 0.144774 -0.002267 0.999968 -0.007687 -0.537339 -0.003844 0.007679 0.999963 48.288906
0.999994 0.002078 0.002928 0.143716 -0.002058 0.999974 -0.006906 -0.548614 -0.002942 0.006900 0.999972 49.726002
0.999996 0.001760 0.002161 0.135323 -0.001744 0.999971 -0.007372 -0.567284 -0.002173 0.007369 0.999970 51.161209
0.999998 0.001811 0.001093 0.125837 -0.001803 0.999971 -0.007366 -0.578659 -0.001106 0.007364 0.999972 52.610619
0.999999 0.001237 0.000003 0.122466 -0.001237 0.999978 -0.006555 -0.599138 -0.000012 0.006555 0.999979 54.055325
0.999999 -0.000928 -0.000663 0.116691 0.000924 0.999982 -0.005857 -0.618279 0.000669 0.005857 0.999983 55.509178
0.999995 -0.002728 -0.001253 0.109656 0.002720 0.999978 -0.006017 -0.629671 0.001269 0.006013 0.999981 56.965256
0.999979 -0.006143 -0.002155 0.115527 0.006127 0.999957 -0.007004 -0.643388 0.002198 0.006990 0.999973 58.442524
0.999966 -0.007954 -0.002265 0.111476 0.007938 0.999943 -0.007157 -0.650398 0.002322 0.007139 0.999972 59.902237
0.999949 -0.009887 -0.001885 0.114625 0.009874 0.999927 -0.006960 -0.659428 0.001953 0.006941 0.999974 61.334412
0.999924 -0.012220 -0.001653 0.118685 0.012208 0.999903 -0.006700 -0.660151 0.001734 0.006679 0.999976 62.776337
0.999894 -0.014515 -0.001286 0.119204 0.014505 0.999865 -0.007759 -0.661026 0.001399 0.007739 0.999969 64.217606
0.999851 -0.017257 -0.001096 0.116413 0.017246 0.999811 -0.008984 -0.668182 0.001251 0.008964 0.999959 65.685799
0.999843 -0.017699 -0.000308 0.099088 0.017696 0.999796 -0.009721 -0.680976 0.000480 0.009714 0.999953 67.135559
0.999857 -0.016876 0.000614 0.087730 0.016881 0.999803 -0.010478 -0.688863 -0.000437 0.010487 0.999945 68.565933
0.999892 -0.014677 0.001252 0.065453 0.014688 0.999850 -0.009211 -0.707661 -0.001116 0.009228 0.999957 70.030121
0.999919 -0.012520 0.002476 0.031077 0.012541 0.999884 -0.008600 -0.706861 -0.002368 0.008631 0.999960 71.472015
0.999953 -0.009087 0.003516 0.005525 0.009116 0.999924 -0.008343 -0.722805 -0.003440 0.008375 0.999959 72.908501
0.999974 -0.005537 0.004609 -0.033379 0.005580 0.999941 -0.009317 -0.725595 -0.004557 0.009343 0.999946 74.369568
0.999978 -0.003528 0.005546 -0.059637 0.003586 0.999939 -0.010474 -0.730008 -0.005508 0.010493 0.999930 75.823029
0.999977 -0.002229 0.006457 -0.077146 0.002299 0.999939 -0.010800 -0.756396 -0.006433 0.010814 0.999921 77.268127
0.999966 -0.003125 0.007644 -0.119949 0.003207 0.999937 -0.010753 -0.770830 -0.007610 0.010778 0.999913 78.701385
0.999957 -0.004750 0.007992 -0.131461 0.004843 0.999920 -0.011727 -0.784981 -0.007936 0.011765 0.999899 80.133011
0.999941 -0.006971 0.008363 -0.143371 0.007075 0.999897 -0.012462 -0.815806 -0.008275 0.012520 0.999887 81.522644
0.999934 -0.007882 0.008374 -0.154968 0.007990 0.999884 -0.012944 -0.836756 -0.008271 0.013010 0.999881 82.940613
0.999935 -0.007925 0.008223 -0.154863 0.008032 0.999883 -0.013055 -0.871868 -0.008118 0.013120 0.999881 84.363800
0.999929 -0.008788 0.008053 -0.165735 0.008897 0.999868 -0.013576 -0.902486 -0.007932 0.013647 0.999875 85.775803
0.999927 -0.009342 0.007641 -0.170606 0.009443 0.999867 -0.013272 -0.935102 -0.007516 0.013344 0.999883 87.176308
0.999924 -0.010351 0.006737 -0.177895 0.010437 0.999864 -0.012790 -0.961593 -0.006604 0.012859 0.999896 88.594383
0.999899 -0.012838 0.006097 -0.191319 0.012910 0.999846 -0.011892 -0.996093 -0.005943 0.011969 0.999911 90.002754
0.999878 -0.014794 0.005028 -0.184597 0.014852 0.999822 -0.011593 -1.028555 -0.004856 0.011666 0.999920 91.383636
0.999843 -0.017191 0.004410 -0.185635 0.017242 0.999780 -0.011922 -1.050940 -0.004204 0.011996 0.999919 92.767326
0.999809 -0.019077 0.004204 -0.193790 0.019128 0.999738 -0.012557 -1.080416 -0.003964 0.012635 0.999912 94.162437
0.999783 -0.020346 0.004386 -0.200179 0.020403 0.999703 -0.013337 -1.109895 -0.004114 0.013423 0.999901 95.540329
0.999787 -0.020093 0.004771 -0.215262 0.020159 0.999694 -0.014305 -1.137273 -0.004482 0.014398 0.999886 96.905327
0.999767 -0.020959 0.005122 -0.221167 0.021034 0.999667 -0.014946 -1.172222 -0.004807 0.015050 0.999875 98.280052
0.999786 -0.019956 0.005527 -0.228883 0.020041 0.999674 -0.015848 -1.211265 -0.005209 0.015956 0.999859 99.644165
0.999802 -0.018879 0.006212 -0.237388 0.018973 0.999701 -0.015454 -1.253368 -0.005918 0.015569 0.999861 100.984215
0.999795 -0.019045 0.006943 -0.249842 0.019144 0.999713 -0.014421 -1.279256 -0.006666 0.014551 0.999872 102.338913
0.999823 -0.017280 0.007496 -0.256102 0.017379 0.999759 -0.013429 -1.311125 -0.007262 0.013557 0.999882 103.681206
0.999799 -0.018480 0.007804 -0.250476 0.018595 0.999715 -0.014948 -1.347562 -0.007525 0.015090 0.999858 105.028023
0.999791 -0.018811 0.008018 -0.248376 0.018949 0.999668 -0.017453 -1.381438 -0.007687 0.017601 0.999816 106.383484
0.999765 -0.020176 0.007986 -0.238596 0.020323 0.999618 -0.018722 -1.417268 -0.007605 0.018880 0.999793 107.739197
0.999704 -0.022810 0.008429 -0.236342 0.022958 0.999577 -0.017869 -1.450184 -0.008018 0.018057 0.999805 109.091003
0.999632 -0.025609 0.008922 -0.218084 0.025749 0.999541 -0.015943 -1.487794 -0.008510 0.016167 0.999833 110.446030
0.999588 -0.026970 0.009776 -0.208200 0.027122 0.999508 -0.015758 -1.518124 -0.009347 0.016017 0.999828 111.806915
0.999557 -0.027820 0.010537 -0.191317 0.028003 0.999452 -0.017631 -1.545833 -0.010041 0.017918 0.999789 113.164238
0.999598 -0.025865 0.011613 -0.195965 0.026098 0.999452 -0.020376 -1.576094 -0.011080 0.020670 0.999725 114.535881
0.999634 -0.024012 0.012489 -0.170166 0.024290 0.999449 -0.022616 -1.616126 -0.011939 0.022911 0.999666 115.901344
0.999684 -0.021008 0.013805 -0.155600 0.021321 0.999510 -0.022904 -1.652135 -0.013317 0.023191 0.999642 117.246292
0.999691 -0.019462 0.015492 -0.155902 0.019790 0.999577 -0.021331 -1.693809 -0.015070 0.021631 0.999652 118.624969
0.999661 -0.019780 0.016932 -0.159989 0.020105 0.999612 -0.019301 -1.731117 -0.016544 0.019635 0.999670 120.002274
0.999623 -0.020521 0.018225 -0.154211 0.020867 0.999601 -0.019030 -1.770280 -0.017828 0.019404 0.999653 121.368217
0.999603 -0.019949 0.019909 -0.158043 0.020348 0.999592 -0.020032 -1.806484 -0.019501 0.020429 0.999601 122.747635
0.999602 -0.017689 0.021957 -0.165145 0.018145 0.999620 -0.020758 -1.850500 -0.021581 0.021148 0.999543 124.117958
0.999590 -0.015928 0.023794 -0.161564 0.016436 0.999638 -0.021311 -1.892201 -0.023446 0.021693 0.999490 125.479118
0.999554 -0.015457 0.025547 -0.150068 0.016028 0.999624 -0.022267 -1.940705 -0.025193 0.022667 0.999426 126.830872
0.999538 -0.013886 0.027020 -0.128916 0.014518 0.999622 -0.023328 -1.988398 -0.026686 0.023710 0.999363 128.203400
0.999489 -0.014698 0.028391 -0.100482 0.015366 0.999607 -0.023435 -2.046112 -0.028035 0.023859 0.999322 129.572281
0.999443 -0.014783 0.029917 -0.079168 0.015458 0.999628 -0.022459 -2.100055 -0.029574 0.022909 0.999300 130.930069
0.999388 -0.015963 0.031126 -0.051292 0.016652 0.999620 -0.021981 -2.141891 -0.030764 0.022486 0.999274 132.304230
0.999342 -0.017109 0.031983 -0.026445 0.017807 0.999607 -0.021651 -2.192304 -0.031600 0.022206 0.999254 133.670410
0.999291 -0.019354 0.032288 0.008878 0.020066 0.999559 -0.021875 -2.233217 -0.031850 0.022507 0.999239 135.041733
0.999262 -0.020928 0.032205 0.046933 0.021616 0.999542 -0.021173 -2.286652 -0.031748 0.021854 0.999257 136.420547
0.999251 -0.022428 0.031541 0.095431 0.023120 0.999496 -0.021744 -2.334906 -0.031037 0.022457 0.999266 137.800095
0.999246 -0.023995 0.030535 0.129728 0.024660 0.999463 -0.021581 -2.390589 -0.030001 0.022317 0.999301 139.173416
0.999245 -0.025384 0.029414 0.170809 0.026002 0.999445 -0.020805 -2.440031 -0.028869 0.021554 0.999351 140.543152
0.999241 -0.026848 0.028225 0.211923 0.027441 0.999406 -0.020846 -2.485142 -0.027649 0.021604 0.999384 141.905701
0.999236 -0.027862 0.027402 0.231442 0.028436 0.999380 -0.020785 -2.532997 -0.026806 0.021548 0.999408 143.260254
0.999252 -0.028182 0.026482 0.257493 0.028759 0.999352 -0.021662 -2.576743 -0.025855 0.022407 0.999415 144.616409
0.999248 -0.028903 0.025831 0.280125 0.029472 0.999325 -0.021916 -2.625426 -0.025180 0.022661 0.999426 145.974045
0.999182 -0.031401 0.025482 0.299452 0.032026 0.999186 -0.024518 -2.672881 -0.024691 0.025314 0.999375 147.329300
0.999019 -0.036785 0.024658 0.332023 0.037401 0.998988 -0.024991 -2.719763 -0.023714 0.025889 0.999384 148.687988
0.998706 -0.044800 0.024076 0.360036 0.045346 0.998716 -0.022601 -2.772900 -0.023033 0.023664 0.999455 150.046204
0.998392 -0.051887 0.022828 0.392023 0.052374 0.998401 -0.021268 -2.815880 -0.021688 0.022429 0.999513 151.409546
0.998213 -0.055529 0.022094 0.424552 0.056069 0.998123 -0.024614 -2.864295 -0.020686 0.025809 0.999453 152.767105
0.998201 -0.055400 0.022918 0.448034 0.056023 0.998050 -0.027535 -2.917196 -0.021348 0.028769 0.999358 154.121902
0.998356 -0.052074 0.023965 0.478044 0.052779 0.998162 -0.029777 -2.972127 -0.022370 0.030993 0.999269 155.482376
0.998287 -0.052839 0.025106 0.508497 0.053577 0.998122 -0.029697 -3.029849 -0.023490 0.030991 0.999244 156.825134
0.998084 -0.056106 0.026102 0.531594 0.056796 0.998035 -0.026471 -3.079100 -0.024566 0.027903 0.999309 158.164810
0.997748 -0.061612 0.026510 0.573636 0.062253 0.997770 -0.024064 -3.119550 -0.024968 0.025660 0.999359 159.526932
0.997472 -0.065662 0.027170 0.600823 0.066292 0.997536 -0.022982 -3.158057 -0.025594 0.024725 0.999367 160.863083
0.997322 -0.067705 0.027659 0.628689 0.068348 0.997396 -0.023037 -3.205178 -0.026027 0.024865 0.999352 162.205948
0.997401 -0.065907 0.029113 0.660130 0.066570 0.997529 -0.022448 -3.249997 -0.027561 0.024327 0.999324 163.549240
0.997623 -0.061781 0.030523 0.696170 0.062510 0.997767 -0.023518 -3.290612 -0.029002 0.025371 0.999257 164.906708
0.997771 -0.058955 0.031262 0.745312 0.059774 0.997875 -0.025941 -3.323979 -0.029666 0.027752 0.999175 166.284317
0.997915 -0.055684 0.032639 0.758627 0.056565 0.998042 -0.026708 -3.375211 -0.031087 0.028498 0.999110 167.681839
0.997996 -0.053792 0.033311 0.784880 0.054666 0.998168 -0.025919 -3.417518 -0.031855 0.027688 0.999109 169.066055
0.998074 -0.052275 0.033393 0.819048 0.053166 0.998237 -0.026385 -3.465333 -0.031954 0.028110 0.999094 170.459198
0.998175 -0.050166 0.033628 0.844506 0.051166 0.998253 -0.029563 -3.500840 -0.032086 0.031230 0.998997 171.839478
0.998355 -0.046570 0.033457 0.874003 0.047658 0.998335 -0.032500 -3.556154 -0.031888 0.034041 0.998912 173.242966
0.998559 -0.041923 0.033500 0.906127 0.043051 0.998504 -0.033703 -3.617223 -0.032037 0.035097 0.998870 174.653702
0.998741 -0.037002 0.033860 0.945324 0.038115 0.998734 -0.032822 -3.675618 -0.032603 0.034071 0.998887 176.075470
0.998821 -0.034783 0.033870 1.004212 0.035838 0.998875 -0.031040 -3.730647 -0.032752 0.032218 0.998944 177.508942
0.998865 -0.034073 0.033294 1.062140 0.035043 0.998964 -0.029015 -3.783804 -0.032270 0.030149 0.999024 178.946152
0.998770 -0.037697 0.032206 1.115989 0.038605 0.998861 -0.028032 -3.841665 -0.031113 0.029241 0.999088 180.357697
0.998724 -0.039917 0.030930 1.139150 0.040798 0.998764 -0.028383 -3.885724 -0.029759 0.029609 0.999118 181.754410
0.998744 -0.040457 0.029561 1.163183 0.041436 0.998586 -0.033310 -3.925381 -0.028172 0.034493 0.999008 183.153915
0.998847 -0.038864 0.028198 1.194650 0.039925 0.998476 -0.038094 -3.974445 -0.026674 0.039176 0.998876 184.588623
0.999022 -0.034628 0.027476 1.229843 0.035684 0.998605 -0.038909 -4.033903 -0.026090 0.039852 0.998865 186.015472
0.999125 -0.031582 0.027411 1.258556 0.032614 0.998742 -0.038084 -4.095597 -0.026174 0.038945 0.998899 187.405197
0.999160 -0.030243 0.027653 1.284664 0.031196 0.998910 -0.034709 -4.155478 -0.026574 0.035543 0.999015 188.812225
0.999162 -0.029739 0.028126 1.304358 0.030669 0.998976 -0.033248 -4.201322 -0.027108 0.034083 0.999051 190.236206
0.999129 -0.030021 0.028988 1.305042 0.030973 0.998976 -0.032966 -4.242660 -0.027969 0.033835 0.999036 191.648834
0.999058 -0.032002 0.029325 1.321614 0.032957 0.998921 -0.032712 -4.291568 -0.028247 0.033648 0.999035 193.084229
0.998970 -0.034515 0.029467 1.356998 0.035473 0.998838 -0.032620 -4.343267 -0.028307 0.033631 0.999033 194.512177
0.998861 -0.037053 0.030077 1.382475 0.038042 0.998731 -0.032998 -4.396618 -0.028816 0.034105 0.999003 195.943710
0.998712 -0.040384 0.030722 1.411224 0.041367 0.998628 -0.032096 -4.456538 -0.029383 0.033326 0.999013 197.377884
0.998494 -0.045075 0.031272 1.451218 0.046034 0.998470 -0.030642 -4.516304 -0.029843 0.032035 0.999041 198.824097
0.998341 -0.047979 0.031821 1.490605 0.048961 0.998324 -0.030840 -4.579010 -0.030288 0.032347 0.999018 200.276764
0.998403 -0.046287 0.032393 1.525010 0.047429 0.998247 -0.035412 -4.633548 -0.030697 0.036892 0.998848 201.716202
0.998682 -0.039375 0.032935 1.561550 0.040698 0.998350 -0.040505 -4.696555 -0.031286 0.041792 0.998636 203.153580
0.998943 -0.030782 0.034142 1.599338 0.032158 0.998662 -0.040502 -4.766494 -0.032850 0.041557 0.998596 204.599960
0.999108 -0.023168 0.035309 1.636073 0.024475 0.999014 -0.037034 -4.835586 -0.034416 0.037865 0.998690 206.053635
0.999103 -0.022661 0.035777 1.687376 0.023910 0.999106 -0.034874 -4.903585 -0.034955 0.035698 0.998751 207.529800
0.999062 -0.024948 0.035381 1.737148 0.026175 0.999057 -0.034638 -4.965551 -0.034484 0.035532 0.998773 208.998367
0.999016 -0.028386 0.034080 1.796762 0.029573 0.998955 -0.034857 -5.027377 -0.033055 0.035831 0.998811 210.465347
0.998985 -0.030517 0.033142 1.847565 0.031697 0.998860 -0.035692 -5.088718 -0.032015 0.036706 0.998813 211.955566
0.998994 -0.030591 0.032803 1.890855 0.031776 0.998838 -0.036225 -5.157056 -0.031657 0.037231 0.998805 213.418533
0.999039 -0.029299 0.032608 1.942017 0.030481 0.998874 -0.036367 -5.221107 -0.031506 0.037326 0.998806 214.884018
0.999077 -0.028007 0.032567 1.987133 0.029160 0.998944 -0.035491 -5.291459 -0.031538 0.036407 0.998839 216.369354
0.999057 -0.028864 0.032427 2.030617 0.030027 0.998902 -0.035959 -5.365084 -0.031353 0.036898 0.998827 217.850098
0.999045 -0.029510 0.032208 2.076405 0.030699 0.998841 -0.037071 -5.434014 -0.031077 0.038024 0.998793 219.322525
0.998999 -0.030843 0.032392 2.112821 0.032050 0.998786 -0.037412 -5.503564 -0.031199 0.038413 0.998775 220.772415
0.999002 -0.030675 0.032454 2.148280 0.031896 0.998776 -0.037799 -5.567108 -0.031255 0.038797 0.998758 222.236160
0.998993 -0.030705 0.032725 2.178176 0.031944 0.998766 -0.038038 -5.640907 -0.031516 0.039045 0.998740 223.701065
0.998985 -0.030786 0.032890 2.211241 0.032044 0.998748 -0.038418 -5.711200 -0.031666 0.039433 0.998720 225.161514
0.998996 -0.029975 0.033292 2.239337 0.031261 0.998758 -0.038808 -5.786718 -0.032088 0.039810 0.998692 226.623413
0.998974 -0.030507 0.033457 2.277281 0.031797 0.998744 -0.038723 -5.866292 -0.032233 0.039747 0.998690 228.109039
0.998975 -0.030286 0.033638 2.314029 0.031581 0.998753 -0.038660 -5.943525 -0.032426 0.039683 0.998686 229.596863
0.998914 -0.031537 0.034290 2.347766 0.032853 0.998717 -0.038537 -6.022895 -0.033030 0.039622 0.998669 231.093369
0.998838 -0.033163 0.034964 2.383240 0.034509 0.998657 -0.038637 -6.104992 -0.033635 0.039799 0.998641 232.594025
0.998758 -0.034279 0.036154 2.409935 0.035668 0.998622 -0.038496 -6.178423 -0.034784 0.039738 0.998605 234.093567
0.998681 -0.035889 0.036719 2.460526 0.037279 0.998586 -0.037906 -6.251704 -0.035307 0.039224 0.998606 235.614182
0.998645 -0.036425 0.037156 2.505387 0.037829 0.998569 -0.037795 -6.322439 -0.035726 0.039150 0.998595 237.123123
0.998625 -0.036235 0.037887 2.546764 0.037690 0.998551 -0.038411 -6.391675 -0.036440 0.039786 0.998544 238.648315
0.998600 -0.036096 0.038671 2.594697 0.037618 0.998515 -0.039392 -6.458063 -0.037192 0.040791 0.998475 240.176208
0.998546 -0.035732 0.040354 2.621449 0.037320 0.998531 -0.039292 -6.513171 -0.038891 0.040741 0.998413 241.698273
0.998457 -0.036763 0.041621 2.668762 0.038327 0.998564 -0.037425 -6.573578 -0.040186 0.038962 0.998432 243.234253
0.998354 -0.037800 0.043138 2.713039 0.039404 0.998540 -0.036961 -6.646556 -0.041678 0.038599 0.998385 244.771713
0.998328 -0.037884 0.043652 2.791599 0.039583 0.998465 -0.038737 -6.718386 -0.042117 0.040400 0.998296 246.304047
0.998271 -0.038401 0.044498 2.865000 0.040183 0.998396 -0.039880 -6.794541 -0.042895 0.041599 0.998213 247.840866
0.998247 -0.038452 0.044990 2.932053 0.040249 0.998399 -0.039738 -6.861723 -0.043390 0.041479 0.998197 249.418991
0.998202 -0.039804 0.044809 3.014949 0.041558 0.998378 -0.038910 -6.930588 -0.043187 0.040702 0.998238 250.975174
0.998236 -0.039588 0.044237 3.098264 0.041296 0.998410 -0.038382 -7.021336 -0.042647 0.040141 0.998284 252.544571
0.998259 -0.039497 0.043797 3.184210 0.041159 0.998440 -0.037736 -7.118822 -0.042238 0.039473 0.998327 254.114227
0.998308 -0.038072 0.043950 3.245804 0.039708 0.998527 -0.036975 -7.223147 -0.042478 0.038658 0.998349 255.694458
0.998353 -0.036883 0.043947 3.309531 0.038515 0.998577 -0.036898 -7.306816 -0.042524 0.038530 0.998352 257.316681
0.998356 -0.036634 0.044087 3.359933 0.038257 0.998599 -0.036549 -7.390500 -0.042686 0.038175 0.998359 258.887756
0.998291 -0.038106 0.044311 3.407449 0.039736 0.998544 -0.036494 -7.465612 -0.042856 0.038192 0.998351 260.469238
0.998168 -0.040444 0.044990 3.442903 0.042042 0.998497 -0.035154 -7.559887 -0.043501 0.036981 0.998369 262.046967
0.998030 -0.043504 0.045211 3.493450 0.045094 0.998378 -0.034763 -7.621660 -0.043625 0.036733 0.998372 263.630768
0.997913 -0.045389 0.045927 3.524960 0.047028 0.998271 -0.035258 -7.702562 -0.044247 0.037344 0.998322 265.164886
0.997807 -0.046999 0.046609 3.555139 0.048696 0.998166 -0.035968 -7.782485 -0.044833 0.038159 0.998265 266.674286
0.997616 -0.049515 0.048070 3.589603 0.051170 0.998116 -0.033839 -7.865720 -0.046304 0.036218 0.998271 268.165619
0.997404 -0.051800 0.050019 3.605171 0.053447 0.998052 -0.032178 -7.926420 -0.048255 0.034768 0.998230 269.640686
0.997310 -0.053081 0.050548 3.664569 0.054802 0.997942 -0.033295 -7.980472 -0.048677 0.035975 0.998167 271.164093
0.997250 -0.052964 0.051848 3.712702 0.054804 0.997892 -0.034743 -8.042327 -0.049898 0.037489 0.998050 272.682312
0.997195 -0.053188 0.052664 3.787531 0.055072 0.997869 -0.034990 -8.111624 -0.050691 0.037792 0.997999 274.266815
0.997182 -0.051645 0.054414 3.848195 0.053591 0.997952 -0.034935 -8.185853 -0.052499 0.037753 0.997907 275.816589
0.997132 -0.051093 0.055830 3.921751 0.053111 0.997965 -0.035284 -8.253214 -0.053914 0.038148 0.997817 277.394836
0.997091 -0.050134 0.057412 3.989332 0.052228 0.998002 -0.035569 -8.325394 -0.055515 0.038464 0.997717 278.971954
0.997019 -0.049855 0.058887 4.054324 0.052031 0.997996 -0.036021 -8.392215 -0.056973 0.038978 0.997615 280.584656
0.996933 -0.049922 0.060263 4.133805 0.052220 0.997943 -0.037181 -8.454331 -0.058283 0.040214 0.997490 282.160095
0.996792 -0.050937 0.061727 4.217023 0.053353 0.997847 -0.038136 -8.521463 -0.059652 0.041307 0.997364 283.767395
0.996638 -0.052512 0.062897 4.316259 0.054963 0.997769 -0.037895 -8.595634 -0.060767 0.041225 0.997300 285.354065
0.996465 -0.054066 0.064298 4.396069 0.056531 0.997709 -0.037162 -8.670708 -0.062141 0.040666 0.997239 286.925903
0.996320 -0.055289 0.065492 4.475091 0.057795 0.997642 -0.037009 -8.743808 -0.063291 0.040658 0.997167 288.445465
0.996226 -0.056237 0.066116 4.570073 0.058939 0.997473 -0.039660 -8.819118 -0.063719 0.043407 0.997023 289.994263
0.996168 -0.057898 0.065546 4.687277 0.060726 0.997270 -0.042015 -8.894804 -0.062934 0.045834 0.996965 291.564087
0.996241 -0.058114 0.064245 4.811298 0.060898 0.997249 -0.042265 -8.980589 -0.061612 0.046019 0.997039 293.139313
0.996188 -0.059826 0.063482 4.913260 0.062556 0.997161 -0.041921 -9.072966 -0.060794 0.045733 0.997102 294.715790
0.996287 -0.059909 0.061828 5.045571 0.062614 0.997120 -0.042782 -9.153632 -0.059087 0.046494 0.997169 296.321442
0.996360 -0.060140 0.060407 5.169122 0.062818 0.997078 -0.043465 -9.229550 -0.057617 0.047101 0.997227 297.908112
0.996403 -0.060261 0.059580 5.269066 0.062892 0.997080 -0.043308 -9.307540 -0.056796 0.046899 0.997284 299.501770
0.996431 -0.060954 0.058391 5.376664 0.063525 0.997044 -0.043223 -9.397004 -0.055584 0.046778 0.997358 301.068359
0.996489 -0.061714 0.056586 5.492609 0.064134 0.997057 -0.042010 -9.479555 -0.053826 0.045491 0.997514 302.650696
0.996677 -0.060070 0.055012 5.609564 0.062358 0.997217 -0.040852 -9.565278 -0.052405 0.044147 0.997650 304.260132
0.996684 -0.059755 0.055233 5.708154 0.062050 0.997238 -0.040826 -9.650598 -0.052640 0.044117 0.997639 305.884033
0.996703 -0.059537 0.055126 5.829759 0.061841 0.997240 -0.041083 -9.737296 -0.052528 0.044357 0.997634 307.494385
0.996678 -0.060312 0.054730 5.941477 0.062622 0.997173 -0.041520 -9.815725 -0.052072 0.044809 0.997638 309.119446
0.996616 -0.061686 0.054322 6.050887 0.064049 0.997025 -0.042874 -9.891595 -0.051516 0.046209 0.997603 310.739075
0.996602 -0.062538 0.053603 6.177972 0.064992 0.996855 -0.045339 -9.963790 -0.050599 0.048669 0.997532 312.395569
0.996702 -0.062524 0.051723 6.318994 0.064965 0.996782 -0.046951 -10.038469 -0.048622 0.050156 0.997557 314.085541
0.996921 -0.061668 0.048430 6.440068 0.064015 0.996770 -0.048504 -10.123525 -0.045283 0.051455 0.997648 315.749176
0.997150 -0.060336 0.045285 6.548218 0.062515 0.996871 -0.048366 -10.205231 -0.042225 0.051059 0.997803 317.431427
0.997247 -0.059694 0.043984 6.645307 0.061667 0.997084 -0.044956 -10.303208 -0.041172 0.047545 0.998020 319.100616
0.997163 -0.061357 0.043605 6.743590 0.063194 0.997114 -0.042078 -10.388986 -0.040897 0.044714 0.998162 320.757629
0.997125 -0.062212 0.043251 6.828813 0.064004 0.997092 -0.041357 -10.479298 -0.040552 0.044007 0.998208 322.398315
0.997041 -0.063565 0.043234 6.916265 0.065415 0.996940 -0.042802 -10.561794 -0.040381 0.045503 0.998148 324.052185
0.996977 -0.064595 0.043168 7.002891 0.066456 0.996855 -0.043164 -10.640324 -0.040244 0.045903 0.998135 325.725952
0.996973 -0.064833 0.042913 7.094072 0.066676 0.996847 -0.043008 -10.727094 -0.039989 0.045739 0.998153 327.398193
0.996945 -0.064899 0.043457 7.163026 0.066769 0.996840 -0.043037 -10.817133 -0.040526 0.045807 0.998128 329.037628
0.997003 -0.063620 0.044020 7.230793 0.065556 0.996877 -0.044034 -10.909308 -0.041081 0.046788 0.998060 330.699860
0.997006 -0.063040 0.044786 7.301923 0.065045 0.996876 -0.044811 -10.997019 -0.041821 0.047590 0.997991 332.317505
0.996891 -0.064210 0.045671 7.370738 0.066185 0.996875 -0.043124 -11.080728 -0.042760 0.046012 0.998025 333.953735
0.996814 -0.065401 0.045660 7.449762 0.067341 0.996831 -0.042339 -11.172088 -0.042746 0.045279 0.998059 335.584869
0.996743 -0.066460 0.045687 7.524143 0.068459 0.996698 -0.043669 -11.257685 -0.042634 0.046655 0.998001 337.202179
0.996816 -0.065437 0.045561 7.604240 0.067428 0.996770 -0.043623 -11.347179 -0.042559 0.046557 0.998009 338.841736
0.996906 -0.064239 0.045288 7.677581 0.066302 0.996755 -0.045644 -11.437383 -0.042209 0.048505 0.997931 340.496735
0.997049 -0.062654 0.044354 7.757401 0.064799 0.996709 -0.048696 -11.532643 -0.041157 0.051427 0.997828 342.156464
0.997175 -0.061402 0.043272 7.823955 0.063475 0.996815 -0.048279 -11.634960 -0.040169 0.050889 0.997896 343.821075
0.997260 -0.060962 0.041900 7.889857 0.062837 0.997009 -0.044986 -11.727254 -0.039032 0.047496 0.998109 345.454346
0.997380 -0.060185 0.040136 7.968483 0.061890 0.997169 -0.042698 -11.806330 -0.037453 0.045070 0.998282 347.130127
0.997459 -0.059587 0.039050 8.022421 0.061305 0.997132 -0.044381 -11.892072 -0.036293 0.046662 0.998251 348.778290
0.997481 -0.060218 0.037478 8.079306 0.061933 0.997001 -0.046403 -11.974835 -0.034572 0.048607 0.998219 350.434784
0.997448 -0.061892 0.035582 8.142461 0.063485 0.996943 -0.045535 -12.061575 -0.032655 0.047678 0.998329 352.083374
0.997349 -0.063726 0.035117 8.187736 0.065303 0.996816 -0.045751 -12.137669 -0.032090 0.047923 0.998335 353.696747
0.997317 -0.064199 0.035175 8.234879 0.065819 0.996723 -0.047012 -12.220810 -0.032042 0.049201 0.998275 355.320160
0.997244 -0.064887 0.035976 8.268605 0.066591 0.996607 -0.048377 -12.309027 -0.032715 0.050639 0.998181 356.927307
0.997193 -0.064938 0.037268 8.287533 0.066726 0.996571 -0.048937 -12.398175 -0.033962 0.051287 0.998106 358.543182
0.997127 -0.065319 0.038351 8.319007 0.067183 0.996510 -0.049532 -12.490332 -0.034982 0.051966 0.998036 360.157349
0.997036 -0.065952 0.039616 8.347856 0.067910 0.996423 -0.050299 -12.590354 -0.036157 0.052841 0.997948 361.770355
0.996961 -0.065920 0.041516 8.365184 0.068027 0.996350 -0.051559 -12.681180 -0.037966 0.054227 0.997807 363.400879
0.996837 -0.066378 0.043702 8.394854 0.068606 0.996307 -0.051628 -12.779363 -0.040114 0.054463 0.997710 365.000183
0.996735 -0.066252 0.046145 8.425920 0.068653 0.996255 -0.052553 -12.883343 -0.042491 0.055550 0.997551 366.600861
0.996561 -0.067990 0.047371 8.491941 0.070533 0.996033 -0.054253 -12.980910 -0.043494 0.057407 0.997403 368.230774
0.996454 -0.069533 0.047384 8.594215 0.072021 0.995993 -0.053009 -13.073805 -0.043509 0.056234 0.997469 369.869385
0.996293 -0.071611 0.047659 8.689051 0.074101 0.995857 -0.052705 -13.166339 -0.043687 0.056041 0.997472 371.479187
0.996243 -0.072257 0.047740 8.788808 0.074804 0.995741 -0.053900 -13.267514 -0.043642 0.057268 0.997405 373.099762
0.996264 -0.071364 0.048627 8.869413 0.074001 0.995753 -0.054780 -13.367332 -0.044511 0.058174 0.997314 374.710480
0.996319 -0.070093 0.049354 8.952010 0.072744 0.995881 -0.054127 -13.473438 -0.045357 0.057518 0.997314 376.353668
0.996404 -0.068808 0.049440 9.063212 0.071449 0.995992 -0.053808 -13.565342 -0.045539 0.057147 0.997327 378.023407
0.996490 -0.067720 0.049201 9.182209 0.070401 0.996003 -0.054973 -13.651615 -0.045282 0.058244 0.997275 379.772003
0.996530 -0.067352 0.048908 9.314493 0.070123 0.995889 -0.057347 -13.730415 -0.044845 0.060578 0.997156 381.494720
0.996500 -0.067813 0.048882 9.423200 0.070623 0.995799 -0.058273 -13.820783 -0.044725 0.061522 0.997103 383.160675
0.996478 -0.068110 0.048913 9.530857 0.070946 0.995746 -0.058797 -13.925984 -0.044700 0.062060 0.997071 384.830383
0.996513 -0.067429 0.049139 9.629087 0.070300 0.995764 -0.059254 -14.029843 -0.044935 0.062502 0.997033 386.527954
0.996542 -0.066772 0.049452 9.728259 0.069642 0.995838 -0.058785 -14.139149 -0.045321 0.062026 0.997045 388.221100
0.996616 -0.066161 0.048773 9.857492 0.069041 0.995811 -0.059948 -14.241610 -0.044602 0.063112 0.997009 389.973846
0.996674 -0.065266 0.048798 9.951859 0.068213 0.995781 -0.061384 -14.332716 -0.044586 0.064508 0.996921 391.789703
0.996719 -0.064049 0.049491 10.016003 0.067071 0.995818 -0.062030 -14.427945 -0.045311 0.065146 0.996846 393.467590
0.996796 -0.062623 0.049762 10.104076 0.065641 0.995945 -0.061525 -14.534255 -0.045708 0.064595 0.996864 395.111603
0.996811 -0.062093 0.050132 10.191497 0.065136 0.995978 -0.061531 -14.639388 -0.046109 0.064601 0.996845 396.773926
0.996841 -0.061701 0.050018 10.287876 0.064768 0.995958 -0.062226 -14.753300 -0.045977 0.065269 0.996808 398.467865
0.996882 -0.061273 0.049722 10.386078 0.064324 0.995983 -0.062291 -14.872483 -0.045706 0.065295 0.996819 400.187805
