1.000000 0.000000 0.000000 0.000000 0.000000 1.000000 0.000000 0.000000 0.000000 0.000000 1.000000 0.000000
0.999998 -0.001410 -0.001531 0.011188 0.001408 0.999999 -0.001026 -0.007792 0.001532 0.001024 0.999998 0.546102
0.999994 -0.002230 -0.002526 0.014388 0.002224 0.999995 -0.002313 -0.024027 0.002532 0.002307 0.999994 1.090353
0.999987 -0.002387 -0.004564 0.022561 0.002370 0.999990 -0.003774 -0.035476 0.004573 0.003763 0.999982 1.633355
0.999969 -0.004391 -0.006568 0.025438 0.004354 0.999975 -0.005653 -0.045850 0.006593 0.005624 0.999962 2.186227
0.999943 -0.006836 -0.008142 0.031728 0.006776 0.999950 -0.007422 -0.061991 0.008193 0.007366 0.999939 2.740266
0.999922 -0.007975 -0.009586 0.031725 0.007896 0.999935 -0.008249 -0.071547 0.009652 0.008173 0.999920 3.307348
0.999908 -0.008056 -0.010947 0.032212 0.007974 0.999940 -0.007530 -0.086645 0.011007 0.007442 0.999912 3.877482
0.999891 -0.008402 -0.012160 0.033817 0.008306 0.999934 -0.007888 -0.103232 0.012225 0.007786 0.999895 4.457021
0.999880 -0.007792 -0.013378 0.034374 0.007653 0.999916 -0.010429 -0.124004 0.013458 0.010326 0.999856 5.040266
0.999875 -0.005781 -0.014734 0.031117 0.005570 0.999882 -0.014292 -0.141970 0.014815 0.014208 0.999789 5.636312
0.999865 -0.004537 -0.015778 0.016584 0.004253 0.999830 -0.017962 -0.156054 0.015856 0.017893 0.999714 6.246835
0.999850 -0.002590 -0.017108 0.020185 0.002284 0.999837 -0.017920 -0.171317 0.017152 0.017879 0.999693 6.856995
0.999831 0.000209 -0.018386 0.021666 -0.000413 0.999938 -0.011123 -0.185142 0.018382 0.011128 0.999769 7.486026
0.999818 0.001266 -0.019026 0.014727 -0.001276 0.999999 -0.000551 -0.200265 0.019025 0.000575 0.999819 8.135477
0.999800 0.002273 -0.019892 0.010397 -0.002150 0.999979 0.006191 -0.214211 0.019906 -0.006147 0.999783 8.801869
0.999767 0.004362 -0.021156 -0.003600 -0.004248 0.999976 0.005406 -0.232519 0.021179 -0.005315 0.999762 9.485777
0.999742 0.006593 -0.021731 -0.022876 -0.006637 0.999976 -0.001972 -0.237906 0.021717 0.002116 0.999762 10.180573
0.999724 0.006280 -0.022622 -0.045111 -0.006462 0.999947 -0.007993 -0.239258 0.022570 0.008137 0.999712 10.904200
0.999710 0.004016 -0.023725 -0.055180 -0.004164 0.999972 -0.006180 -0.246673 0.023699 0.006277 0.999699 11.650568
0.999700 0.003633 -0.024218 -0.060936 -0.003562 0.999989 0.002989 -0.256141 0.024228 -0.002902 0.999702 12.410269
0.999692 0.003251 -0.024620 -0.072642 -0.002989 0.999939 0.010641 -0.266284 0.024653 -0.010564 0.999640 13.191448
0.999685 0.002224 -0.025010 -0.089548 -0.001899 0.999914 0.013015 -0.267684 0.025036 -0.012964 0.999602 13.991480
0.999683 0.000446 -0.025156 -0.102454 -0.000148 0.999930 0.011857 -0.265902 0.025159 -0.011850 0.999613 14.795147
0.999704 -0.000271 -0.024347 -0.123298 0.000501 0.999955 0.009464 -0.265761 0.024343 -0.009474 0.999659 15.629211
0.999705 0.002356 -0.024185 -0.133756 -0.002212 0.999980 0.005957 -0.262897 0.024198 -0.005902 0.999690 16.482651
0.999724 -0.001080 -0.023449 -0.140584 0.001093 0.999999 0.000559 -0.270329 0.023448 -0.000584 0.999725 17.359713
0.999736 -0.004053 -0.022611 -0.151225 0.003922 0.999975 -0.005839 -0.276331 0.022635 0.005749 0.999727 18.222721
0.999756 -0.003196 -0.021846 -0.152521 0.002949 0.999932 -0.011309 -0.286095 0.021880 0.011242 0.999697 19.122921
0.999754 -0.002180 -0.022073 -0.156067 0.001914 0.999926 -0.012041 -0.301897 0.022097 0.011996 0.999684 20.043493
0.999743 -0.001821 -0.022601 -0.161771 0.001565 0.999935 -0.011334 -0.326401 0.022620 0.011296 0.999680 20.984751
0.999736 -0.000373 -0.022953 -0.171089 0.000082 0.999920 -0.012669 -0.349620 0.022956 0.012664 0.999656 21.928226
0.999728 0.002328 -0.023203 -0.180722 -0.002669 0.999889 -0.014664 -0.373349 0.023167 0.014722 0.999623 22.878901
0.999707 0.005693 -0.023521 -0.194584 -0.006056 0.999864 -0.015358 -0.396774 0.023430 0.015496 0.999605 23.839766
0.999691 0.007401 -0.023712 -0.210494 -0.007764 0.999854 -0.015241 -0.424216 0.023596 0.015420 0.999603 24.809500
0.999681 0.008036 -0.023953 -0.230648 -0.008401 0.999849 -0.015187 -0.454842 0.023828 0.015383 0.999598 25.800106
0.999672 0.008114 -0.024309 -0.246719 -0.008486 0.999848 -0.015244 -0.479942 0.024182 0.015446 0.999588 26.798782
0.999656 0.008877 -0.024699 -0.264679 -0.009224 0.999860 -0.013963 -0.510021 0.024571 0.014186 0.999597 27.795938
0.999639 0.009542 -0.025104 -0.285619 -0.009849 0.999878 -0.012163 -0.532817 0.024985 0.012406 0.999611 28.811615
0.999631 0.010179 -0.025202 -0.312426 -0.010457 0.999886 -0.010925 -0.561216 0.025088 0.011184 0.999623 29.847204
0.999632 0.009925 -0.025253 -0.337579 -0.010232 0.999875 -0.012078 -0.585123 0.025130 0.012332 0.999608 30.883894
0.999615 0.011068 -0.025447 -0.364147 -0.011404 0.999849 -0.013117 -0.608785 0.025298 0.013402 0.999590 31.928040
0.999606 0.010852 -0.025878 -0.386325 -0.011173 0.999862 -0.012273 -0.632529 0.025742 0.012557 0.999590 32.975613
0.999591 0.010395 -0.026635 -0.401982 -0.010660 0.999895 -0.009816 -0.652287 0.026530 0.010096 0.999597 34.031422
0.999578 0.010896 -0.026923 -0.430205 -0.011065 0.999920 -0.006139 -0.675722 0.026854 0.006435 0.999619 35.084385
0.999558 0.011079 -0.027596 -0.453349 -0.011194 0.999929 -0.004026 -0.692272 0.027550 0.004334 0.999611 36.154991
0.999552 0.010950 -0.027863 -0.486584 -0.011048 0.999933 -0.003362 -0.715440 0.027824 0.003668 0.999606 37.227249
0.999532 0.010501 -0.028721 -0.507370 -0.010652 0.999930 -0.005113 -0.730277 0.028665 0.005417 0.999574 38.314140
0.999504 0.011254 -0.029407 -0.538767 -0.011427 0.999918 -0.005699 -0.748497 0.029341 0.006032 0.999551 39.401466
0.999489 0.011249 -0.029905 -0.571773 -0.011388 0.999925 -0.004493 -0.767337 0.029852 0.004831 0.999543 40.488762
0.999461 0.011298 -0.030812 -0.598612 -0.011385 0.999932 -0.002634 -0.785315 0.030780 0.002983 0.999522 41.584511
0.999447 0.011112 -0.031346 -0.629946 -0.011127 0.999938 -0.000300 -0.801615 0.031340 0.000648 0.999509 42.665623
0.999417 0.012188 -0.031885 -0.660676 -0.012206 0.999925 -0.000361 -0.824211 0.031878 0.000750 0.999491 43.752151
0.999382 0.013676 -0.032378 -0.691621 -0.013822 0.999895 -0.004315 -0.842151 0.032315 0.004759 0.999466 44.837799
0.999368 0.014866 -0.032283 -0.731212 -0.015144 0.999850 -0.008390 -0.863856 0.032153 0.008873 0.999444 45.922089
0.999362 0.015143 -0.032335 -0.761713 -0.015433 0.999843 -0.008743 -0.887982 0.032197 0.009236 0.999439 47.012684
0.999358 0.015627 -0.032236 -0.790826 -0.015833 0.999856 -0.006145 -0.909602 0.032136 0.006651 0.999461 48.106838
0.999356 0.016072 -0.032090 -0.817167 -0.016207 0.999861 -0.003950 -0.934263 0.032022 0.004468 0.999477 49.201847
0.999377 0.014467 -0.032204 -0.842158 -0.014565 0.999890 -0.002812 -0.954284 0.032159 0.003279 0.999477 50.286140
0.999390 0.014181 -0.031918 -0.866010 -0.014307 0.999891 -0.003719 -0.976941 0.031861 0.004173 0.999484 51.359959
0.999412 0.012971 -0.031749 -0.884441 -0.013156 0.999898 -0.005598 -0.994333 0.031673 0.006013 0.999480 52.434853
0.999419 0.012749 -0.031602 -0.911608 -0.013008 0.999883 -0.008004 -1.013181 0.031496 0.008410 0.999469 53.520435
0.999432 0.011597 -0.031654 -0.931133 -0.011934 0.999874 -0.010471 -1.041032 0.031529 0.010843 0.999444 54.590832
0.999450 0.009980 -0.031634 -0.958782 -0.010421 0.999850 -0.013807 -1.072602 0.031491 0.014129 0.999404 55.677528
0.999475 0.008338 -0.031305 -0.990130 -0.008832 0.999838 -0.015687 -1.099969 0.031169 0.015956 0.999387 56.768650
0.999489 0.006506 -0.031290 -1.004251 -0.006928 0.999886 -0.013397 -1.133353 0.031199 0.013607 0.999421 57.836441
0.999497 0.005257 -0.031276 -1.021509 -0.005491 0.999958 -0.007409 -1.163480 0.031235 0.007577 0.999483 58.923775
0.999497 0.003889 -0.031489 -1.030955 -0.003933 0.999991 -0.001338 -1.187642 0.031484 0.001461 0.999503 60.019253
0.999490 0.001744 -0.031883 -1.038942 -0.001765 0.999998 -0.000629 -1.206851 0.031881 0.000685 0.999491 61.094906
0.999468 -0.001841 -0.032554 -1.032448 0.001721 0.999992 -0.003730 -1.223807 0.032561 0.003672 0.999463 62.160778
0.999440 -0.003442 -0.033296 -1.030349 0.003214 0.999971 -0.006923 -1.244667 0.033319 0.006812 0.999422 63.230080
0.999430 -0.001724 -0.033705 -1.049281 0.001356 0.999939 -0.010930 -1.271500 0.033722 0.010878 0.999372 64.308060
0.999416 -0.001615 -0.034135 -1.059099 0.001095 0.999883 -0.015262 -1.296628 0.034155 0.015216 0.999301 65.382454
0.999427 0.001401 -0.033805 -1.083915 -0.001943 0.999870 -0.016008 -1.324996 0.033778 0.016064 0.999300 66.477524
0.999427 0.005378 -0.033416 -1.102703 -0.005798 0.999905 -0.012504 -1.352878 0.033345 0.012690 0.999363 67.560944
0.999401 0.006962 -0.033910 -1.123081 -0.007319 0.999919 -0.010409 -1.382808 0.033834 0.010651 0.999371 68.654900
0.999394 0.006146 -0.034270 -1.140856 -0.006480 0.999933 -0.009633 -1.408471 0.034209 0.009850 0.999366 69.737518
0.999383 0.004645 -0.034822 -1.152490 -0.004959 0.999948 -0.008924 -1.435192 0.034779 0.009091 0.999354 70.832054
0.999368 0.003526 -0.035375 -1.177535 -0.003798 0.999964 -0.007626 -1.460299 0.035347 0.007755 0.999345 71.927101
0.999339 0.001909 -0.036296 -1.193801 -0.002109 0.999983 -0.005475 -1.488493 0.036285 0.005548 0.999326 73.018211
0.999305 0.000642 -0.037274 -1.219278 -0.000789 0.999992 -0.003915 -1.513126 0.037271 0.003942 0.999297 74.102707
0.999286 -0.000241 -0.037790 -1.253751 0.000041 0.999986 -0.005299 -1.535886 0.037791 0.005293 0.999272 75.184242
0.999254 -0.000189 -0.038630 -1.283708 -0.000155 0.999960 -0.008903 -1.566333 0.038631 0.008902 0.999214 76.265381
0.999227 0.000506 -0.039297 -1.325713 -0.000937 0.999939 -0.010963 -1.595204 0.039289 0.010991 0.999167 77.353584
0.999201 0.002530 -0.039893 -1.366178 -0.002908 0.999951 -0.009430 -1.619575 0.039868 0.009538 0.999159 78.441299
0.999169 0.003788 -0.040584 -1.401104 -0.004000 0.999979 -0.005142 -1.646264 0.040564 0.005300 0.999163 79.508881
0.999139 0.005521 -0.041129 -1.439486 -0.005583 0.999983 -0.001392 -1.665356 0.041121 0.001621 0.999153 80.565643
0.999114 0.006272 -0.041618 -1.481414 -0.006314 0.999980 -0.000872 -1.685308 0.041611 0.001134 0.999133 81.616142
0.999088 0.006249 -0.042241 -1.521048 -0.006379 0.999975 -0.002926 -1.706189 0.042221 0.003193 0.999103 82.671387
0.999071 0.006321 -0.042628 -1.565912 -0.006492 0.999971 -0.003864 -1.722730 0.042602 0.004137 0.999084 83.720108
0.999062 0.005383 -0.042955 -1.613618 -0.005561 0.999976 -0.004035 -1.748632 0.042932 0.004270 0.999069 84.766457
0.999023 0.004559 -0.043958 -1.646330 -0.004735 0.999981 -0.003895 -1.769316 0.043940 0.004100 0.999026 85.793060
0.998991 0.003271 -0.044782 -1.682706 -0.003383 0.999991 -0.002418 -1.794247 0.044773 0.002567 0.998994 86.812141
0.998962 0.003277 -0.045429 -1.724916 -0.003264 0.999995 0.000344 -1.818566 0.045430 -0.000195 0.998968 87.814392
0.998913 0.002388 -0.046545 -1.762204 -0.002336 0.999997 0.001180 -1.838943 0.046547 -0.001070 0.998915 88.801582
0.998808 0.001427 -0.048787 -1.802332 -0.001362 0.999998 0.001355 -1.856792 0.048789 -0.001287 0.998808 89.752167
0.998633 0.000833 -0.052264 -1.837881 -0.000817 1.000000 0.000329 -1.874257 0.052265 -0.000286 0.998633 90.692047
0.998445 0.000536 -0.055739 -1.882158 -0.000572 1.000000 -0.000640 -1.891754 0.055739 0.000671 0.998445 91.601204
0.998259 0.000395 -0.058987 -1.925922 -0.000422 1.000000 -0.000456 -1.909754 0.058986 0.000481 0.998259 92.487816
0.998071 0.001503 -0.062066 -1.978642 -0.001463 0.999999 0.000688 -1.929866 0.062067 -0.000596 0.998072 93.355522
0.997878 0.002281 -0.065068 -2.034800 -0.002167 0.999996 0.001829 -1.947585 0.065072 -0.001684 0.997879 94.199928
0.997667 0.003343 -0.068193 -2.086962 -0.003125 0.999990 0.003305 -1.964424 0.068204 -0.003084 0.997667 95.006966
0.997457 0.005145 -0.071082 -2.142247 -0.004859 0.999979 0.004201 -1.981956 0.071102 -0.003845 0.997462 95.796867
0.997252 0.007041 -0.073747 -2.202718 -0.006718 0.999967 0.004629 -1.995070 0.073777 -0.004121 0.997266 96.565361
0.997037 0.009173 -0.076373 -2.267114 -0.008939 0.999954 0.003404 -2.010098 0.076401 -0.002712 0.997073 97.303429
0.996819 0.010369 -0.079022 -2.325283 -0.010435 0.999945 -0.000418 -2.023237 0.079013 0.001241 0.996873 98.007950
0.996579 0.012592 -0.081683 -2.382549 -0.012949 0.999909 -0.003841 -2.043831 0.081627 0.004886 0.996651 98.679634
0.996392 0.014328 -0.083658 -2.446467 -0.014930 0.999867 -0.006577 -2.056253 0.083553 0.007802 0.996473 99.328529
0.996279 0.016458 -0.084605 -2.500177 -0.017177 0.999822 -0.007779 -2.067210 0.084462 0.009203 0.996384 99.949585
0.996321 0.018733 -0.083632 -2.557291 -0.019403 0.999786 -0.007209 -2.086802 0.083479 0.008805 0.996471 100.538277
0.996490 0.022553 -0.080617 -2.610457 -0.023078 0.999718 -0.005592 -2.105481 0.080469 0.007433 0.996729 101.117798
0.996854 0.025205 -0.075140 -2.651756 -0.025572 0.999665 -0.003920 -2.125896 0.075016 0.005830 0.997165 101.667603
0.997351 0.026055 -0.067917 -2.678241 -0.026252 0.999653 -0.002020 -2.139192 0.067841 0.003798 0.997689 102.197708
0.997962 0.026069 -0.058247 -2.702156 -0.026094 0.999659 0.000325 -2.149065 0.058235 0.001196 0.998302 102.703438
0.998581 0.025840 -0.046572 -2.712567 -0.025795 0.999666 0.001562 -2.161419 0.046597 -0.000358 0.998914 103.193031
0.999133 0.025163 -0.033178 -2.719061 -0.025120 0.999683 0.001700 -2.173824 0.033210 -0.000865 0.999448 103.653358
0.999527 0.024858 -0.018125 -2.715053 -0.024844 0.999691 0.000984 -2.188432 0.018144 -0.000533 0.999835 104.097473
0.999724 0.023511 -0.000295 -2.697801 -0.023511 0.999722 -0.001988 -2.200686 0.000248 0.001994 0.999998 104.528061
0.999518 0.022905 0.020942 -2.676115 -0.022771 0.999719 -0.006592 -2.211745 -0.021088 0.006112 0.999759 104.944023
0.998771 0.020778 0.044995 -2.628000 -0.020287 0.999730 -0.011354 -2.222598 -0.045219 0.010428 0.998923 105.365669
0.997251 0.018239 0.071822 -2.564464 -0.017275 0.999752 -0.014027 -2.235368 -0.072060 0.012747 0.997319 105.781250
0.994712 0.015638 0.101505 -2.490767 -0.014164 0.999784 -0.015231 -2.247726 -0.101721 0.013712 0.994718 106.185600
0.990909 0.013398 0.133866 -2.405911 -0.011195 0.999790 -0.017191 -2.258845 -0.134068 0.015536 0.990850 106.578796
0.985465 0.010923 0.169525 -2.306190 -0.007863 0.999794 -0.018713 -2.271948 -0.169694 0.017108 0.985348 106.965866
0.978157 0.007821 0.207719 -2.181386 -0.003894 0.999806 -0.019308 -2.282199 -0.207830 0.018077 0.977998 107.349373
0.968708 0.005630 0.248141 -2.058361 -0.000646 0.999797 -0.020162 -2.296919 -0.248204 0.019370 0.968514 107.709930
0.956924 0.006682 0.290261 -1.926669 -0.000525 0.999773 -0.021287 -2.309672 -0.290338 0.020218 0.956711 108.061722
0.942165 0.008951 0.335030 -1.779573 -0.001732 0.999760 -0.021838 -2.321709 -0.335145 0.019994 0.941954 108.405502
0.924768 0.009121 0.380422 -1.621173 -0.001362 0.999786 -0.020659 -2.331970 -0.380529 0.018587 0.924582 108.733749
0.904850 0.008669 0.425642 -1.444924 -0.000355 0.999808 -0.019607 -2.340629 -0.425730 0.017591 0.904679 109.052284
0.882110 0.007725 0.470980 -1.251441 0.002005 0.999795 -0.020154 -2.352419 -0.471039 0.018722 0.881913 109.352745
0.857151 0.008551 0.514995 -1.048107 0.003458 0.999744 -0.022356 -2.365132 -0.515054 0.020943 0.856902 109.638596
0.829853 0.010762 0.557879 -0.823164 0.004446 0.999655 -0.025898 -2.377843 -0.557965 0.023971 0.829518 109.918190
0.799392 0.015730 0.600604 -0.582888 0.003120 0.999535 -0.030331 -2.390732 -0.600802 0.026121 0.798971 110.197296
0.765633 0.022325 0.642890 -0.328174 0.000003 0.999397 -0.034709 -2.395516 -0.643278 0.026577 0.765172 110.466667
0.728804 0.026982 0.684191 -0.055401 -0.001742 0.999293 -0.037552 -2.404706 -0.684720 0.026176 0.728336 110.713921
0.689481 0.027197 0.723793 0.238405 0.001081 0.999255 -0.038577 -2.415849 -0.724303 0.027381 0.688938 110.951653
0.648304 0.024688 0.760981 0.555758 0.005221 0.999306 -0.036868 -2.429903 -0.761364 0.027875 0.647726 111.173607
0.604180 0.022724 0.796524 0.889716 0.007205 0.999397 -0.033977 -2.439829 -0.796815 0.026267 0.603652 111.387093
0.557074 0.021344 0.830189 1.237419 0.008145 0.999481 -0.031162 -2.451192 -0.830423 0.024122 0.556611 111.600311
0.508422 0.018851 0.860902 1.599553 0.009906 0.999566 -0.027738 -2.465432 -0.861051 0.022631 0.508015 111.783577
0.457122 0.015151 0.889275 1.967702 0.012450 0.999648 -0.023431 -2.478914 -0.889317 0.021783 0.456772 111.942780
0.405017 0.015238 0.914182 2.319729 0.010238 0.999723 -0.021200 -2.496076 -0.914252 0.017945 0.404749 112.075317
0.353494 0.020098 0.935221 2.682580 0.007372 0.999678 -0.024270 -2.509807 -0.935408 0.015474 0.353233 112.194214
0.302884 0.025122 0.952696 3.038371 0.007214 0.999563 -0.028652 -2.522661 -0.953000 0.015551 0.302570 112.285843
0.255843 0.027217 0.966335 3.420084 0.008570 0.999500 -0.030420 -2.537352 -0.966680 0.016064 0.255482 112.361794
0.214515 0.026842 0.976352 3.826782 0.016413 0.999382 -0.031081 -2.550839 -0.976583 0.022692 0.213941 112.413605
0.179107 0.026928 0.983461 4.303694 0.024693 0.999187 -0.031856 -2.558481 -0.983520 0.029990 0.178296 112.469269
0.148464 0.028291 0.988513 4.755134 0.029454 0.999021 -0.033015 -2.569683 -0.988479 0.034017 0.147485 112.510765
0.120058 0.026709 0.992408 5.248004 0.027558 0.999163 -0.030225 -2.588120 -0.992384 0.030977 0.119221 112.565292
0.094279 0.023281 0.995274 5.764875 0.021561 0.999444 -0.025421 -2.602558 -0.995312 0.023856 0.093724 112.615471
0.069985 0.019407 0.997359 6.308445 0.016979 0.999643 -0.020643 -2.615229 -0.997404 0.018379 0.069631 112.660019
0.047210 0.016902 0.998742 6.861279 0.021013 0.999619 -0.017910 -2.634758 -0.998664 0.021832 0.046837 112.676674
0.026869 0.017558 0.999485 7.425468 0.029928 0.999383 -0.018360 -2.650278 -0.999191 0.030405 0.026327 112.678658
0.009488 0.019945 0.999756 7.998338 0.035316 0.999171 -0.020268 -2.667191 -0.999331 0.035499 0.008776 112.671822
-0.005010 0.025617 0.999659 8.592709 0.035825 0.999035 -0.025421 -2.672429 -0.999346 0.035686 -0.005923 112.668465
-0.016335 0.030605 0.999398 9.218022 0.032973 0.999004 -0.030054 -2.678743 -0.999323 0.032462 -0.017328 112.675117
-0.022923 0.030433 0.999274 9.855831 0.036046 0.998912 -0.029595 -2.692641 -0.999087 0.035341 -0.023995 112.660118
-0.025695 0.027333 0.999296 10.523764 0.041696 0.998785 -0.026247 -2.713685 -0.998800 0.040992 -0.026804 112.639885
-0.025650 0.025757 0.999339 11.193236 0.042600 0.998788 -0.024650 -2.733640 -0.998763 0.041939 -0.026716 112.633720
-0.023957 0.025647 0.999384 11.889092 0.041457 0.998836 -0.024639 -2.750366 -0.998853 0.040842 -0.024992 112.630234
-0.023197 0.025955 0.999394 12.593195 0.037599 0.998978 -0.025071 -2.773644 -0.999024 0.036995 -0.024149 112.639206
-0.022752 0.027314 0.999368 13.312378 0.036665 0.998977 -0.026468 -2.792040 -0.999069 0.036039 -0.023731 112.644836
-0.022041 0.028199 0.999359 14.060994 0.036552 0.998957 -0.027382 -2.814983 -0.999089 0.035925 -0.023048 112.638969
-0.021694 0.027735 0.999380 14.815013 0.036280 0.998979 -0.026937 -2.840985 -0.999106 0.035673 -0.022678 112.634720
-0.021571 0.026615 0.999413 15.572409 0.034808 0.999060 -0.025854 -2.862808 -0.999161 0.034229 -0.022477 112.634430
-0.022140 0.025435 0.999431 16.332365 0.035408 0.999069 -0.024641 -2.888031 -0.999128 0.034842 -0.023020 112.641777
-0.022945 0.023298 0.999465 17.138710 0.035701 0.999110 -0.022470 -2.912603 -0.999099 0.035167 -0.023756 112.628746
-0.025078 0.021569 0.999453 17.938335 0.033204 0.999234 -0.020731 -2.938099 -0.999134 0.032666 -0.025775 112.631516
-0.026763 0.020431 0.999433 18.729906 0.032445 0.999282 -0.019559 -2.964353 -0.999115 0.031903 -0.027406 112.623505
-0.027963 0.018138 0.999444 19.534027 0.034871 0.999245 -0.017158 -2.981779 -0.999001 0.034372 -0.028574 112.595100
-0.029430 0.016833 0.999425 20.327728 0.036335 0.999215 -0.015759 -2.999894 -0.998906 0.035850 -0.030019 112.566895
-0.031488 0.016152 0.999374 21.125940 0.033551 0.999323 -0.015094 -3.022330 -0.998941 0.033055 -0.032009 112.548393
-0.032372 0.020842 0.999259 21.952881 0.031114 0.999319 -0.019835 -3.043972 -0.998991 0.030448 -0.032998 112.521927
-0.033237 0.025656 0.999118 22.781837 0.032591 0.999167 -0.024573 -3.063620 -0.998916 0.031745 -0.034045 112.490555
-0.034490 0.027429 0.999029 23.620178 0.033267 0.999101 -0.026283 -3.088782 -0.998851 0.032328 -0.035372 112.459991
-0.036340 0.025238 0.999021 24.479639 0.030315 0.999249 -0.024141 -3.117672 -0.998880 0.029408 -0.037077 112.435928
-0.037728 0.021011 0.999067 25.348562 0.027735 0.999416 -0.019970 -3.146510 -0.998903 0.026956 -0.038288 112.415230
-0.038067 0.015815 0.999150 26.198847 0.026207 0.999547 -0.014823 -3.175440 -0.998931 0.025620 -0.038464 112.378426
-0.038588 0.010179 0.999203 27.057304 0.023283 0.999686 -0.009285 -3.196141 -0.998984 0.022906 -0.038813 112.354294
-0.038838 0.009115 0.999204 27.906328 0.020885 0.999747 -0.008308 -3.216700 -0.999027 0.020545 -0.039019 112.330124
-0.038180 0.016344 0.999137 28.740211 0.024899 0.999571 -0.015400 -3.237744 -0.998961 0.024290 -0.038571 112.304092
-0.037274 0.027854 0.998917 29.545485 0.027931 0.999250 -0.026822 -3.254178 -0.998915 0.026901 -0.038024 112.274284
-0.036809 0.033397 0.998764 30.387905 0.030580 0.999011 -0.032278 -3.274113 -0.998854 0.029354 -0.037794 112.242432
-0.035279 0.028047 0.998984 31.220808 0.032447 0.999111 -0.026904 -3.303827 -0.998851 0.031465 -0.036158 112.202507
-0.034113 0.020441 0.999209 32.045033 0.036228 0.999159 -0.019203 -3.333571 -0.998761 0.035545 -0.034825 112.159370
-0.033482 0.017520 0.999286 32.874157 0.037853 0.999151 -0.016249 -3.360717 -0.998722 0.037282 -0.034117 112.116829
-0.032692 0.018350 0.999297 33.647018 0.037724 0.999142 -0.017113 -3.383510 -0.998753 0.037138 -0.033356 112.063385
-0.034081 0.019567 0.999228 34.478596 0.035252 0.999210 -0.018365 -3.406908 -0.998797 0.034599 -0.034744 112.047699
-0.036521 0.019665 0.999139 35.322330 0.033524 0.999268 -0.018442 -3.436567 -0.998770 0.032822 -0.037154 112.030296
-0.039143 0.019825 0.999037 36.150810 0.033860 0.999255 -0.018503 -3.461378 -0.998660 0.033103 -0.039785 112.013565
-0.041517 0.020179 0.998934 36.953327 0.032597 0.999291 -0.018831 -3.492433 -0.998606 0.031780 -0.042145 111.985611
-0.044174 0.020529 0.998813 37.751789 0.031148 0.999331 -0.019162 -3.519778 -0.998538 0.030264 -0.044783 111.961731
-0.046539 0.019874 0.998719 38.552311 0.029723 0.999387 -0.018502 -3.543234 -0.998474 0.028824 -0.047101 111.936058
-0.049153 0.018697 0.998616 39.346943 0.030700 0.999381 -0.017200 -3.572072 -0.998319 0.029812 -0.049697 111.908279
-0.051267 0.019007 0.998504 40.125183 0.030837 0.999372 -0.017440 -3.599735 -0.998209 0.029897 -0.051821 111.870995
-0.053259 0.020080 0.998379 40.898998 0.030812 0.999355 -0.018456 -3.625061 -0.998105 0.029779 -0.053844 111.830482
-0.054601 0.020257 0.998303 41.704094 0.031722 0.999325 -0.018543 -3.650849 -0.998004 0.030655 -0.055206 111.793953
-0.056297 0.019096 0.998231 42.494537 0.033562 0.999288 -0.017223 -3.680065 -0.997850 0.032533 -0.056898 111.755325
-0.058101 0.018570 0.998138 43.272282 0.034310 0.999273 -0.016594 -3.706439 -0.997721 0.033282 -0.058695 111.714989
-0.059459 0.018310 0.998063 44.041050 0.033659 0.999300 -0.016327 -3.731595 -0.997663 0.032623 -0.060034 111.670944
-0.060986 0.017212 0.997990 44.801678 0.032270 0.999363 -0.015263 -3.761358 -0.997617 0.031274 -0.061502 111.630676
-0.062115 0.016076 0.997940 45.554829 0.031672 0.999398 -0.014128 -3.784450 -0.997566 0.030730 -0.062586 111.593559
-0.063146 0.016168 0.997873 46.290989 0.032243 0.999380 -0.014152 -3.806412 -0.997483 0.031281 -0.063628 111.556450
-0.063547 0.018598 0.997806 47.007732 0.033033 0.999318 -0.016522 -3.834062 -0.997432 0.031910 -0.064118 111.515518
-0.064301 0.021658 0.997696 47.731918 0.033483 0.999248 -0.019534 -3.857168 -0.997369 0.032150 -0.064978 111.484192
-0.064776 0.023576 0.997621 48.447292 0.031996 0.999256 -0.021537 -3.879006 -0.997387 0.030525 -0.065482 111.447670
-0.065432 0.024623 0.997553 49.175098 0.033317 0.999192 -0.022478 -3.904010 -0.997301 0.031765 -0.066200 111.413406
-0.065947 0.024716 0.997517 49.898006 0.034825 0.999141 -0.022454 -3.927503 -0.997215 0.033258 -0.066751 111.376274
-0.066504 0.024570 0.997484 50.607754 0.036195 0.999098 -0.022197 -3.947977 -0.997129 0.034627 -0.067334 111.333755
-0.067147 0.024622 0.997439 51.311333 0.032268 0.999226 -0.022494 -3.974477 -0.997221 0.030675 -0.067890 111.298126
-0.067022 0.025086 0.997436 51.999352 0.030498 0.999268 -0.023083 -4.000802 -0.997285 0.028873 -0.067738 111.257202
-0.067552 0.023678 0.997435 52.700874 0.032426 0.999242 -0.021525 -4.029343 -0.997189 0.030889 -0.068269 111.219559
-0.068699 0.023164 0.997368 53.390049 0.032334 0.999257 -0.020981 -4.053625 -0.997113 0.030808 -0.069397 111.175484
-0.072642 0.022549 0.997103 54.078911 0.028902 0.999372 -0.020494 -4.079670 -0.996939 0.027330 -0.073248 111.138344
-0.078296 0.022391 0.996679 54.768356 0.025552 0.999464 -0.020446 -4.100659 -0.996603 0.023866 -0.078826 111.096054
-0.084519 0.026318 0.996074 55.452595 0.029124 0.999289 -0.023931 -4.124446 -0.995996 0.026987 -0.085225 111.040131
-0.091219 0.029443 0.995396 56.140263 0.031840 0.999138 -0.026636 -4.143648 -0.995322 0.029263 -0.092078 110.972610
-0.098439 0.031236 0.994653 56.817787 0.031616 0.999101 -0.028246 -4.166869 -0.994641 0.028667 -0.099338 110.901283
-0.104808 0.030365 0.994029 57.510857 0.027749 0.999234 -0.027598 -4.193948 -0.994105 0.024690 -0.105570 110.831543
-0.110321 0.028983 0.993473 58.211121 0.027448 0.999282 -0.026105 -4.223723 -0.993517 0.024389 -0.111037 110.753639
-0.114853 0.029738 0.992937 58.912727 0.025398 0.999313 -0.026991 -4.247284 -0.993058 0.022118 -0.115530 110.671822
-0.118995 0.029182 0.992466 59.629112 0.023396 0.999373 -0.026580 -4.270854 -0.992619 0.020057 -0.119603 110.586525
-0.121302 0.025950 0.992276 60.348923 0.023726 0.999448 -0.023237 -4.294951 -0.992332 0.020724 -0.121851 110.489418
-0.122868 0.023052 0.992155 61.093170 0.025959 0.999463 -0.020007 -4.317285 -0.992083 0.023297 -0.123400 110.387848
-0.124380 0.020361 0.992026 61.842770 0.025675 0.999521 -0.017296 -4.338981 -0.991902 0.023319 -0.124843 110.292091
-0.125422 0.020184 0.991898 62.587498 0.024843 0.999543 -0.017198 -4.357686 -0.991792 0.022485 -0.125866 110.195381
-0.125768 0.024061 0.991768 63.313461 0.026754 0.999424 -0.020854 -4.378804 -0.991699 0.023911 -0.126339 110.099907
-0.125506 0.028396 0.991686 64.044601 0.032685 0.999166 -0.024473 -4.399890 -0.991554 0.029341 -0.126329 109.992393
-0.126142 0.033494 0.991447 64.792175 0.040354 0.998776 -0.028607 -4.427813 -0.991191 0.036400 -0.127339 109.888062
-0.126750 0.034791 0.991324 65.540192 0.041024 0.998713 -0.029805 -4.452670 -0.991086 0.036890 -0.128015 109.785828
-0.127121 0.032388 0.991358 66.302063 0.039059 0.998855 -0.027625 -4.482121 -0.991118 0.035210 -0.128240 109.692940
-0.127018 0.027378 0.991522 67.063255 0.039609 0.998962 -0.022509 -4.513295 -0.991109 0.036414 -0.127971 109.595352
-0.127169 0.025653 0.991549 67.825462 0.041452 0.998930 -0.020527 -4.540613 -0.991015 0.038491 -0.128096 109.495934
-0.128360 0.025323 0.991404 68.587967 0.041574 0.998933 -0.020133 -4.567807 -0.990856 0.038632 -0.129276 109.405060
-0.130359 0.026449 0.991114 69.345657 0.040476 0.998953 -0.021334 -4.591723 -0.990640 0.037335 -0.131293 109.317467
-0.132744 0.026955 0.990784 70.103050 0.039432 0.998982 -0.021895 -4.620315 -0.990366 0.036163 -0.133672 109.228355
-0.135188 0.027406 0.990441 70.862701 0.040749 0.998925 -0.022079 -4.644229 -0.989982 0.037375 -0.136160 109.137115
-0.137250 0.027563 0.990153 71.619102 0.040993 0.998914 -0.022124 -4.671180 -0.989688 0.037553 -0.138231 109.042755
-0.139728 0.027032 0.989821 72.401443 0.039721 0.998976 -0.021674 -4.697596 -0.989393 0.036288 -0.140658 108.951248
-0.141452 0.027606 0.989560 73.175896 0.038359 0.999013 -0.022386 -4.719505 -0.989202 0.034792 -0.142372 108.850578
-0.142601 0.029332 0.989345 73.945107 0.038483 0.998969 -0.024070 -4.743899 -0.989032 0.034640 -0.143583 108.742897
-0.143512 0.029803 0.989200 74.706276 0.037083 0.999006 -0.024718 -4.767535 -0.988954 0.033135 -0.144474 108.642136
-0.145176 0.030278 0.988942 75.490402 0.036811 0.999005 -0.025183 -4.790655 -0.988721 0.032748 -0.146146 108.541954
-0.146495 0.028714 0.988795 76.290176 0.036996 0.999038 -0.023530 -4.815464 -0.988519 0.033135 -0.147416 108.436363
-0.147729 0.026408 0.988675 77.101654 0.034594 0.999170 -0.021519 -4.840846 -0.988423 0.031023 -0.148520 108.328629
-0.149705 0.024571 0.988425 77.914780 0.031787 0.999294 -0.020026 -4.861279 -0.988220 0.028421 -0.150381 108.219223
-0.152087 0.023962 0.988077 78.718254 0.032909 0.999274 -0.019168 -4.888529 -0.987819 0.029601 -0.152766 108.107925
-0.154128 0.024605 0.987744 79.534492 0.033819 0.999236 -0.019614 -4.915447 -0.987472 0.030381 -0.154842 107.991089
-0.156640 0.026231 0.987307 80.357399 0.033771 0.999205 -0.021189 -4.936555 -0.987078 0.030023 -0.157402 107.879227
-0.158345 0.029804 0.986934 81.176323 0.035788 0.999061 -0.024429 -4.964751 -0.986735 0.031452 -0.159263 107.758087
-0.158893 0.033765 0.986718 82.000877 0.037585 0.998897 -0.028129 -4.997135 -0.986580 0.032616 -0.159987 107.630493
-0.160075 0.037940 0.986376 82.831390 0.039050 0.998722 -0.032078 -5.026767 -0.986332 0.033383 -0.161352 107.500854
-0.159744 0.039025 0.986387 83.677383 0.041086 0.998615 -0.032855 -5.062878 -0.986303 0.035278 -0.161126 107.367584
-0.159359 0.038498 0.986470 84.522049 0.044810 0.998492 -0.031728 -5.098865 -0.986203 0.039147 -0.160844 107.229790
-0.159689 0.036507 0.986492 85.401764 0.045297 0.998534 -0.029620 -5.136630 -0.986128 0.039955 -0.161108 107.108765
-0.159597 0.034938 0.986564 86.290840 0.044113 0.998628 -0.028229 -5.172112 -0.986196 0.039015 -0.160919 106.992004
-0.158079 0.032534 0.986890 87.151001 0.043203 0.998728 -0.026004 -5.206709 -0.986481 0.038526 -0.159283 106.864090
-0.156678 0.029350 0.987213 88.021843 0.043520 0.998793 -0.022787 -5.238930 -0.986690 0.039394 -0.157767 106.735031
-0.155157 0.026322 0.987539 88.896660 0.044350 0.998823 -0.019655 -5.266723 -0.986894 0.040748 -0.156142 106.603462
-0.154036 0.026005 0.987723 89.765884 0.042415 0.998906 -0.019685 -5.301209 -0.987154 0.038862 -0.154971 106.484833
-0.152628 0.030562 0.987811 90.625969 0.043811 0.998748 -0.024131 -5.328238 -0.987312 0.039594 -0.153775 106.357597
-0.150928 0.036955 0.987854 91.492706 0.044967 0.998523 -0.030484 -5.360341 -0.987521 0.039820 -0.152367 106.232552
-0.149764 0.040716 0.987883 92.368080 0.042902 0.998478 -0.034648 -5.389200 -0.987790 0.037193 -0.151283 106.112259
-0.148609 0.038027 0.988165 93.237823 0.041193 0.998631 -0.032235 -5.429914 -0.988038 0.035915 -0.149972 105.995399
-0.147876 0.035769 0.988359 94.120010 0.041328 0.998696 -0.029959 -5.462452 -0.988142 0.036416 -0.149162 105.873039
-0.147450 0.034526 0.988467 94.995682 0.043139 0.998664 -0.028447 -5.496552 -0.988128 0.038447 -0.148742 105.747612
-0.146668 0.034425 0.988587 95.845131 0.042145 0.998704 -0.028524 -5.528872 -0.988288 0.037481 -0.147929 105.623672
-0.146462 0.034616 0.988610 96.699112 0.041849 0.998710 -0.028770 -5.564752 -0.988331 0.037159 -0.147722 105.510208
-0.145936 0.032886 0.988747 97.563934 0.043979 0.998675 -0.026725 -5.598035 -0.988316 0.039584 -0.147189 105.386337
-0.145057 0.032648 0.988885 98.398491 0.046334 0.998583 -0.026172 -5.628113 -0.988338 0.042022 -0.146364 105.269699
-0.144441 0.033979 0.988930 99.239708 0.048486 0.998453 -0.027225 -5.663266 -0.988325 0.044017 -0.145865 105.145966
-0.144004 0.036384 0.988908 100.083450 0.049116 0.998355 -0.029580 -5.694458 -0.988358 0.044312 -0.145554 105.031746
-0.143399 0.038092 0.988932 100.940529 0.046447 0.998417 -0.031722 -5.723524 -0.988574 0.041384 -0.144941 104.913841
-0.143182 0.033916 0.989115 101.778221 0.041306 0.998747 -0.028267 -5.756443 -0.988834 0.036809 -0.144403 104.803848
-0.143917 0.031708 0.989082 102.603493 0.036608 0.998973 -0.026698 -5.796205 -0.988912 0.032366 -0.144930 104.704521
-0.145702 0.031990 0.988811 103.426849 0.033317 0.999069 -0.027412 -5.834924 -0.988767 0.028950 -0.146632 104.607635
-0.147656 0.036681 0.988358 104.242317 0.030195 0.999013 -0.032566 -5.866825 -0.988578 0.025035 -0.148618 104.513176
-0.149244 0.039283 0.988020 105.050552 0.029219 0.998949 -0.035304 -5.902734 -0.988369 0.023600 -0.150235 104.415642
-0.150361 0.039661 0.987835 105.864273 0.029614 0.998927 -0.035599 -5.945042 -0.988188 0.023901 -0.151374 104.313011
-0.151252 0.038943 0.987728 106.665237 0.030453 0.998933 -0.034721 -5.989502 -0.988026 0.024827 -0.152276 104.202240
-0.152228 0.039656 0.987549 107.469749 0.031191 0.998890 -0.035303 -6.032625 -0.987853 0.025428 -0.153296 104.090179
-0.153262 0.043075 0.987246 108.285545 0.032483 0.998729 -0.038534 -6.073502 -0.987652 0.026163 -0.154466 103.977539
-0.154027 0.044718 0.987054 109.100075 0.032198 0.998672 -0.040220 -6.114035 -0.987542 0.025586 -0.155263 103.856163
-0.155365 0.045266 0.986820 109.914360 0.031365 0.998672 -0.040872 -6.153937 -0.987359 0.024602 -0.156578 103.735359
-0.157660 0.044126 0.986507 110.706650 0.030346 0.998746 -0.039823 -6.198637 -0.987027 0.023658 -0.158802 103.611816
-0.161000 0.045171 0.985920 111.515450 0.030127 0.998712 -0.040837 -6.247406 -0.986494 0.023128 -0.162153 103.488167
-0.164482 0.048036 0.985210 112.307846 0.029975 0.998596 -0.043685 -6.289140 -0.985924 0.022346 -0.165691 103.365196
-0.168310 0.049381 0.984497 113.104912 0.029165 0.998557 -0.045100 -6.333703 -0.985303 0.021122 -0.169507 103.245262
-0.172043 0.049745 0.983833 113.906197 0.030147 0.998522 -0.045216 -6.377927 -0.984628 0.021880 -0.173288 103.119461
-0.175036 0.048334 0.983375 114.695831 0.031245 0.998564 -0.043519 -6.428545 -0.984066 0.023108 -0.176295 102.983040
-0.177987 0.049530 0.982786 115.483971 0.033251 0.998465 -0.044298 -6.473222 -0.983471 0.024795 -0.179361 102.848244
-0.180362 0.053847 0.982125 116.267151 0.028874 0.998360 -0.049435 -6.521174 -0.983176 0.019442 -0.181621 102.719925
-0.182638 0.060619 0.981310 117.044106 0.025994 0.998046 -0.056815 -6.573822 -0.982837 0.015131 -0.183857 102.592224
-0.185374 0.064033 0.980579 117.820427 0.030571 0.997767 -0.059376 -6.618931 -0.982192 0.018971 -0.186918 102.444893
-0.188239 0.062741 0.980117 118.612511 0.033485 0.997787 -0.057441 -6.666229 -0.981552 0.022006 -0.189924 102.293236
-0.191958 0.055019 0.979860 119.396545 0.032366 0.998239 -0.049711 -6.722747 -0.980869 0.022172 -0.193400 102.150566
-0.194319 0.052740 0.979519 120.174454 0.031370 0.998377 -0.047532 -6.776737 -0.980437 0.021491 -0.195659 102.000565
-0.196535 0.056054 0.978893 120.945213 0.030942 0.998222 -0.050948 -6.818795 -0.980008 0.020276 -0.197920 101.857819
-0.199578 0.059599 0.978068 121.705315 0.028725 0.998075 -0.054957 -6.864148 -0.979461 0.017127 -0.200906 101.714058
-0.202249 0.062373 0.977346 122.452179 0.028303 0.997925 -0.057829 -6.910627 -0.978925 0.015966 -0.203594 101.566185
-0.204262 0.066770 0.976637 123.185791 0.032673 0.997580 -0.061369 -6.967866 -0.978371 0.019375 -0.205949 101.410225
-0.206496 0.071500 0.975832 123.934639 0.033292 0.997262 -0.066025 -7.020084 -0.977881 0.018854 -0.208311 101.260612
-0.210182 0.074124 0.974848 124.689240 0.032758 0.997096 -0.068753 -7.064433 -0.977113 0.017483 -0.211999 101.120651
-0.212346 0.072033 0.974536 125.431976 0.034204 0.997216 -0.066256 -7.117437 -0.976596 0.019264 -0.214218 100.957458
-0.216694 0.069039 0.973795 126.186905 0.038564 0.997323 -0.062126 -7.174888 -0.975478 0.024091 -0.218776 100.795860
-0.222655 0.067853 0.972533 126.921707 0.041293 0.997336 -0.060130 -7.229729 -0.974022 0.026770 -0.224864 100.632164
-0.229141 0.066817 0.971097 127.653656 0.040491 0.997432 -0.059074 -7.279757 -0.972551 0.025784 -0.231258 100.464172
-0.237664 0.067196 0.969020 128.378036 0.040098 0.997433 -0.059332 -7.334437 -0.970519 0.024755 -0.239749 100.287170
-0.248417 0.067452 0.966302 129.104431 0.039402 0.997451 -0.059496 -7.389801 -0.967852 0.023295 -0.250441 100.102257
-0.260523 0.068599 0.963027 129.820038 0.040064 0.997382 -0.060208 -7.440305 -0.964636 0.022897 -0.262589 99.915092
-0.272944 0.069334 0.959528 130.527664 0.041227 0.997326 -0.060338 -7.495055 -0.961146 0.023090 -0.275072 99.711388
-0.284715 0.069666 0.956077 131.229645 0.044903 0.997230 -0.059292 -7.546006 -0.957560 0.026049 -0.287055 99.498878
-0.295993 0.069765 0.952639 131.925934 0.048138 0.997151 -0.058068 -7.599953 -0.953976 0.028670 -0.298508 99.278458
-0.306184 0.069945 0.949399 132.619370 0.052683 0.997014 -0.056463 -7.652828 -0.950514 0.032729 -0.308954 99.048645
-0.315159 0.070858 0.946390 133.301605 0.058727 0.996754 -0.055072 -7.705239 -0.947220 0.038222 -0.318297 98.815956
-0.322933 0.071136 0.943744 133.985962 0.064008 0.996530 -0.053213 -7.757227 -0.944255 0.043223 -0.326366 98.574280
-0.329531 0.071271 0.941451 134.668640 0.064549 0.996514 -0.052846 -7.809741 -0.941936 0.043355 -0.332983 98.333473
-0.334684 0.069646 0.939753 135.350021 0.068317 0.996434 -0.049516 -7.854703 -0.939851 0.047628 -0.338248 98.091751
-0.336876 0.067631 0.939117 136.028015 0.074793 0.996187 -0.044911 -7.896354 -0.938574 0.055109 -0.340650 97.837967
-0.337994 0.066806 0.938774 136.694595 0.081246 0.995825 -0.041615 -7.938150 -0.937635 0.062206 -0.342011 97.586823
-0.339396 0.065582 0.938355 137.362793 0.083619 0.995721 -0.039348 -7.980951 -0.936920 0.065110 -0.343427 97.346832
-0.338858 0.071191 0.938140 138.018158 0.086340 0.995279 -0.044341 -8.021093 -0.936868 0.065974 -0.343404 97.098946
-0.337978 0.074422 0.938207 138.669006 0.086331 0.995117 -0.047837 -8.061501 -0.937186 0.064828 -0.342753 96.866394
-0.337142 0.074704 0.938485 139.324081 0.088849 0.994922 -0.047279 -8.100929 -0.937252 0.067444 -0.342067 96.623055
-0.335637 0.073246 0.939140 139.982742 0.090107 0.994897 -0.045391 -8.142933 -0.937672 0.069388 -0.340524 96.385925
-0.334238 0.070648 0.939837 140.638748 0.092158 0.994858 -0.042010 -8.191311 -0.937972 0.072572 -0.339030 96.153572
-0.332975 0.071384 0.940230 141.284119 0.093293 0.994732 -0.042483 -8.233613 -0.938309 0.073571 -0.337881 95.922272
-0.330721 0.073906 0.940830 141.925903 0.094436 0.994517 -0.044927 -8.272599 -0.938992 0.073990 -0.335887 95.696838
-0.326887 0.075580 0.942037 142.570099 0.096164 0.994283 -0.046403 -8.315916 -0.940158 0.075421 -0.332286 95.475708
-0.321776 0.074909 0.943848 143.206436 0.097409 0.994195 -0.045697 -8.356550 -0.941792 0.077235 -0.327205 95.256927
-0.316535 0.073288 0.945745 143.830719 0.098784 0.994137 -0.043975 -8.400568 -0.943423 0.079505 -0.321919 95.042549
-0.312117 0.071364 0.947360 144.456696 0.098633 0.994220 -0.042399 -8.443327 -0.944910 0.080207 -0.317352 94.835701
-0.308350 0.070615 0.948649 145.074020 0.098791 0.994226 -0.041897 -8.483462 -0.946129 0.080799 -0.313545 94.633644
-0.304662 0.069138 0.949948 145.676239 0.099576 0.994209 -0.040424 -8.523470 -0.947241 0.082276 -0.309783 94.433067
-0.301022 0.067853 0.951200 146.297241 0.102690 0.993972 -0.038406 -8.560512 -0.948072 0.086118 -0.306176 94.236320
-0.297602 0.066407 0.952378 146.911499 0.104463 0.993853 -0.036656 -8.596276 -0.948958 0.088579 -0.302709 94.041969
-0.294686 0.064677 0.953403 147.512329 0.102593 0.994082 -0.035726 -8.637259 -0.950071 0.087284 -0.299578 93.854340
-0.291395 0.065637 0.954348 148.112244 0.099927 0.994274 -0.037872 -8.671968 -0.951369 0.084329 -0.296286 93.679993
-0.286975 0.069008 0.955449 148.705292 0.100972 0.994025 -0.041467 -8.708507 -0.952602 0.084574 -0.292228 93.501869
-0.281510 0.072319 0.956829 149.297318 0.102642 0.993704 -0.044908 -8.743093 -0.954053 0.085569 -0.287161 93.325111
-0.275220 0.073386 0.958576 149.889145 0.101938 0.993689 -0.046806 -8.777174 -0.955961 0.084834 -0.280964 93.160812
-0.267540 0.071471 0.960892 150.473740 0.098633 0.994038 -0.046474 -8.819251 -0.958485 0.082342 -0.272995 93.011780
-0.257790 0.069583 0.963692 151.067902 0.097806 0.994159 -0.045620 -8.858791 -0.961238 0.082494 -0.263090 92.873131
-0.245622 0.068191 0.966964 151.644211 0.098462 0.994119 -0.045095 -8.899549 -0.964352 0.084133 -0.250892 92.727066
-0.233314 0.067224 0.970075 152.226303 0.098181 0.994138 -0.045278 -8.935907 -0.967432 0.084679 -0.238547 92.605125
-0.218295 0.066668 0.973603 152.805222 0.097314 0.994178 -0.046258 -8.975242 -0.971019 0.084647 -0.223512 92.489471
