1.000000 0.000000 0.000000 0.000000 0.000000 1.000000 0.000000 0.000000 0.000000 0.000000 1.000000 0.000000
0.999999 0.000665 0.001397 0.019427 -0.000663 0.999999 -0.001028 -0.014627 -0.001397 0.001027 0.999999 1.213518
0.999996 0.001328 0.002547 0.042093 -0.001326 0.999999 -0.000616 -0.031179 -0.002548 0.000613 0.999997 2.443128
0.999996 0.000645 0.002890 0.072109 -0.000645 1.000000 -0.000212 -0.049884 -0.002890 0.000210 0.999996 3.664611
0.999995 0.000300 0.003110 0.096886 -0.000300 1.000000 -0.000151 -0.071265 -0.003110 0.000150 0.999995 4.884715
0.999994 0.000311 0.003542 0.113936 -0.000311 1.000000 0.000017 -0.090035 -0.003542 -0.000019 0.999994 6.094360
0.999990 0.000933 0.004393 0.117530 -0.000929 0.999999 -0.000983 -0.102129 -0.004394 0.000979 0.999990 7.304320
0.999990 0.000681 0.004427 0.135140 -0.000675 0.999999 -0.001369 -0.118861 -0.004428 0.001366 0.999989 8.514639
0.999992 0.000369 0.004068 0.154754 -0.000370 1.000000 0.000103 -0.134884 -0.004068 -0.000105 0.999992 9.747860
0.999997 -0.000078 0.002601 0.160978 0.000076 1.000000 0.000761 -0.144293 -0.002601 -0.000761 0.999996 10.972546
0.999999 -0.001030 -0.000211 0.180428 0.001030 0.999999 0.000025 -0.155301 0.000211 -0.000025 1.000000 12.227112
0.999996 -0.000900 -0.002811 0.187620 0.000899 1.000000 -0.000418 -0.173261 0.002811 0.000416 0.999996 13.433774
0.999989 -0.000376 -0.004613 0.198563 0.000372 1.000000 -0.000767 -0.185319 0.004613 0.000765 0.999989 14.633831
0.999981 0.001172 -0.006049 0.208802 -0.001178 0.999999 -0.001086 -0.201578 0.006048 0.001093 0.999981 15.844550
0.999975 0.000751 -0.007011 0.217309 -0.000758 0.999999 -0.001040 -0.221609 0.007010 0.001046 0.999975 17.074085
0.999968 0.000332 -0.008041 0.220272 -0.000340 1.000000 -0.000882 -0.233063 0.008041 0.000885 0.999967 18.279797
0.999956 -0.000262 -0.009327 0.236151 0.000257 1.000000 -0.000527 -0.256903 0.009327 0.000524 0.999956 19.500105
0.999945 0.000382 -0.010466 0.235867 -0.000400 0.999999 -0.001678 -0.271373 0.010465 0.001683 0.999944 20.704725
0.999933 -0.000055 -0.011576 0.232336 0.000025 0.999997 -0.002581 -0.289773 0.011576 0.002580 0.999930 21.901081
0.999916 0.000729 -0.012968 0.228401 -0.000753 0.999998 -0.001895 -0.316795 0.012966 0.001905 0.999914 23.109367
0.999898 0.000829 -0.014277 0.216243 -0.000858 0.999997 -0.002055 -0.339007 0.014275 0.002067 0.999896 24.295319
0.999875 0.000440 -0.015799 0.211535 -0.000483 0.999996 -0.002709 -0.363989 0.015798 0.002716 0.999871 25.489998
0.999855 0.000669 -0.016994 0.196456 -0.000703 0.999998 -0.001959 -0.385532 0.016993 0.001971 0.999854 26.680201
0.999835 -0.000328 -0.018154 0.187105 0.000322 1.000000 -0.000337 -0.399397 0.018154 0.000331 0.999835 27.868166
0.999817 -0.000403 -0.019152 0.164045 0.000397 1.000000 -0.000348 -0.417845 0.019152 0.000341 0.999817 29.060801
0.999796 -0.000610 -0.020201 0.147214 0.000583 0.999999 -0.001339 -0.433931 0.020202 0.001327 0.999795 30.263374
0.999766 -0.001004 -0.021602 0.135135 0.000955 0.999997 -0.002240 -0.456159 0.021604 0.002219 0.999764 31.467287
0.999754 -0.000371 -0.022184 0.103449 0.000310 0.999996 -0.002742 -0.458884 0.022185 0.002735 0.999750 32.682957
0.999725 -0.000837 -0.023420 0.091438 0.000780 0.999997 -0.002438 -0.472368 0.023422 0.002419 0.999723 33.891747
0.999690 -0.001032 -0.024883 0.087937 0.000971 0.999996 -0.002467 -0.484027 0.024886 0.002442 0.999687 35.146103
0.999646 -0.001610 -0.026547 0.092385 0.001536 0.999995 -0.002806 -0.498253 0.026551 0.002765 0.999644 36.394974
0.999607 -0.001639 -0.027979 0.092761 0.001553 0.999994 -0.003088 -0.512516 0.027984 0.003043 0.999604 37.638309
0.999589 -0.002430 -0.028548 0.077318 0.002356 0.999994 -0.002612 -0.529915 0.028554 0.002543 0.999589 38.868469
0.999581 -0.001957 -0.028883 0.060976 0.001911 0.999997 -0.001641 -0.543956 0.028886 0.001585 0.999581 40.104660
0.999586 -0.001240 -0.028759 0.030176 0.001213 0.999999 -0.000965 -0.560640 0.028760 0.000929 0.999586 41.327881
0.999597 -0.000364 -0.028390 -0.005278 0.000322 0.999999 -0.001496 -0.582147 0.028390 0.001486 0.999596 42.539806
0.999606 0.000941 -0.028059 -0.038952 -0.000988 0.999998 -0.001663 -0.594661 0.028057 0.001690 0.999605 43.761806
0.999619 0.003821 -0.027318 -0.071547 -0.003815 0.999993 0.000275 -0.616195 0.027319 -0.000170 0.999627 44.984203
0.999657 0.004225 -0.025857 -0.094710 -0.004148 0.999987 0.003015 -0.627732 0.025870 -0.002907 0.999661 46.203930
0.999689 0.004774 -0.024483 -0.114893 -0.004633 0.999972 0.005821 -0.642113 0.024510 -0.005706 0.999683 47.443348
0.999725 0.005475 -0.022817 -0.138232 -0.005276 0.999948 0.008778 -0.643838 0.022864 -0.008655 0.999701 48.666714
0.999743 0.005488 -0.022002 -0.143769 -0.005276 0.999939 0.009708 -0.644847 0.022054 -0.009590 0.999711 49.883286
0.999774 0.003977 -0.020876 -0.149046 -0.003809 0.999960 0.008084 -0.649515 0.020907 -0.008003 0.999749 51.091488
0.999762 0.005402 -0.021114 -0.128864 -0.005279 0.999969 0.005892 -0.649772 0.021145 -0.005779 0.999760 52.326916
0.999760 0.005521 -0.021198 -0.128039 -0.005410 0.999971 0.005304 -0.655572 0.021227 -0.005189 0.999761 53.567936
0.999729 0.005250 -0.022685 -0.102924 -0.005156 0.999978 0.004168 -0.652173 0.022707 -0.004050 0.999734 54.814648
0.999684 0.005138 -0.024611 -0.094145 -0.005075 0.999984 0.002626 -0.656377 0.024624 -0.002501 0.999694 56.047333
0.999606 0.004983 -0.027621 -0.082860 -0.004900 0.999983 0.003096 -0.673366 0.027636 -0.002960 0.999614 57.292244
0.999543 0.005175 -0.029793 -0.093199 -0.005053 0.999979 0.004159 -0.683434 0.029814 -0.004006 0.999547 58.508759
0.999496 0.005241 -0.031294 -0.110419 -0.005113 0.999978 0.004165 -0.688934 0.031315 -0.004003 0.999502 59.720234
0.999434 0.006242 -0.033056 -0.120170 -0.006116 0.999974 0.003914 -0.700341 0.033079 -0.003710 0.999446 60.939049
0.999379 0.006635 -0.034620 -0.123819 -0.006508 0.999972 0.003793 -0.713831 0.034644 -0.003566 0.999393 62.149776
0.999371 0.005865 -0.034984 -0.143875 -0.005764 0.999979 0.003009 -0.720657 0.035001 -0.002806 0.999383 63.366169
0.999349 0.004727 -0.035765 -0.158475 -0.004665 0.999987 0.001806 -0.732747 0.035774 -0.001638 0.999359 64.561035
0.999335 0.004096 -0.036232 -0.194342 -0.003976 0.999986 0.003397 -0.759831 0.036245 -0.003250 0.999338 65.746735
0.999312 0.003446 -0.036934 -0.225512 -0.003256 0.999981 0.005208 -0.782234 0.036951 -0.005084 0.999304 66.960648
0.999286 0.004773 -0.037470 -0.255561 -0.004670 0.999985 0.002827 -0.782053 0.037483 -0.002650 0.999294 68.192657
0.999246 0.006666 -0.038240 -0.273608 -0.006615 0.999977 0.001447 -0.789222 0.038249 -0.001193 0.999268 69.409279
0.999182 0.009092 -0.039401 -0.289575 -0.009045 0.999958 0.001353 -0.795856 0.039412 -0.000996 0.999223 70.642822
0.999168 0.011145 -0.039224 -0.332792 -0.011102 0.999937 0.001330 -0.805729 0.039237 -0.000893 0.999230 71.826569
0.999153 0.012709 -0.039145 -0.376112 -0.012653 0.999919 0.001682 -0.821298 0.039163 -0.001186 0.999232 73.026306
0.999184 0.013602 -0.038034 -0.423114 -0.013519 0.999906 0.002453 -0.837285 0.038064 -0.001937 0.999273 74.228149
0.999245 0.015738 -0.035520 -0.477982 -0.015647 0.999874 0.002847 -0.849325 0.035561 -0.002289 0.999365 75.412971
0.999366 0.013553 -0.032924 -0.512022 -0.013526 0.999908 0.001048 -0.875975 0.032936 -0.000602 0.999457 76.590240
0.999474 0.010908 -0.030547 -0.538209 -0.011041 0.999930 -0.004169 -0.890415 0.030499 0.004504 0.999525 77.778206
0.999532 0.011749 -0.028229 -0.564867 -0.011884 0.999919 -0.004624 -0.910096 0.028172 0.004957 0.999591 78.988686
0.999633 0.010469 -0.024969 -0.598424 -0.010499 0.999944 -0.001059 -0.936625 0.024956 0.001320 0.999688 80.148666
0.999708 0.011157 -0.021423 -0.623150 -0.011158 0.999938 0.000085 -0.959396 0.021423 0.000154 0.999771 81.275230
0.999779 0.011327 -0.017689 -0.617241 -0.011360 0.999934 -0.001725 -0.986210 0.017668 0.001926 0.999842 82.436424
0.999843 0.010598 -0.014211 -0.619323 -0.010668 0.999932 -0.004795 -1.008558 0.014160 0.004945 0.999888 83.567955
0.999898 0.009169 -0.010972 -0.611449 -0.009260 0.999923 -0.008289 -1.029195 0.010895 0.008390 0.999905 84.739716
0.999937 0.008123 -0.007739 -0.605310 -0.008195 0.999923 -0.009291 -1.053591 0.007662 0.009354 0.999927 85.908165
0.999957 0.008177 -0.004280 -0.595084 -0.008210 0.999937 -0.007665 -1.080626 0.004217 0.007700 0.999961 87.069054
0.999958 0.009133 -0.000705 -0.582949 -0.009138 0.999931 -0.007372 -1.105026 0.000637 0.007378 0.999973 88.223206
0.999956 0.008828 0.003079 -0.571010 -0.008798 0.999915 -0.009624 -1.129064 -0.003163 0.009597 0.999949 89.376579
0.999946 0.008417 0.006153 -0.544606 -0.008342 0.999892 -0.012104 -1.155416 -0.006254 0.012052 0.999908 90.500992
0.999928 0.008125 0.008803 -0.504158 -0.008014 0.999888 -0.012602 -1.183084 -0.008905 0.012530 0.999882 91.650253
0.999912 0.006796 0.011364 -0.462721 -0.006667 0.999913 -0.011398 -1.211474 -0.011440 0.011321 0.999870 92.786598
0.999885 0.006026 0.013935 -0.420952 -0.005887 0.999933 -0.009969 -1.240828 -0.013994 0.009886 0.999853 93.931816
0.999856 0.005178 0.016166 -0.374745 -0.005045 0.999954 -0.008210 -1.269503 -0.016208 0.008127 0.999836 95.062782
0.999820 0.003761 0.018584 -0.330431 -0.003625 0.999966 -0.007391 -1.293337 -0.018612 0.007322 0.999800 96.226212
0.999788 0.002798 0.020416 -0.278325 -0.002600 0.999950 -0.009690 -1.318306 -0.020443 0.009634 0.999745 97.375656
0.999743 0.001513 0.022616 -0.237394 -0.001203 0.999905 -0.013734 -1.334836 -0.022635 0.013704 0.999650 98.525414
0.999705 0.002303 0.024166 -0.169312 -0.001901 0.999860 -0.016654 -1.358728 -0.024201 0.016604 0.999569 99.709763
0.999673 0.002249 0.025475 -0.112608 -0.001798 0.999841 -0.017716 -1.389937 -0.025510 0.017664 0.999519 100.883797
0.999673 0.002657 0.025439 -0.060201 -0.002216 0.999847 -0.017333 -1.418840 -0.025481 0.017271 0.999526 102.054672
0.999692 0.002724 0.024684 -0.014623 -0.002346 0.999880 -0.015335 -1.458266 -0.024723 0.015272 0.999578 103.232925
0.999734 0.002182 0.022964 0.037320 -0.001856 0.999897 -0.014213 -1.481937 -0.022993 0.014167 0.999635 104.419197
0.999781 0.002347 0.020805 0.081798 -0.002069 0.999909 -0.013364 -1.515457 -0.020835 0.013318 0.999694 105.612755
0.999837 0.002768 0.017838 0.131037 -0.002534 0.999911 -0.013097 -1.542939 -0.017873 0.013050 0.999755 106.808144
0.999895 0.003101 0.014122 0.183967 -0.002915 0.999909 -0.013157 -1.577378 -0.014161 0.013114 0.999814 108.022408
0.999940 0.004554 0.010005 0.219576 -0.004416 0.999896 -0.013697 -1.606055 -0.010066 0.013652 0.999856 109.229591
0.999970 0.005044 0.005918 0.241457 -0.004964 0.999898 -0.013426 -1.633280 -0.005985 0.013397 0.999892 110.444519
0.999984 0.005576 0.000751 0.299045 -0.005566 0.999904 -0.012656 -1.660429 -0.000821 0.012651 0.999920 111.679413
0.999974 0.006037 -0.004013 0.326096 -0.006084 0.999914 -0.011657 -1.694909 0.003942 0.011681 0.999924 112.889687
0.999941 0.005814 -0.009174 0.354290 -0.005917 0.999920 -0.011189 -1.723429 0.009108 0.011243 0.999895 114.104340
0.999874 0.006382 -0.014562 0.373044 -0.006542 0.999919 -0.010962 -1.757580 0.014490 0.011056 0.999834 115.302147
0.999771 0.007256 -0.020137 0.382826 -0.007481 0.999910 -0.011121 -1.787824 0.020054 0.011270 0.999735 116.522331
0.999646 0.007817 -0.025433 0.370610 -0.008107 0.999903 -0.011299 -1.822091 0.025342 0.011501 0.999613 117.724709
0.999488 0.008932 -0.030735 0.361056 -0.009306 0.999884 -0.012034 -1.851138 0.030624 0.012314 0.999455 118.942802
0.999334 0.010662 -0.034885 0.346007 -0.011096 0.999863 -0.012285 -1.876294 0.034749 0.012664 0.999316 120.168488
0.999214 0.012555 -0.037598 0.326422 -0.013020 0.999841 -0.012148 -1.907701 0.037440 0.012628 0.999219 121.404976
0.999122 0.013753 -0.039566 0.310340 -0.014262 0.999819 -0.012606 -1.936331 0.039386 0.013159 0.999137 122.640892
0.999031 0.015644 -0.041133 0.286192 -0.016178 0.999789 -0.012664 -1.965478 0.040926 0.013317 0.999073 123.894691
0.998973 0.016975 -0.042007 0.237738 -0.017490 0.999776 -0.011918 -1.995384 0.041795 0.012640 0.999046 125.138420
0.998927 0.016537 -0.043267 0.211165 -0.017053 0.999788 -0.011585 -2.026986 0.043066 0.012310 0.998996 126.357651
0.998795 0.020560 -0.044565 0.173824 -0.021017 0.999731 -0.009830 -2.050164 0.044350 0.010755 0.998958 127.586380
0.998740 0.021696 -0.045240 0.129711 -0.022010 0.999737 -0.006454 -2.084956 0.045088 0.007441 0.998955 128.830399
0.998740 0.020380 -0.045860 0.083431 -0.020712 0.999762 -0.006780 -2.117213 0.045711 0.007721 0.998925 130.068970
0.998697 0.020376 -0.046782 0.045634 -0.020789 0.999749 -0.008362 -2.141975 0.046599 0.009324 0.998870 131.315048
0.998696 0.017450 -0.047987 0.005130 -0.017816 0.999815 -0.007228 -2.172689 0.047852 0.008073 0.998822 132.563049
0.998673 0.015608 -0.049070 -0.041358 -0.015900 0.999858 -0.005552 -2.195660 0.048976 0.006325 0.998780 133.819962
0.998704 0.012287 -0.049386 -0.095041 -0.012483 0.999915 -0.003668 -2.222689 0.049337 0.004280 0.998773 135.064804
0.998715 0.010615 -0.049552 -0.155803 -0.010757 0.999939 -0.002584 -2.247994 0.049522 0.003114 0.998768 136.316803
0.998740 0.005737 -0.049850 -0.195742 -0.005960 0.999973 -0.004331 -2.276066 0.049824 0.004622 0.998747 137.575195
0.998731 0.003294 -0.050263 -0.242574 -0.003564 0.999980 -0.005283 -2.302798 0.050245 0.005455 0.998722 138.820114
0.998731 0.002213 -0.050321 -0.292040 -0.002499 0.999981 -0.005620 -2.326708 0.050308 0.005738 0.998717 140.084839
0.998742 0.001672 -0.050123 -0.343655 -0.001935 0.999985 -0.005194 -2.355061 0.050113 0.005284 0.998730 141.344528
0.998745 0.002281 -0.050032 -0.384657 -0.002456 0.999991 -0.003442 -2.373422 0.050024 0.003560 0.998742 142.605164
0.998749 0.004589 -0.049789 -0.428540 -0.004694 0.999987 -0.002001 -2.394796 0.049779 0.002232 0.998758 143.849304
0.998779 0.004202 -0.049220 -0.490405 -0.004389 0.999983 -0.003704 -2.418478 0.049204 0.003915 0.998781 145.100937
0.998775 0.005155 -0.049211 -0.533896 -0.005448 0.999968 -0.005837 -2.432930 0.049179 0.006098 0.998771 146.355515
0.998780 0.004837 -0.049143 -0.581047 -0.005256 0.999951 -0.008409 -2.459219 0.049100 0.008657 0.998756 147.601562
0.998787 0.003887 -0.049092 -0.631117 -0.004502 0.999913 -0.012418 -2.491307 0.049039 0.012624 0.998717 148.832733
0.998782 0.003496 -0.049209 -0.679108 -0.004280 0.999865 -0.015845 -2.529245 0.049147 0.016036 0.998663 150.080597
0.998769 0.003147 -0.049498 -0.726312 -0.003990 0.999849 -0.016931 -2.563709 0.049437 0.017107 0.998631 151.346375
0.998735 0.003181 -0.050182 -0.768436 -0.004027 0.999851 -0.016765 -2.599410 0.050121 0.016946 0.998599 152.595505
0.998715 0.003834 -0.050526 -0.827194 -0.004659 0.999858 -0.016217 -2.640895 0.050457 0.016432 0.998591 153.857895
0.998679 0.004746 -0.051163 -0.879153 -0.005522 0.999872 -0.015037 -2.683604 0.051085 0.015300 0.998577 155.109756
0.998649 0.005402 -0.051673 -0.944490 -0.006165 0.999874 -0.014629 -2.718441 0.051587 0.014928 0.998557 156.384079
0.998592 0.005898 -0.052715 -0.995720 -0.006697 0.999865 -0.014995 -2.755563 0.052619 0.015327 0.998497 157.636505
0.998533 0.006229 -0.053779 -1.055640 -0.007038 0.999865 -0.014875 -2.790128 0.053679 0.015232 0.998442 158.890091
0.998485 0.005759 -0.054718 -1.116292 -0.006515 0.999886 -0.013646 -2.831305 0.054634 0.013982 0.998409 160.136093
0.998453 0.006312 -0.055251 -1.184352 -0.007060 0.999886 -0.013353 -2.868529 0.055160 0.013723 0.998383 161.403519
0.998415 0.006594 -0.055885 -1.254687 -0.007401 0.999871 -0.014236 -2.907995 0.055784 0.014628 0.998336 162.630325
0.998354 0.007053 -0.056924 -1.319700 -0.007955 0.999846 -0.015630 -2.943389 0.056805 0.016057 0.998256 163.868179
0.998292 0.007818 -0.057895 -1.386105 -0.008727 0.999842 -0.015478 -2.987442 0.057764 0.015957 0.998203 165.127716
0.998250 0.007321 -0.058675 -1.455988 -0.008292 0.999833 -0.016312 -3.030294 0.058546 0.016770 0.998144 166.389114
0.998167 0.007954 -0.060002 -1.518124 -0.009005 0.999811 -0.017254 -3.072041 0.059853 0.017763 0.998049 167.662704
0.998080 0.008378 -0.061375 -1.576131 -0.009426 0.999814 -0.016813 -3.114653 0.061222 0.017359 0.997973 168.931870
0.998001 0.008741 -0.062592 -1.639808 -0.009725 0.999833 -0.015441 -3.155943 0.062447 0.016019 0.997920 170.206924
0.997903 0.009112 -0.064076 -1.701334 -0.010106 0.999833 -0.015213 -3.191404 0.063927 0.015828 0.997829 171.489319
0.997815 0.009896 -0.065326 -1.769958 -0.010888 0.999830 -0.014852 -3.228394 0.065168 0.015531 0.997753 172.752640
0.997753 0.010315 -0.066198 -1.856264 -0.011301 0.999830 -0.014539 -3.265092 0.066037 0.015255 0.997701 173.998383
0.997728 0.010676 -0.066516 -1.943903 -0.011716 0.999815 -0.015267 -3.306400 0.066340 0.016012 0.997669 175.247406
0.997675 0.011440 -0.067183 -2.021467 -0.012527 0.999797 -0.015786 -3.349087 0.066989 0.016591 0.997616 176.514236
0.997651 0.011161 -0.067585 -2.100022 -0.012211 0.999811 -0.015142 -3.395013 0.067404 0.015932 0.997599 177.763245
0.997652 0.011160 -0.067568 -2.192575 -0.012288 0.999791 -0.016315 -3.434548 0.067372 0.017107 0.997581 179.000504
0.997650 0.009597 -0.067839 -2.268440 -0.010842 0.999779 -0.018005 -3.471852 0.067651 0.018698 0.997534 180.253510
0.997680 0.006638 -0.067748 -2.355994 -0.007858 0.999812 -0.017751 -3.518441 0.067618 0.018242 0.997545 181.504578
0.997638 0.006777 -0.068355 -2.435574 -0.007738 0.999875 -0.013793 -3.563533 0.068253 0.014290 0.997566 182.769409
0.997630 0.006358 -0.068515 -2.514183 -0.007019 0.999931 -0.009410 -3.604689 0.068450 0.009869 0.997606 184.044876
0.997605 0.007438 -0.068765 -2.587549 -0.008156 0.999915 -0.010165 -3.635893 0.068684 0.010701 0.997581 185.336380
0.997587 0.009080 -0.068836 -2.665784 -0.010023 0.999860 -0.013370 -3.667367 0.068705 0.014027 0.997538 186.597031
0.997558 0.009177 -0.069234 -2.747028 -0.010250 0.999833 -0.015164 -3.709334 0.069083 0.015836 0.997485 187.844727
0.997543 0.008953 -0.069486 -2.829475 -0.010017 0.999838 -0.014968 -3.747965 0.069341 0.015627 0.997471 189.082382
0.997567 0.009131 -0.069110 -2.922011 -0.010108 0.999854 -0.013800 -3.784841 0.068973 0.014465 0.997514 190.307434
0.997582 0.009510 -0.068845 -3.005364 -0.010350 0.999876 -0.011852 -3.820056 0.068724 0.012536 0.997557 191.565063
0.997663 0.009000 -0.067730 -3.104330 -0.009777 0.999890 -0.011158 -3.854394 0.067623 0.011794 0.997641 192.789810
0.997789 0.008900 -0.065868 -3.195663 -0.009695 0.999884 -0.011762 -3.890985 0.065756 0.012375 0.997759 193.994690
0.997896 0.007466 -0.064407 -3.272379 -0.008334 0.999878 -0.013233 -3.926557 0.064301 0.013742 0.997836 195.195541
0.997988 0.007158 -0.063004 -3.353215 -0.008102 0.999858 -0.014742 -3.964752 0.062889 0.015223 0.997904 196.404724
0.998070 0.006233 -0.061793 -3.413758 -0.007204 0.999854 -0.015493 -3.996590 0.061688 0.015908 0.997969 197.635666
0.998156 0.006547 -0.060345 -3.484804 -0.007452 0.999863 -0.014777 -4.035585 0.060240 0.015199 0.998068 198.832916
0.998253 0.006388 -0.058732 -3.547821 -0.007178 0.999886 -0.013254 -4.063309 0.058640 0.013652 0.998186 200.046616
0.998312 0.007368 -0.057603 -3.609103 -0.008117 0.999885 -0.012785 -4.103689 0.057502 0.013231 0.998258 201.262390
0.998386 0.007250 -0.056329 -3.675966 -0.007990 0.999885 -0.012912 -4.138371 0.056229 0.013341 0.998329 202.448074
0.998455 0.007603 -0.055044 -3.745957 -0.008319 0.999883 -0.012804 -4.173052 0.054940 0.013242 0.998402 203.620850
0.998528 0.007421 -0.053736 -3.813081 -0.008112 0.999887 -0.012657 -4.208895 0.053636 0.013074 0.998475 204.764603
0.998585 0.007803 -0.052606 -3.881124 -0.008493 0.999881 -0.012893 -4.241408 0.052499 0.013322 0.998532 205.909851
0.998646 0.007701 -0.051438 -3.944245 -0.008378 0.999881 -0.012971 -4.275026 0.051332 0.013384 0.998592 207.042267
0.998715 0.006447 -0.050261 -4.012987 -0.007109 0.999890 -0.013000 -4.310262 0.050172 0.013341 0.998652 208.154297
0.998728 0.006290 -0.050033 -4.064003 -0.006909 0.999902 -0.012211 -4.346092 0.049951 0.012541 0.998673 209.276810
0.998711 0.005881 -0.050407 -4.113928 -0.006442 0.999919 -0.010978 -4.385997 0.050338 0.011288 0.998668 210.397308
0.998689 0.006046 -0.050832 -4.169479 -0.006608 0.999919 -0.010886 -4.425611 0.050762 0.011208 0.998648 211.469879
0.998662 0.005854 -0.051386 -4.212629 -0.006470 0.999909 -0.011823 -4.465476 0.051312 0.012140 0.998609 212.551956
0.998619 0.005877 -0.052212 -4.256325 -0.006530 0.999903 -0.012339 -4.504281 0.052134 0.012663 0.998560 213.608307
0.998579 0.005372 -0.053029 -4.299398 -0.006040 0.999904 -0.012455 -4.538960 0.052957 0.012758 0.998515 214.658920
0.998487 0.004685 -0.054792 -4.339849 -0.005376 0.999908 -0.012467 -4.576860 0.054728 0.012743 0.998420 215.703751
0.998390 0.003976 -0.056577 -4.387616 -0.004646 0.999921 -0.011706 -4.610696 0.056526 0.011950 0.998330 216.760391
0.998287 0.002984 -0.058429 -4.445033 -0.003569 0.999945 -0.009903 -4.644242 0.058396 0.010094 0.998242 217.751465
0.998164 0.003163 -0.060483 -4.501262 -0.003667 0.999959 -0.008224 -4.676721 0.060455 0.008431 0.998135 218.730560
0.998046 0.003295 -0.062393 -4.571259 -0.003807 0.999960 -0.008085 -4.708468 0.062364 0.008307 0.998019 219.706207
0.997901 0.003624 -0.064656 -4.636890 -0.004184 0.999955 -0.008530 -4.737534 0.064622 0.008782 0.997871 220.688782
0.997725 0.003595 -0.067325 -4.700423 -0.004172 0.999956 -0.008437 -4.764752 0.067292 0.008699 0.997695 221.653473
0.997532 0.003951 -0.070107 -4.765994 -0.004515 0.999959 -0.007885 -4.795423 0.070073 0.008182 0.997508 222.591553
0.997302 0.004023 -0.073295 -4.828040 -0.004615 0.999958 -0.007911 -4.827207 0.073260 0.008228 0.997279 223.521530
0.997047 0.003811 -0.076694 -4.887480 -0.004480 0.999953 -0.008559 -4.852075 0.076658 0.008877 0.997018 224.433014
0.996774 0.003577 -0.080184 -4.950996 -0.004321 0.999949 -0.009114 -4.880430 0.080148 0.009431 0.996738 225.306458
0.996433 0.004491 -0.084263 -5.003264 -0.005287 0.999943 -0.009234 -4.909698 0.084217 0.009647 0.996401 226.165192
0.996137 0.005638 -0.087632 -5.066171 -0.006547 0.999928 -0.010090 -4.931296 0.087569 0.010624 0.996102 227.002762
0.995857 0.008104 -0.090572 -5.130847 -0.009057 0.999908 -0.010117 -4.954937 0.090482 0.010896 0.995839 227.822784
0.995769 0.008703 -0.091481 -5.201201 -0.009600 0.999910 -0.009377 -4.983735 0.091391 0.010216 0.995763 228.614838
0.995771 0.008426 -0.091486 -5.266549 -0.009216 0.999924 -0.008212 -5.011661 0.091410 0.009020 0.995772 229.395233
0.995780 0.008271 -0.091397 -5.325547 -0.008989 0.999932 -0.007447 -5.035462 0.091330 0.008237 0.995787 230.155624
0.995768 0.007852 -0.091563 -5.378229 -0.008601 0.999933 -0.007794 -5.060031 0.091495 0.008548 0.995769 230.905533
0.995793 0.007462 -0.091331 -5.438783 -0.008378 0.999918 -0.009642 -5.084548 0.091251 0.010366 0.995774 231.647781
0.995873 0.007631 -0.090434 -5.499857 -0.008731 0.999893 -0.011775 -5.104572 0.090334 0.012516 0.995833 232.381851
0.995979 0.007613 -0.089259 -5.561151 -0.008811 0.999876 -0.013031 -5.127727 0.089149 0.013765 0.995923 233.103775
0.996097 0.008083 -0.087895 -5.622677 -0.009307 0.999865 -0.013522 -5.149881 0.087774 0.014287 0.996038 233.826233
0.996263 0.007400 -0.086054 -5.684555 -0.008609 0.999869 -0.013680 -5.172522 0.085941 0.014369 0.996197 234.526871
0.996428 0.007203 -0.084140 -5.742055 -0.008384 0.999871 -0.013684 -5.196327 0.084031 0.014340 0.996360 235.239288
0.996613 0.007104 -0.081931 -5.804015 -0.008253 0.999872 -0.013696 -5.221457 0.081823 0.014326 0.996544 235.947296
0.996787 0.006693 -0.079815 -5.859041 -0.007837 0.999871 -0.014026 -5.243592 0.079711 0.014606 0.996711 236.648987
0.997008 0.006714 -0.077004 -5.910048 -0.007792 0.999876 -0.013708 -5.265157 0.076902 0.014267 0.996937 237.358612
0.997251 0.005564 -0.073887 -5.957008 -0.006542 0.999894 -0.013005 -5.287899 0.073806 0.013453 0.997182 238.057785
0.997478 0.004901 -0.070809 -6.006263 -0.005823 0.999901 -0.012820 -5.308421 0.070739 0.013200 0.997407 238.751633
0.997703 0.004308 -0.067600 -6.052556 -0.005171 0.999907 -0.012610 -5.331958 0.067539 0.012931 0.997633 239.450775
0.997910 0.004543 -0.064462 -6.098255 -0.005407 0.999898 -0.013229 -5.349655 0.064395 0.013550 0.997832 240.135818
0.998110 0.003911 -0.061331 -6.138425 -0.004738 0.999900 -0.013348 -5.371125 0.061273 0.013613 0.998028 240.818314
0.998288 0.004997 -0.058276 -6.180323 -0.005834 0.999882 -0.014208 -5.394620 0.058198 0.014523 0.998199 241.498779
0.998484 0.005193 -0.054804 -6.219868 -0.006018 0.999871 -0.014899 -5.415091 0.054720 0.015206 0.998386 242.176895
0.998640 0.005551 -0.051838 -6.254019 -0.006286 0.999882 -0.014036 -5.436682 0.051754 0.014343 0.998557 242.884445
0.998774 0.005442 -0.049203 -6.289023 -0.006106 0.999892 -0.013354 -5.459332 0.049125 0.013638 0.998699 243.592468
0.998900 0.005615 -0.046546 -6.324879 -0.006256 0.999887 -0.013646 -5.478422 0.046464 0.013923 0.998823 244.305832
0.999013 0.005385 -0.044099 -6.358357 -0.006056 0.999867 -0.015112 -5.498125 0.044012 0.015364 0.998913 245.017334
0.999080 0.004918 -0.042613 -6.381440 -0.005664 0.999832 -0.017407 -5.518682 0.042521 0.017632 0.998940 245.746094
0.999113 0.003202 -0.041988 -6.398024 -0.004009 0.999809 -0.019140 -5.537467 0.041919 0.019292 0.998935 246.482864
0.999129 0.003401 -0.041595 -6.426331 -0.004215 0.999801 -0.019515 -5.559489 0.041520 0.019673 0.998944 247.208801
0.999133 0.002424 -0.041551 -6.446116 -0.003262 0.999792 -0.020124 -5.580780 0.041493 0.020243 0.998934 247.951553
0.999135 0.002578 -0.041493 -6.473754 -0.003421 0.999789 -0.020265 -5.607080 0.041432 0.020389 0.998933 248.657394
0.999130 0.003326 -0.041566 -6.490655 -0.004181 0.999781 -0.020493 -5.639259 0.041488 0.020649 0.998926 249.405228
0.999121 0.002003 -0.041882 -6.499651 -0.002953 0.999740 -0.022630 -5.658447 0.041825 0.022734 0.998866 250.153992
0.999126 -0.001528 -0.041780 -6.512030 0.000500 0.999697 -0.024620 -5.688400 0.041805 0.024578 0.998823 250.913544
0.999134 -0.005063 -0.041290 -6.538969 0.004012 0.999667 -0.025494 -5.711665 0.041405 0.025307 0.998822 251.631256
0.999140 -0.001921 -0.041428 -6.559032 0.001019 0.999762 -0.021790 -5.726033 0.041460 0.021729 0.998904 252.465164
0.999150 0.003151 -0.041108 -6.591400 -0.003806 0.999867 -0.015865 -5.746078 0.041053 0.016008 0.999029 253.280670
0.999194 0.003050 -0.040032 -6.627384 -0.003542 0.999919 -0.012223 -5.770680 0.039991 0.012355 0.999124 254.064819
0.999271 0.001776 -0.038126 -6.643956 -0.002335 0.999890 -0.014626 -5.789000 0.038096 0.014704 0.999166 254.869919
0.999401 0.002107 -0.034552 -6.654246 -0.002832 0.999777 -0.020943 -5.810056 0.034500 0.021028 0.999183 255.700653
0.999504 0.004104 -0.031222 -6.670470 -0.004877 0.999683 -0.024713 -5.830675 0.031111 0.024853 0.999207 256.537933
0.999572 0.005283 -0.028776 -6.678922 -0.005995 0.999677 -0.024709 -5.858134 0.028636 0.024870 0.999280 257.356201
0.999635 0.004194 -0.026685 -6.662292 -0.004795 0.999735 -0.022524 -5.881661 0.026583 0.022644 0.999390 258.238556
0.999708 0.001178 -0.024146 -6.662255 -0.001648 0.999810 -0.019433 -5.910469 0.024119 0.019467 0.999520 259.104034
0.999773 -0.000664 -0.021278 -6.677878 0.000276 0.999834 -0.018238 -5.930309 0.021287 0.018228 0.999607 259.934174
0.999822 -0.000925 -0.018835 -6.675958 0.000604 0.999855 -0.017015 -5.974605 0.018848 0.017000 0.999678 260.799408
0.999851 0.001393 -0.017210 -6.660949 -0.001723 0.999815 -0.019156 -6.002182 0.017180 0.019183 0.999668 261.672424
0.999880 0.001932 -0.015394 -6.665885 -0.002263 0.999766 -0.021501 -6.028290 0.015349 0.021533 0.999650 262.494873
0.999911 0.002825 -0.013062 -6.667675 -0.003106 0.999762 -0.021573 -6.055595 0.012998 0.021612 0.999682 263.330750
0.999936 0.003649 -0.010745 -6.659616 -0.003859 0.999802 -0.019505 -6.085885 0.010672 0.019546 0.999752 264.183868
0.999954 0.004806 -0.008296 -6.641229 -0.004953 0.999829 -0.017791 -6.118715 0.008209 0.017832 0.999807 265.056519
0.999971 0.005297 -0.005484 -6.643119 -0.005393 0.999829 -0.017705 -6.149160 0.005389 0.017734 0.999828 265.861450
0.999981 0.005254 -0.003247 -6.634978 -0.005313 0.999816 -0.018429 -6.169894 0.003150 0.018446 0.999825 266.608887
0.999993 0.003563 -0.000779 -6.639949 -0.003578 0.999812 -0.019041 -6.195700 0.000711 0.019043 0.999818 267.299591
1.000000 0.000660 0.000475 -6.622753 -0.000651 0.999833 -0.018243 -6.222277 -0.000487 0.018243 0.999833 268.098206
0.999999 -0.001010 0.000046 -6.580570 0.001010 0.999837 -0.018050 -6.254943 -0.000028 0.018050 0.999837 268.919800
0.999997 -0.002172 0.000638 -6.570899 0.002183 0.999844 -0.017547 -6.291645 -0.000600 0.017549 0.999846 269.709839
0.999997 -0.002443 0.000353 -6.557774 0.002449 0.999845 -0.017441 -6.318768 -0.000311 0.017442 0.999848 270.419830
0.999998 -0.002063 -0.000500 -6.539314 0.002054 0.999850 -0.017171 -6.340632 0.000536 0.017170 0.999852 271.209167
0.999997 -0.001914 -0.001512 -6.524780 0.001889 0.999860 -0.016649 -6.371393 0.001544 0.016646 0.999860 272.032410
0.999991 -0.002251 -0.003521 -6.498813 0.002189 0.999847 -0.017376 -6.400099 0.003559 0.017368 0.999843 272.860687
0.999977 -0.002389 -0.006327 -6.467540 0.002272 0.999827 -0.018458 -6.420829 0.006370 0.018443 0.999810 273.706146
0.999960 -0.002302 -0.008643 -6.455153 0.002138 0.999819 -0.018925 -6.452326 0.008685 0.018905 0.999784 274.505615
0.999941 -0.001641 -0.010692 -6.455915 0.001436 0.999815 -0.019201 -6.481563 0.010722 0.019185 0.999758 275.294800
0.999916 -0.000302 -0.012926 -6.450003 0.000047 0.999807 -0.019659 -6.507600 0.012929 0.019657 0.999723 276.138092
0.999873 -0.000251 -0.015911 -6.438536 -0.000048 0.999823 -0.018837 -6.541878 0.015913 0.018835 0.999696 276.981537
0.999814 -0.000274 -0.019282 -6.438796 -0.000060 0.999850 -0.017331 -6.569757 0.019284 0.017329 0.999664 277.796814
0.999701 -0.001876 -0.024368 -6.431409 0.001509 0.999885 -0.015091 -6.594271 0.024394 0.015050 0.999589 278.635376
0.999564 -0.003050 -0.029356 -6.449131 0.002665 0.999910 -0.013139 -6.626202 0.029394 0.013055 0.999483 279.462311
0.999398 -0.004040 -0.034467 -6.459387 0.003638 0.999925 -0.011713 -6.651082 0.034512 0.011580 0.999337 280.294678
0.999208 -0.004181 -0.039578 -6.482663 0.003750 0.999933 -0.010966 -6.675454 0.039621 0.010809 0.999156 281.098236
0.998983 -0.005012 -0.044800 -6.499473 0.004535 0.999932 -0.010744 -6.695075 0.044851 0.010530 0.998938 281.911163
0.998733 -0.005669 -0.050008 -6.514201 0.005142 0.999930 -0.010657 -6.711058 0.050065 0.010386 0.998692 282.715271
0.998494 -0.006255 -0.054507 -6.544570 0.005657 0.999922 -0.011132 -6.729585 0.054572 0.010807 0.998451 283.507233
0.998268 -0.005635 -0.058552 -6.576100 0.004981 0.999924 -0.011315 -6.746708 0.058611 0.011004 0.998220 284.303101
0.997973 -0.005755 -0.063378 -6.582863 0.005022 0.999919 -0.011713 -6.757662 0.063441 0.011371 0.997921 285.118164
0.997728 -0.005851 -0.067121 -6.629177 0.005069 0.999917 -0.011816 -6.773983 0.067184 0.011449 0.997675 285.860229
0.997395 -0.007177 -0.071775 -6.663770 0.006294 0.999902 -0.012516 -6.794483 0.071858 0.012031 0.997342 286.594604
0.997054 -0.005881 -0.076472 -6.724794 0.004817 0.999889 -0.014087 -6.815327 0.076547 0.013677 0.996972 287.298401
0.996516 -0.004313 -0.083292 -6.761190 0.002963 0.999862 -0.016318 -6.829489 0.083351 0.016014 0.996392 287.999573
0.995767 -0.003860 -0.091827 -6.815326 0.002208 0.999834 -0.018084 -6.853016 0.091882 0.017804 0.995611 288.666077
0.994724 -0.004345 -0.102498 -6.864499 0.002385 0.999812 -0.019243 -6.875541 0.102563 0.018897 0.994547 289.294678
0.993302 -0.003888 -0.115482 -6.950306 0.001636 0.999807 -0.019593 -6.896377 0.115535 0.019273 0.993116 289.894684
0.991290 -0.002686 -0.131670 -7.047417 0.000186 0.999820 -0.018995 -6.915664 0.131697 0.018805 0.991112 290.478455
0.988508 -0.000196 -0.151170 -7.152339 -0.002563 0.999834 -0.018059 -6.944323 0.151148 0.018239 0.988343 291.057770
0.984901 0.001385 -0.173114 -7.272837 -0.004615 0.999823 -0.018261 -6.960603 0.173058 0.018784 0.984732 291.614624
0.980311 0.002660 -0.197440 -7.414309 -0.006357 0.999816 -0.018093 -6.985859 0.197356 0.018992 0.980148 292.150543
0.974462 0.003931 -0.224520 -7.564563 -0.008092 0.999812 -0.017613 -7.009325 0.224408 0.018980 0.974310 292.681885
0.967198 0.005062 -0.253975 -7.739409 -0.009512 0.999822 -0.016294 -7.027681 0.253847 0.018176 0.967074 293.187012
0.958167 0.005222 -0.286160 -7.936859 -0.009748 0.999849 -0.014392 -7.044766 0.286042 0.016579 0.958074 293.679688
0.947078 0.005568 -0.320954 -8.131932 -0.010085 0.999872 -0.012414 -7.065523 0.320844 0.014994 0.947013 294.162262
0.934152 0.007264 -0.356801 -8.349144 -0.011397 0.999890 -0.009482 -7.084472 0.356692 0.012924 0.934132 294.617218
0.919068 0.008644 -0.394004 -8.579341 -0.012332 0.999901 -0.006831 -7.101554 0.393906 0.011138 0.919083 295.056396
0.901799 0.009449 -0.432052 -8.812159 -0.012600 0.999911 -0.004431 -7.115814 0.431972 0.009439 0.901838 295.463257
0.882455 0.009707 -0.470297 -9.065574 -0.012252 0.999922 -0.002353 -7.127130 0.470238 0.007838 0.882505 295.845642
0.860140 0.009082 -0.509978 -9.328584 -0.011091 0.999938 -0.000899 -7.135344 0.509938 0.006429 0.860187 296.226898
0.835147 0.008499 -0.549961 -9.607467 -0.009813 0.999952 0.000552 -7.149937 0.549939 0.004936 0.835190 296.562134
0.807096 0.007896 -0.590368 -9.905060 -0.008193 0.999964 0.002174 -7.160093 0.590364 0.003083 0.807131 296.897522
0.775738 0.008290 -0.631001 -10.215259 -0.007126 0.999965 0.004376 -7.171181 0.631015 0.001102 0.775770 297.227173
0.741279 0.009687 -0.671127 -10.552520 -0.008262 0.999952 0.005308 -7.174456 0.671146 0.001610 0.741324 297.547089
0.703201 0.008982 -0.710934 -10.903174 -0.006819 0.999959 0.005889 -7.179900 0.710958 0.000707 0.703234 297.863342
0.661450 0.008160 -0.749945 -11.260393 -0.002957 0.999961 0.008272 -7.183158 0.749983 -0.003255 0.661449 298.141968
0.615354 0.007555 -0.788215 -11.639495 0.002803 0.999927 0.011773 -7.177808 0.788246 -0.009454 0.615287 298.408203
0.564537 0.008075 -0.825368 -12.024220 0.006912 0.999871 0.014511 -7.174449 0.825379 -0.013897 0.564408 298.644379
0.510625 0.011853 -0.859722 -12.408467 0.005713 0.999836 0.017179 -7.171675 0.859784 -0.013684 0.510474 298.833710
0.454894 0.018018 -0.890363 -12.805399 0.000535 0.999790 0.020506 -7.173218 0.890545 -0.009804 0.454789 298.990051
0.397611 0.021659 -0.917298 -13.209213 -0.002382 0.999742 0.022573 -7.167087 0.917551 -0.006791 0.397561 299.113525
0.338179 0.023997 -0.940776 -13.606174 -0.003443 0.999700 0.024263 -7.161536 0.941076 -0.004967 0.338160 299.216156
0.277754 0.025845 -0.960305 -14.000918 -0.001917 0.999651 0.026350 -7.152218 0.960650 -0.005478 0.277706 299.301025
0.216933 0.029197 -0.975750 -14.395539 -0.000027 0.999553 0.029903 -7.147863 0.976186 -0.006461 0.216837 299.360352
0.155478 0.032896 -0.987291 -14.798697 0.001897 0.999434 0.033599 -7.137451 0.987837 -0.007096 0.155328 299.393951
0.091261 0.035706 -0.995187 -15.211654 0.004283 0.999334 0.036247 -7.120986 0.995818 -0.007570 0.091047 299.405212
0.025978 0.039232 -0.998892 -15.629906 0.004675 0.999214 0.039366 -7.106000 0.999652 -0.005692 0.025774 299.379425
-0.040075 0.044646 -0.998199 -16.049715 0.006887 0.998990 0.044405 -7.089194 0.999173 -0.005095 -0.040342 299.328827
-0.107776 0.051068 -0.992863 -16.479458 0.008694 0.998690 0.050424 -7.070447 0.994137 -0.003198 -0.108079 299.257568
-0.175597 0.057221 -0.982798 -16.914883 0.011034 0.998361 0.056155 -7.043269 0.984400 -0.000984 -0.175941 299.154907
-0.243579 0.062902 -0.967839 -17.364628 0.013591 0.998018 0.061443 -7.017051 0.969786 0.001812 -0.243951 299.035736
-0.309209 0.068886 -0.948496 -17.809875 0.017825 0.997618 0.066642 -6.995713 0.950827 0.003700 -0.309700 298.864197
-0.373413 0.072973 -0.924791 -18.265726 0.022621 0.997321 0.069562 -6.963604 0.927389 0.005056 -0.374063 298.665955
-0.434708 0.075237 -0.897423 -18.705133 0.026621 0.997142 0.070703 -6.935540 0.900178 0.006845 -0.435468 298.442535
-0.492800 0.075978 -0.866819 -19.141407 0.030670 0.997078 0.069959 -6.905450 0.869602 0.007890 -0.493690 298.178986
-0.547200 0.076359 -0.833512 -19.573807 0.033936 0.997035 0.069061 -6.872890 0.836314 0.009504 -0.548168 297.879242
-0.596682 0.075965 -0.798874 -20.012081 0.036286 0.997045 0.067707 -6.829346 0.801657 0.011412 -0.597676 297.527832
-0.640657 0.076246 -0.764032 -20.427937 0.038414 0.996994 0.067283 -6.796841 0.766865 0.013756 -0.641661 297.149963
-0.679223 0.076696 -0.729913 -20.859941 0.040198 0.996920 0.067345 -6.754521 0.732830 0.016402 -0.680214 296.723114
-0.714035 0.080151 -0.695507 -21.283371 0.045039 0.996626 0.068613 -6.713736 0.698660 0.017668 -0.715236 296.266357
-0.747944 0.086645 -0.658082 -21.714722 0.053376 0.996084 0.070483 -6.666416 0.661612 0.017591 -0.749640 295.771637
-0.780597 0.091076 -0.618363 -22.143764 0.059517 0.995662 0.071514 -6.609145 0.622194 0.019020 -0.782632 295.234528
-0.810445 0.091306 -0.578655 -22.544947 0.062056 0.995602 0.070182 -6.551578 0.582518 0.020969 -0.812547 294.668793
-0.838002 0.086754 -0.538726 -22.965870 0.061245 0.995996 0.065123 -6.488852 0.542219 0.021579 -0.839960 294.034973
-0.862172 0.083320 -0.499717 -23.337967 0.062052 0.996324 0.059060 -6.435133 0.502801 0.019911 -0.864173 293.404022
-0.884038 0.078502 -0.460776 -23.688824 0.060949 0.996739 0.052879 -6.388427 0.463425 0.018664 -0.885940 292.750641
-0.903416 0.075784 -0.422015 -24.019106 0.061203 0.996970 0.048012 -6.345850 0.424375 0.017547 -0.905316 292.067780
-0.920814 0.073954 -0.382926 -24.343695 0.060746 0.997070 0.046487 -6.305963 0.385242 0.019544 -0.922609 291.315399
-0.936522 0.070006 -0.343548 -24.627676 0.058259 0.997313 0.044408 -6.272400 0.345734 0.021574 -0.938085 290.533783
-0.950240 0.070510 -0.303435 -24.892738 0.060246 0.997254 0.043067 -6.250150 0.305638 0.022643 -0.951878 289.716705
-0.962362 0.072782 -0.261845 -25.145826 0.063824 0.997053 0.042566 -6.217925 0.264171 0.024252 -0.964171 288.885681
-0.972351 0.076523 -0.220631 -25.371859 0.068908 0.996738 0.042019 -6.189153 0.223127 0.025654 -0.974452 288.020538
-0.980631 0.077510 -0.179875 -25.565935 0.070799 0.996544 0.043445 -6.160008 0.182621 0.029868 -0.982730 287.151642
-0.986800 0.079914 -0.140853 -25.704094 0.074432 0.996265 0.043778 -6.134246 0.143826 0.032716 -0.989062 286.262177
-0.991574 0.078871 -0.102765 -25.822645 0.074806 0.996278 0.042835 -6.114025 0.105761 0.034786 -0.993783 285.317810
-0.994699 0.077777 -0.067270 -25.895597 0.075308 0.996417 0.038505 -6.081958 0.070024 0.033234 -0.996992 284.351196
-0.996543 0.076104 -0.033314 -25.928463 0.074959 0.996594 0.034367 -6.047424 0.035816 0.031751 -0.998854 283.357422
-0.997173 0.075128 -0.001156 -25.925592 0.075048 0.996627 0.033215 -6.017527 0.003648 0.033035 -0.999448 282.328766
-0.996845 0.073429 0.030128 -25.899706 0.074411 0.996686 0.032867 -5.995090 -0.027615 0.035005 -0.999006 281.274841
-0.995576 0.072933 0.059241 -25.836607 0.074849 0.996719 0.030793 -5.965172 -0.056801 0.035091 -0.997769 280.191284
-0.993689 0.072145 0.085888 -25.737410 0.074930 0.996748 0.029651 -5.934573 -0.083469 0.035899 -0.995863 279.072327
-0.991347 0.069375 0.111440 -25.614677 0.073146 0.996867 0.030105 -5.903206 -0.109002 0.037996 -0.993315 277.910767
-0.988541 0.067579 0.134978 -25.465069 0.072283 0.996925 0.030250 -5.870093 -0.132519 0.039660 -0.990387 276.744324
-0.985650 0.064985 0.155794 -25.296135 0.070285 0.997113 0.028748 -5.842853 -0.153476 0.039285 -0.987371 275.558899
-0.983148 0.060518 0.172501 -25.098223 0.065903 0.997496 0.025658 -5.809922 -0.170517 0.036594 -0.984675 274.370819
-0.981231 0.055733 0.184607 -24.870115 0.061271 0.997822 0.024429 -5.783232 -0.182843 0.035281 -0.982509 273.178772
-0.980030 0.050629 0.192297 -24.623459 0.056639 0.998059 0.025883 -5.754778 -0.190614 0.036258 -0.980995 271.953461
-0.979481 0.047670 0.195817 -24.366383 0.053947 0.998183 0.026843 -5.728550 -0.194182 0.036856 -0.980273 270.707336
-0.979487 0.045592 0.196282 -24.105545 0.051551 0.998348 0.025359 -5.697826 -0.194802 0.034957 -0.980220 269.415222
-0.980054 0.043675 0.193872 -23.828514 0.049322 0.998485 0.024391 -5.672290 -0.192513 0.033467 -0.980724 268.142334
-0.980642 0.043061 0.191016 -23.560925 0.048726 0.998498 0.025059 -5.647045 -0.189650 0.033882 -0.981267 266.858246
-0.981217 0.041772 0.188328 -23.295130 0.047509 0.998531 0.026052 -5.624388 -0.186963 0.034510 -0.981761 265.525421
