1.000000 0.000000 0.000000 0.000000 0.000000 1.000000 0.000000 0.000000 0.000000 0.000000 1.000000 0.000000
0.999978 0.000429 -0.006577 -0.008563 -0.000428 1.000000 0.000227 0.002045 0.006577 -0.000224 0.999978 0.100070
0.999907 0.000830 -0.013645 -0.016506 -0.000827 1.000000 0.000213 0.001009 0.013645 -0.000201 0.999907 0.199597
0.999774 0.001152 -0.021250 -0.025937 -0.001166 0.999999 -0.000680 0.001870 0.021249 0.000704 0.999774 0.302219
0.999531 0.001690 -0.030586 -0.037857 -0.001755 0.999996 -0.002114 0.003707 0.030582 0.002166 0.999530 0.411762
0.999117 0.001826 -0.041981 -0.056014 -0.001978 0.999992 -0.003571 0.001483 0.041974 0.003650 0.999112 0.528602
0.998441 0.001382 -0.055809 -0.074574 -0.001630 0.999989 -0.004396 0.001496 0.055802 0.004480 0.998432 0.663131
0.997410 0.001605 -0.071912 -0.103575 -0.001930 0.999988 -0.004446 0.002567 0.071904 0.004573 0.997401 0.807262
0.995896 0.000050 -0.090511 -0.134486 -0.000464 0.999990 -0.004557 0.002397 0.090509 0.004580 0.995885 0.962046
0.993924 -0.001274 -0.110058 -0.179774 0.000761 0.999989 -0.004704 -0.000254 0.110062 0.004592 0.993914 1.129715
0.991211 -0.001271 -0.132281 -0.224753 0.000615 0.999987 -0.004997 -0.004833 0.132286 0.004871 0.991200 1.300591
0.987741 0.002309 -0.156084 -0.288896 -0.003378 0.999973 -0.006589 -0.006820 0.156064 0.007036 0.987722 1.480748
0.983426 0.006302 -0.181198 -0.360667 -0.007892 0.999936 -0.008054 -0.012276 0.181136 0.009351 0.983414 1.659242
0.978068 0.009312 -0.208077 -0.434553 -0.011405 0.999896 -0.008862 -0.019816 0.207973 0.011041 0.978072 1.848025
0.971377 0.010032 -0.237331 -0.510718 -0.012554 0.999880 -0.009118 -0.021902 0.237211 0.011836 0.971386 2.033561
0.963418 0.011735 -0.267746 -0.601793 -0.014568 0.999857 -0.008598 -0.024950 0.267607 0.012184 0.963451 2.225974
0.953996 0.013514 -0.299516 -0.697692 -0.016559 0.999834 -0.007630 -0.026810 0.299363 0.012239 0.954061 2.418408
0.942720 0.015593 -0.333222 -0.800666 -0.018886 0.999800 -0.006646 -0.026748 0.333051 0.012559 0.942825 2.611738
0.930183 0.017681 -0.366669 -0.899408 -0.021473 0.999750 -0.006265 -0.029329 0.366467 0.013701 0.930330 2.784442
0.916411 0.020300 -0.399723 -1.021445 -0.024547 0.999683 -0.005507 -0.031555 0.399485 0.014859 0.916619 2.967064
0.900399 0.020828 -0.434566 -1.147965 -0.025524 0.999662 -0.004973 -0.029341 0.434316 0.015570 0.900626 3.149523
0.882001 0.016174 -0.470971 -1.279991 -0.021377 0.999755 -0.005700 -0.029336 0.470763 0.015095 0.882130 3.336971
0.860761 0.010881 -0.508893 -1.418482 -0.016461 0.999844 -0.006464 -0.028393 0.508743 0.013941 0.860805 3.518866
0.835870 0.012267 -0.548791 -1.582727 -0.016881 0.999852 -0.003362 -0.033334 0.548668 0.012074 0.835953 3.696054
0.806873 0.017651 -0.590461 -1.767771 -0.021672 0.999765 0.000271 -0.037285 0.590327 0.012578 0.807066 3.866682
0.774143 0.020784 -0.632669 -1.962638 -0.024996 0.999685 0.002256 -0.043576 0.632517 0.014068 0.774419 4.036834
0.737858 0.019868 -0.674663 -2.171180 -0.024427 0.999698 0.002725 -0.042753 0.674513 0.014469 0.738121 4.209046
0.697871 0.015590 -0.716054 -2.392372 -0.018468 0.999822 0.003769 -0.042554 0.715985 0.010594 0.698035 4.378451
0.654535 0.011993 -0.755937 -2.625318 -0.013398 0.999901 0.004262 -0.042118 0.755913 0.007338 0.654631 4.544288
0.608814 0.011369 -0.793232 -2.879972 -0.010780 0.999924 0.006058 -0.041144 0.793240 0.004863 0.608890 4.703787
0.559633 0.011872 -0.828655 -3.156999 -0.008441 0.999927 0.008625 -0.037658 0.828697 0.002168 0.559693 4.857005
0.507395 0.012439 -0.861624 -3.453718 -0.006816 0.999922 0.010421 -0.033056 0.861686 0.000586 0.507441 4.999174
0.453477 0.013870 -0.891160 -3.774724 -0.006365 0.999904 0.012324 -0.025798 0.891245 0.000084 0.453522 5.130838
0.398036 0.015775 -0.917234 -4.116894 -0.005535 0.999875 0.014794 -0.016975 0.917353 -0.000812 0.398074 5.243870
0.341978 0.017803 -0.939539 -4.481331 -0.005210 0.999841 0.017049 -0.012409 0.939693 -0.000936 0.342017 5.342124
0.286389 0.020778 -0.957888 -4.866446 -0.003152 0.999780 0.020745 -0.008124 0.958108 -0.002922 0.286391 5.423479
0.232357 0.022509 -0.972370 -5.277438 0.001465 0.999723 0.023492 -0.004076 0.972629 -0.006883 0.232260 5.492342
0.181235 0.022755 -0.983177 -5.715877 0.004193 0.999705 0.023910 0.001771 0.983431 -0.008456 0.181086 5.546187
0.133508 0.023742 -0.990763 -6.182576 0.002314 0.999703 0.024269 0.010820 0.991045 -0.005533 0.133413 5.577216
0.090964 0.023599 -0.995575 -6.684119 0.000473 0.999718 0.023740 0.029264 0.995854 -0.002630 0.090927 5.596805
0.052953 0.022120 -0.998352 -7.186519 -0.000742 0.999755 0.022111 0.039741 0.998597 -0.000430 0.052956 5.602909
0.018114 0.019529 -0.999645 -7.699143 -0.000035 0.999809 0.019531 0.047767 0.999836 -0.000319 0.018111 5.602004
-0.013176 0.016747 -0.999773 -8.217321 0.000401 0.999860 0.016743 0.052344 0.999913 -0.000180 -0.013181 5.580225
-0.040215 0.015029 -0.999078 -8.761344 0.000077 0.999887 0.015038 0.054207 0.999191 0.000528 -0.040211 5.553627
-0.060859 0.012527 -0.998068 -9.315671 -0.000061 0.999921 0.012554 0.064574 0.998146 0.000825 -0.060853 5.512056
-0.077086 0.011577 -0.996957 -9.858206 0.000472 0.999933 0.011575 0.072646 0.997024 0.000422 -0.077086 5.468893
-0.090416 0.011948 -0.995832 -10.436374 0.001594 0.999928 0.011853 0.078546 0.995903 -0.000515 -0.090429 5.425297
-0.100282 0.013175 -0.994872 -11.040154 0.000132 0.999913 0.013228 0.075422 0.994959 0.001195 -0.100275 5.370395
-0.107313 0.014511 -0.994119 -11.628964 -0.001315 0.999891 0.014737 0.074199 0.994224 0.002889 -0.107282 5.315533
-0.111821 0.015757 -0.993603 -12.225599 -0.000899 0.999872 0.015958 0.074442 0.993728 0.002677 -0.111793 5.254252
-0.113130 0.016146 -0.993449 -12.831706 0.001356 0.999870 0.016096 0.087059 0.993579 0.000474 -0.113137 5.191586
-0.112013 0.018599 -0.993533 -13.460455 0.003301 0.999826 0.018344 0.087970 0.993701 -0.001225 -0.112055 5.120346
-0.110298 0.020893 -0.993679 -14.118013 0.002487 0.999782 0.020745 0.095831 0.993895 -0.000184 -0.110326 5.041700
-0.108572 0.020686 -0.993873 -14.787156 0.000101 0.999784 0.020798 0.102067 0.994089 0.002157 -0.108551 4.964875
-0.106680 0.018221 -0.994126 -15.468616 -0.001358 0.999828 0.018471 0.108792 0.994292 0.003321 -0.106637 4.884260
-0.105506 0.018005 -0.994256 -16.159298 -0.001536 0.999832 0.018269 0.121059 0.994417 0.003455 -0.105461 4.816727
-0.103988 0.020771 -0.994362 -16.862137 -0.000884 0.999780 0.020977 0.131159 0.994578 0.003060 -0.103947 4.757000
-0.102003 0.024197 -0.994490 -17.587713 -0.001527 0.999699 0.024481 0.143797 0.994783 0.004016 -0.101935 4.684250
-0.100247 0.026455 -0.994611 -18.321489 -0.002168 0.999638 0.026807 0.146209 0.994960 0.004843 -0.100153 4.612558
-0.098361 0.025748 -0.994818 -19.074015 -0.004269 0.999645 0.026295 0.155826 0.995142 0.006833 -0.098216 4.539080
-0.096678 0.022619 -0.995059 -19.844723 -0.006538 0.999706 0.023360 0.169573 0.995294 0.008764 -0.096502 4.472059
-0.094935 0.022167 -0.995237 -20.621460 -0.007403 0.999709 0.022973 0.177417 0.995456 0.009549 -0.094744 4.397148
-0.093578 0.024349 -0.995314 -21.411572 -0.004370 0.999681 0.024867 0.193541 0.995602 0.006677 -0.093442 4.336082
-0.092297 0.026297 -0.995384 -22.195648 -0.002918 0.999640 0.026680 0.203879 0.995727 0.005367 -0.092187 4.265721
-0.090813 0.028100 -0.995471 -23.011784 -0.001675 0.999596 0.028369 0.212640 0.995867 0.004243 -0.090729 4.193831
-0.090150 0.023645 -0.995647 -23.817677 -0.001070 0.999715 0.023838 0.217701 0.995928 0.003214 -0.090099 4.124315
-0.090123 0.016737 -0.995790 -24.637068 0.000699 0.999860 0.016743 0.222817 0.995930 0.000813 -0.090122 4.064484
-0.090459 0.012119 -0.995826 -25.455359 0.003926 0.999923 0.011812 0.233326 0.995892 -0.002841 -0.090500 4.005235
-0.091004 0.013242 -0.995762 -26.270428 0.004941 0.999905 0.012845 0.232423 0.995838 -0.003751 -0.091061 3.935525
-0.091076 0.020433 -0.995634 -27.110577 0.004575 0.999788 0.020100 0.237466 0.995833 -0.002724 -0.091150 3.865057
-0.091274 0.027676 -0.995441 -27.964058 0.003315 0.999617 0.027489 0.243474 0.995820 -0.000791 -0.091331 3.787332
-0.091409 0.032838 -0.995272 -28.818539 0.001074 0.999459 0.032878 0.253767 0.995813 0.001936 -0.091395 3.700894
-0.091421 0.033090 -0.995262 -29.671806 -0.000390 0.999447 0.033265 0.264847 0.995812 0.003429 -0.091358 3.612150
-0.091588 0.029826 -0.995350 -30.522491 -0.000242 0.999551 0.029974 0.273724 0.995797 0.002986 -0.091540 3.528216
-0.091710 0.027107 -0.995417 -31.382288 0.000044 0.999629 0.027218 0.289618 0.995786 0.002452 -0.091677 3.440392
-0.091497 0.028170 -0.995407 -32.246998 -0.001062 0.999596 0.028386 0.305062 0.995805 0.003654 -0.091431 3.347643
-0.091495 0.030521 -0.995338 -33.088547 -0.001588 0.999524 0.030795 0.315543 0.995804 0.004399 -0.091403 3.278771
-0.091402 0.028945 -0.995393 -33.931973 -0.002206 0.999569 0.029269 0.321528 0.995812 0.004871 -0.091299 3.205761
-0.091217 0.023779 -0.995547 -34.759956 -0.003088 0.999703 0.024162 0.332479 0.995826 0.005278 -0.091116 3.136442
-0.091085 0.019732 -0.995648 -35.603035 -0.004659 0.999784 0.020240 0.337719 0.995832 0.006482 -0.090973 3.060114
-0.090243 0.020351 -0.995712 -36.457680 -0.003895 0.999776 0.020787 0.348319 0.995912 0.005754 -0.090144 2.977607
-0.089860 0.022994 -0.995689 -37.290970 -0.002616 0.999725 0.023323 0.348414 0.995951 0.004701 -0.089775 2.916924
-0.089717 0.027977 -0.995574 -38.136856 -0.002222 0.999597 0.028291 0.354611 0.995965 0.004751 -0.089618 2.851660
-0.089044 0.033795 -0.995454 -38.978409 -0.001367 0.999419 0.034052 0.361328 0.996027 0.004393 -0.088946 2.779060
-0.089458 0.036957 -0.995305 -39.816120 -0.001221 0.999307 0.037215 0.373469 0.995990 0.004544 -0.089351 2.711292
-0.089592 0.036873 -0.995296 -40.648399 -0.000669 0.999312 0.037082 0.386421 0.995978 0.003988 -0.089506 2.648123
-0.089868 0.032556 -0.995421 -41.472618 -0.000265 0.999465 0.032712 0.400516 0.995954 0.003204 -0.089811 2.586680
-0.089559 0.028148 -0.995584 -42.311668 -0.001223 0.999597 0.028371 0.414092 0.995981 0.003759 -0.089489 2.510172
-0.089282 0.025166 -0.995688 -43.158810 -0.004991 0.999657 0.025714 0.428563 0.995994 0.007265 -0.089126 2.424457
-0.090022 0.023395 -0.995665 -44.003567 -0.008162 0.999673 0.024227 0.437077 0.995906 0.010308 -0.089802 2.345598
-0.090587 0.021286 -0.995661 -44.841217 -0.005700 0.999744 0.021892 0.445808 0.995872 0.007658 -0.090442 2.270575
-0.091811 0.017794 -0.995617 -45.674171 -0.002096 0.999835 0.018062 0.447765 0.995774 0.003745 -0.091759 2.200948
-0.092595 0.016336 -0.995570 -46.501400 0.002491 0.999866 0.016175 0.452820 0.995701 -0.000982 -0.092624 2.131748
-0.094384 0.019868 -0.995338 -47.341785 0.002932 0.999802 0.019679 0.455715 0.995532 -0.001061 -0.094423 2.052005
-0.095932 0.026226 -0.995042 -48.188004 0.005424 0.999652 0.025825 0.459385 0.995373 -0.002919 -0.096040 1.968981
-0.097888 0.029723 -0.994753 -49.021145 0.007665 0.999547 0.029112 0.468845 0.995168 -0.004775 -0.098072 1.890388
-0.099304 0.028879 -0.994638 -49.846203 0.007569 0.999572 0.028266 0.475110 0.995028 -0.004721 -0.099480 1.802519
-0.099982 0.024734 -0.994682 -50.678600 0.004137 0.999693 0.024443 0.482643 0.994981 -0.001672 -0.100053 1.697045
-0.101276 0.021201 -0.994632 -51.492046 -0.000665 0.999771 0.021378 0.485514 0.994858 0.002826 -0.101239 1.604756
-0.102359 0.019535 -0.994556 -52.315525 -0.004847 0.999785 0.020136 0.492045 0.994736 0.006881 -0.102242 1.504006
-0.103384 0.020577 -0.994429 -53.134090 -0.006624 0.999750 0.021376 0.495918 0.994619 0.008798 -0.103222 1.414034
-0.104654 0.022083 -0.994263 -53.935074 -0.006550 0.999716 0.022893 0.499253 0.994487 0.008908 -0.104480 1.334937
-0.105794 0.021280 -0.994160 -54.735672 -0.008325 0.999717 0.022285 0.505695 0.994353 0.010634 -0.105587 1.254461
-0.106442 0.021053 -0.994096 -55.546909 -0.009070 0.999714 0.022143 0.510393 0.994278 0.011373 -0.106220 1.173671
-0.107283 0.022814 -0.993967 -56.335224 -0.007447 0.999690 0.023749 0.515680 0.994201 0.009950 -0.107079 1.100602
-0.107479 0.025676 -0.993876 -57.118431 -0.006221 0.999630 0.026497 0.521714 0.994188 0.009031 -0.107280 1.014494
-0.107683 0.029817 -0.993738 -57.910778 -0.006407 0.999509 0.030684 0.528747 0.994165 0.009672 -0.107439 0.930328
-0.108122 0.031712 -0.993632 -58.700745 -0.006143 0.999451 0.032566 0.539762 0.994119 0.009625 -0.107868 0.841587
-0.108966 0.031816 -0.993536 -59.455986 -0.005537 0.999453 0.032613 0.547291 0.994030 0.009054 -0.108730 0.765043
-0.109142 0.029940 -0.993575 -60.227852 -0.004448 0.999522 0.030608 0.556087 0.994016 0.007760 -0.108956 0.681125
-0.109270 0.026315 -0.993664 -60.983128 -0.004126 0.999629 0.026926 0.563284 0.994003 0.007042 -0.109121 0.598973
-0.108968 0.023359 -0.993771 -61.717884 -0.004783 0.999700 0.024023 0.571110 0.994034 0.007371 -0.108824 0.515986
-0.107778 0.020934 -0.993955 -62.445824 -0.005232 0.999753 0.021624 0.575805 0.994161 0.007531 -0.107642 0.438606
-0.105635 0.020268 -0.994198 -63.137466 -0.007443 0.999748 0.021172 0.572926 0.994377 0.009636 -0.105457 0.369056
-0.101787 0.021238 -0.994580 -63.819489 -0.007870 0.999724 0.022153 0.570847 0.994775 0.010082 -0.101591 0.306074
-0.096016 0.022705 -0.995121 -64.486305 -0.006855 0.999701 0.023471 0.571746 0.995356 0.009075 -0.095831 0.250480
-0.088822 0.024458 -0.995747 -65.135574 -0.005983 0.999667 0.025088 0.569553 0.996029 0.008186 -0.088646 0.200031
-0.080029 0.025761 -0.996460 -65.774963 -0.006486 0.999631 0.026364 0.570959 0.996771 0.008572 -0.079833 0.154257
-0.068307 0.027306 -0.997291 -66.400452 -0.008236 0.999576 0.027933 0.573960 0.997630 0.010122 -0.068053 0.118730
-0.053520 0.028975 -0.998146 -67.017830 -0.011370 0.999496 0.029624 0.575584 0.998502 0.012934 -0.053163 0.093973
-0.035302 0.030234 -0.998919 -67.607346 -0.012860 0.999446 0.030704 0.579949 0.999294 0.013930 -0.034893 0.086830
-0.013182 0.031065 -0.999430 -68.172745 -0.013571 0.999420 0.031244 0.583336 0.999821 0.013975 -0.012753 0.091570
0.012118 0.031542 -0.999429 -68.722450 -0.012806 0.999425 0.031387 0.584890 0.999845 0.012418 0.012514 0.121490
0.040887 0.030834 -0.998688 -69.251648 -0.011076 0.999476 0.030404 0.594105 0.999102 0.009818 0.041207 0.179154
0.074945 0.030975 -0.996706 -69.753548 -0.009771 0.999492 0.030326 0.597369 0.997140 0.007466 0.075210 0.243990
0.112552 0.031209 -0.993156 -70.235962 -0.009095 0.999497 0.030378 0.603931 0.993604 0.005614 0.112779 0.325182
0.153330 0.030930 -0.987691 -70.699638 -0.009082 0.999512 0.029890 0.608770 0.988133 0.004387 0.153536 0.426992
0.198892 0.031846 -0.979504 -71.154533 -0.008002 0.999491 0.030871 0.613845 0.979989 0.001698 0.199045 0.544414
0.247988 0.030590 -0.968280 -71.592033 -0.004726 0.999528 0.030367 0.615223 0.968751 -0.002955 0.248016 0.680776
0.298842 0.025507 -0.953962 -72.018837 0.002950 0.999613 0.027652 0.619723 0.954298 -0.011077 0.298651 0.847417
0.350920 0.020260 -0.936186 -72.432396 0.008081 0.999663 0.024663 0.623606 0.936371 -0.016220 0.350638 1.034737
0.404147 0.015416 -0.914564 -72.832558 0.013427 0.999650 0.022784 0.630453 0.914596 -0.021488 0.403798 1.240998
0.456021 0.014747 -0.889847 -73.226822 0.013074 0.999644 0.023267 0.641824 0.889873 -0.022244 0.455666 1.472198
0.504274 0.013530 -0.863438 -73.598297 0.014766 0.999596 0.024287 0.648118 0.863418 -0.024996 0.503870 1.730802
0.549719 0.009591 -0.835295 -73.952095 0.022318 0.999409 0.026163 0.650627 0.835052 -0.033024 0.549179 2.013262
0.594312 0.002895 -0.804229 -74.288734 0.032936 0.999067 0.027935 0.655730 0.803559 -0.043090 0.593663 2.314496
0.637754 -0.002437 -0.770236 -74.622360 0.034465 0.999084 0.025376 0.663274 0.769469 -0.042730 0.637254 2.624065
0.679396 -0.007333 -0.733735 -74.932907 0.031349 0.999327 0.019040 0.670247 0.733102 -0.035938 0.679169 2.948288
0.720687 -0.014361 -0.693111 -75.245605 0.027820 0.999579 0.008216 0.681699 0.692702 -0.025204 0.720784 3.300521
0.760506 -0.016856 -0.649113 -75.538551 0.022856 0.999738 0.000817 0.685031 0.648929 -0.015458 0.760692 3.679380
0.797687 -0.018220 -0.602797 -75.800301 0.021657 0.999764 -0.001559 0.687393 0.602683 -0.011811 0.797893 4.083422
0.832230 -0.019668 -0.554082 -76.069992 0.021714 0.999760 -0.002875 0.691951 0.554005 -0.009638 0.832457 4.530878
0.863164 -0.018862 -0.504571 -76.317078 0.019101 0.999807 -0.004700 0.695040 0.504562 -0.005581 0.863357 4.996947
0.889490 -0.017668 -0.456613 -76.547768 0.018434 0.999826 -0.002778 0.691264 0.456583 -0.005946 0.889661 5.495786
0.910967 -0.011538 -0.412317 -76.758827 0.012095 0.999926 -0.001258 0.688150 0.412301 -0.003841 0.911039 6.011490
0.928704 -0.007442 -0.370748 -76.959732 0.007058 0.999972 -0.002393 0.686428 0.370756 -0.000394 0.928730 6.541379
0.942459 -0.001997 -0.334317 -77.154083 0.001884 0.999998 -0.000660 0.685423 0.334318 -0.000008 0.942460 7.113854
0.952669 -0.001541 -0.304006 -77.335632 0.002077 0.999997 0.001439 0.684141 0.304002 -0.002002 0.952669 7.713643
0.960077 -0.002503 -0.279724 -77.491959 0.003566 0.999988 0.003290 0.678000 0.279713 -0.004156 0.960075 8.318626
0.966003 -0.002270 -0.258522 -77.661987 0.003777 0.999979 0.005334 0.680369 0.258504 -0.006129 0.965991 8.953660
0.970804 -0.000122 -0.239876 -77.821999 0.002137 0.999965 0.008140 0.679794 0.239866 -0.008415 0.970769 9.589984
0.974548 0.004681 -0.224132 -77.985481 -0.002543 0.999949 0.009827 0.681429 0.224166 -0.009007 0.974509 10.244227
0.977544 0.008262 -0.210570 -78.138947 -0.006035 0.999919 0.011214 0.682007 0.210646 -0.009692 0.977514 10.912395
0.980313 0.006890 -0.197331 -78.277725 -0.004812 0.999928 0.011012 0.684624 0.197392 -0.009846 0.980275 11.598956
0.983048 0.006566 -0.183233 -78.415390 -0.004678 0.999931 0.010736 0.688835 0.183291 -0.009697 0.983011 12.302000
0.985699 0.006861 -0.168378 -78.542282 -0.005004 0.999922 0.011447 0.693545 0.168443 -0.010441 0.985656 13.015540
0.988083 0.008344 -0.153694 -78.667336 -0.006607 0.999908 0.011812 0.699821 0.153779 -0.010656 0.988048 13.747914
0.990068 0.008383 -0.140336 -78.788246 -0.007187 0.999933 0.009030 0.700134 0.140402 -0.007931 0.990063 14.494604
0.991629 0.008442 -0.128840 -78.899643 -0.008027 0.999961 0.003741 0.701354 0.128867 -0.002675 0.991658 15.251147
0.992883 0.006250 -0.118929 -78.993401 -0.006604 0.999975 -0.002581 0.703774 0.118910 0.003348 0.992899 16.010683
0.993862 0.006213 -0.110451 -79.087585 -0.006537 0.999975 -0.002572 0.699061 0.110432 0.003278 0.993878 16.790209
0.994626 0.008292 -0.103200 -79.184898 -0.007968 0.999962 0.003557 0.693122 0.103226 -0.002715 0.994654 17.586811
0.995108 0.012454 -0.098007 -79.279381 -0.011356 0.999866 0.011753 0.687793 0.098140 -0.010583 0.995116 18.389515
0.995537 0.013207 -0.093443 -79.367500 -0.011815 0.999811 0.015433 0.683876 0.093629 -0.014260 0.995505 19.181721
0.995858 0.012071 -0.090121 -79.440224 -0.010798 0.999835 0.014600 0.679961 0.090283 -0.013567 0.995824 19.966326
0.996174 0.011299 -0.086663 -79.520981 -0.010181 0.999859 0.013333 0.687305 0.086802 -0.012400 0.996148 20.752810
0.996435 0.010118 -0.083755 -79.587166 -0.008818 0.999835 0.015881 0.681719 0.083902 -0.015086 0.996360 21.537420
0.996683 0.007793 -0.081011 -79.656219 -0.006350 0.999817 0.018054 0.687047 0.081137 -0.017480 0.996550 22.326946
0.996968 0.005335 -0.077635 -79.724869 -0.003817 0.999799 0.019681 0.688423 0.077724 -0.019325 0.996788 23.115828
0.997186 0.004483 -0.074838 -79.788658 -0.003275 0.999863 0.016254 0.684948 0.074901 -0.015963 0.997063 23.900045
0.997320 0.007047 -0.072817 -79.860580 -0.006419 0.999940 0.008861 0.684994 0.072875 -0.008370 0.997306 24.684380
0.997456 0.007391 -0.070907 -79.921242 -0.007333 0.999973 0.001089 0.681872 0.070913 -0.000567 0.997482 25.456421
0.997566 0.008290 -0.069236 -79.983833 -0.008511 0.999960 -0.002895 0.673515 0.069209 0.003477 0.997596 26.241571
0.997727 0.009577 -0.066705 -80.047356 -0.009695 0.999952 -0.001437 0.666974 0.066689 0.002081 0.997772 27.036404
0.997860 0.012695 -0.064138 -80.107315 -0.012574 0.999918 0.002289 0.656604 0.064162 -0.001478 0.997938 27.821848
0.997973 0.016077 -0.061581 -80.168991 -0.015656 0.999851 0.007308 0.645447 0.061689 -0.006330 0.998075 28.608688
0.998162 0.013903 -0.058982 -80.219086 -0.013379 0.999868 0.009267 0.636878 0.059103 -0.008461 0.998216 29.388842
0.998263 0.010785 -0.057912 -80.263824 -0.010292 0.999908 0.008814 0.634863 0.058002 -0.008202 0.998283 30.174122
0.998354 0.009413 -0.056568 -80.310623 -0.008922 0.999920 0.008930 0.628152 0.056647 -0.008411 0.998359 30.964464
0.998422 0.008595 -0.055497 -80.356857 -0.008223 0.999942 0.006919 0.629333 0.055553 -0.006452 0.998435 31.759542
0.998482 0.006535 -0.054695 -80.394142 -0.006249 0.999966 0.005409 0.631851 0.054729 -0.005059 0.998488 32.552502
0.998528 0.005531 -0.053954 -80.438683 -0.005234 0.999970 0.005650 0.623084 0.053984 -0.005359 0.998527 33.358402
0.998562 0.008983 -0.052861 -80.494270 -0.008642 0.999940 0.006675 0.616504 0.052918 -0.006208 0.998580 34.154747
0.998587 0.009026 -0.052364 -80.555885 -0.008743 0.999946 0.005645 0.611899 0.052413 -0.005180 0.998612 34.961315
0.998517 0.008293 -0.053802 -80.614471 -0.008005 0.999952 0.005578 0.604137 0.053846 -0.005139 0.998536 35.778427
0.998459 0.006678 -0.055086 -80.687492 -0.006376 0.999964 0.005650 0.608076 0.055122 -0.005290 0.998466 36.597462
0.998323 0.008753 -0.057228 -80.763489 -0.008457 0.999950 0.005401 0.602422 0.057273 -0.004908 0.998347 37.419529
0.998128 0.011758 -0.060019 -80.821396 -0.011477 0.999922 0.005020 0.598032 0.060073 -0.004321 0.998185 38.232372
0.998004 0.012273 -0.061941 -80.897247 -0.012310 0.999924 -0.000213 0.595312 0.061934 0.000975 0.998080 39.061230
0.997869 0.012994 -0.063940 -80.964890 -0.013269 0.999904 -0.003881 0.590925 0.063884 0.004721 0.997946 39.887432
0.997792 0.011139 -0.065481 -81.038353 -0.011518 0.999919 -0.005410 0.584209 0.065416 0.006152 0.997839 40.743645
0.997667 0.011161 -0.067353 -81.109505 -0.011463 0.999926 -0.004102 0.574136 0.067302 0.004864 0.997721 41.592899
0.997580 0.009240 -0.068912 -81.182533 -0.009493 0.999949 -0.003340 0.561231 0.068878 0.003986 0.997617 42.453693
0.997492 0.008938 -0.070217 -81.255859 -0.009080 0.999957 -0.001700 0.552777 0.070198 0.002334 0.997530 43.317852
0.997451 0.008181 -0.070881 -81.327415 -0.008065 0.999966 0.001920 0.545384 0.070894 -0.001343 0.997483 44.182297
0.997423 0.007592 -0.071339 -81.396881 -0.007144 0.999953 0.006540 0.539247 0.071386 -0.006013 0.997431 45.043331
0.997506 0.007263 -0.070211 -81.462303 -0.006668 0.999940 0.008704 0.531403 0.070270 -0.008214 0.997494 45.909477
0.997647 0.010427 -0.067758 -81.529564 -0.009850 0.999912 0.008844 0.525904 0.067844 -0.008155 0.997663 46.769489
0.997787 0.010356 -0.065674 -81.585770 -0.009870 0.999922 0.007719 0.518762 0.065749 -0.007054 0.997811 47.636993
0.997948 0.007790 -0.063556 -81.646614 -0.007453 0.999957 0.005548 0.511455 0.063597 -0.005063 0.997963 48.512966
0.998109 0.003921 -0.061350 -81.698250 -0.003693 0.999986 0.003824 0.505922 0.061365 -0.003590 0.998109 49.388226
0.998256 0.003307 -0.058936 -81.757011 -0.003112 0.999989 0.003400 0.500237 0.058947 -0.003211 0.998256 50.275646
0.998349 0.001265 -0.057429 -81.813164 -0.000918 0.999981 0.006069 0.490113 0.057436 -0.006007 0.998331 51.166279
0.998442 -0.000980 -0.055788 -81.879555 0.001469 0.999961 0.008712 0.478972 0.055777 -0.008780 0.998405 52.049778
0.998493 -0.001203 -0.054864 -81.923447 0.001673 0.999962 0.008511 0.479555 0.054852 -0.008590 0.998458 52.933094
0.998602 0.000744 -0.052856 -81.994347 -0.000484 0.999988 0.004930 0.477639 0.052860 -0.004897 0.998590 53.826328
0.998668 0.003359 -0.051495 -82.055748 -0.003411 0.999994 -0.000919 0.466732 0.051491 0.001094 0.998673 54.721882
0.998762 0.005393 -0.049458 -82.125114 -0.005716 0.999963 -0.006396 0.453064 0.049421 0.006671 0.998756 55.623119
0.998789 0.010270 -0.048106 -82.185509 -0.010868 0.999867 -0.012190 0.435673 0.047975 0.012698 0.998768 56.493786
0.998858 0.010457 -0.046625 -82.240631 -0.011080 0.999853 -0.013115 0.413882 0.046481 0.013617 0.998826 57.373890
0.998903 0.007383 -0.046232 -82.281540 -0.007732 0.999943 -0.007379 0.399727 0.046175 0.007728 0.998903 58.254726
0.998919 0.006888 -0.045979 -82.334160 -0.006814 0.999975 0.001767 0.377098 0.045990 -0.001452 0.998941 59.128845
0.998876 0.005169 -0.047119 -82.378578 -0.004730 0.999944 0.009428 0.365050 0.047165 -0.009194 0.998845 60.003681
0.998779 0.002967 -0.049320 -82.422310 -0.002627 0.999972 0.006953 0.360273 0.049339 -0.006815 0.998759 60.867531
0.998694 -0.002020 -0.051052 -82.463638 0.002200 0.999992 0.003479 0.348353 0.051045 -0.003586 0.998690 61.722256
0.998563 -0.003319 -0.053481 -82.508446 0.003435 0.999992 0.002079 0.334185 0.053474 -0.002260 0.998567 62.576195
0.998427 -0.001269 -0.056060 -82.559021 0.001245 0.999999 -0.000460 0.321083 0.056061 0.000389 0.998427 63.421940
0.998236 0.000133 -0.059369 -82.614845 -0.000360 0.999993 -0.003798 0.305037 0.059368 0.003813 0.998229 64.262009
0.997996 0.000693 -0.063271 -82.671257 -0.001157 0.999973 -0.007302 0.288656 0.063264 0.007360 0.997970 65.098755
0.997834 0.002938 -0.065717 -82.741638 -0.003683 0.999930 -0.011224 0.267904 0.065680 0.011442 0.997775 65.932510
0.997636 0.007180 -0.068348 -82.812538 -0.007982 0.999902 -0.011468 0.250513 0.068259 0.011987 0.997596 66.762772
0.997391 0.010801 -0.071375 -82.885910 -0.011536 0.999884 -0.009894 0.233864 0.071260 0.010691 0.997400 67.588745
0.997097 0.013321 -0.074968 -82.952271 -0.013660 0.999899 -0.004019 0.212638 0.074907 0.005031 0.997178 68.413048
0.996766 0.014099 -0.079112 -83.013268 -0.014030 0.999901 0.001427 0.196158 0.079124 -0.000312 0.996865 69.228615
0.996365 0.013255 -0.084148 -83.077950 -0.012900 0.999905 0.004759 0.184773 0.084203 -0.003656 0.996442 70.039818
0.995838 0.012969 -0.090215 -83.153740 -0.012501 0.999905 0.005757 0.173756 0.090281 -0.004605 0.995906 70.842705
0.995314 0.010132 -0.096159 -83.220352 -0.009274 0.999913 0.009360 0.165671 0.096246 -0.008425 0.995322 71.641022
0.994676 0.010590 -0.102510 -83.294930 -0.009734 0.999914 0.008842 0.157178 0.102595 -0.007797 0.994693 72.432602
0.994038 0.014968 -0.108001 -83.391411 -0.014198 0.999868 0.007897 0.149471 0.108105 -0.006317 0.994119 73.217300
0.993318 0.016917 -0.114164 -83.479279 -0.016525 0.999854 0.004377 0.138316 0.114222 -0.002461 0.993452 73.998909
0.992625 0.015356 -0.120250 -83.573463 -0.015312 0.999882 0.001287 0.132267 0.120255 0.000564 0.992743 74.784561
0.991971 0.016834 -0.125342 -83.683487 -0.016986 0.999856 -0.000149 0.123408 0.125322 0.002276 0.992114 75.575485
0.991300 0.018688 -0.130288 -83.790215 -0.018209 0.999822 0.004866 0.116578 0.130356 -0.002451 0.991464 76.365768
0.990395 0.019265 -0.136917 -83.895470 -0.018204 0.999794 0.008992 0.110563 0.137062 -0.006413 0.990542 77.163956
0.989521 0.018702 -0.143172 -84.020470 -0.017320 0.999791 0.010896 0.103307 0.143346 -0.008302 0.989638 77.968407
0.988489 0.016322 -0.150412 -84.144875 -0.015488 0.999857 0.006718 0.101173 0.150500 -0.004311 0.988601 78.754692
0.987240 0.014693 -0.158559 -84.284248 -0.014959 0.999888 -0.000485 0.097417 0.158534 0.002851 0.987349 79.534866
0.985855 0.012043 -0.167168 -84.434097 -0.012641 0.999917 -0.002513 0.089743 0.167124 0.004591 0.985925 80.312675
0.984004 0.011887 -0.177748 -84.590492 -0.012035 0.999928 0.000246 0.079463 0.177738 0.001897 0.984076 81.107361
0.981875 0.011672 -0.189170 -84.747566 -0.010739 0.999925 0.005954 0.080485 0.189225 -0.003815 0.981926 81.900665
0.979440 0.014090 -0.201244 -84.905205 -0.011680 0.999845 0.013158 0.084039 0.201399 -0.010537 0.979453 82.689316
0.977035 0.014426 -0.212591 -85.066895 -0.011121 0.999798 0.016730 0.075923 0.212789 -0.013981 0.976998 83.445740
0.974420 0.018278 -0.223989 -85.248451 -0.016000 0.999800 0.011981 0.072128 0.224163 -0.008091 0.974518 84.205544
0.971758 0.018455 -0.235259 -85.449570 -0.018353 0.999828 0.002620 0.066499 0.235267 0.001771 0.971929 84.922874
0.968781 0.016233 -0.247384 -85.650108 -0.017389 0.999846 -0.002490 0.066102 0.247306 0.006714 0.968914 85.663544
0.965701 0.014942 -0.259228 -85.854965 -0.014894 0.999887 0.002151 0.062566 0.259230 0.001784 0.965814 86.406120
0.962614 0.016047 -0.270399 -86.073395 -0.013962 0.999856 0.009631 0.049173 0.270515 -0.005496 0.962700 87.151520
0.959293 0.015196 -0.282005 -86.301468 -0.011472 0.999824 0.014851 0.044046 0.282181 -0.011012 0.959298 87.893791
0.955612 0.012667 -0.294356 -86.531784 -0.009257 0.999873 0.012973 0.038094 0.294483 -0.009673 0.955608 88.624001
0.952195 0.010876 -0.305298 -86.773758 -0.008729 0.999927 0.008396 0.034590 0.305367 -0.005330 0.952220 89.347679
0.949400 0.006586 -0.313999 -87.015900 -0.006399 0.999978 0.001627 0.024374 0.314003 0.000465 0.949422 90.065590
0.946929 0.002327 -0.321436 -87.262627 -0.003938 0.999983 -0.004360 0.017496 0.321420 0.005394 0.946921 90.784676
0.944540 0.002397 -0.328389 -87.525467 -0.004726 0.999969 -0.006296 0.004921 0.328364 0.007499 0.944522 91.507828
0.941876 0.007663 -0.335873 -87.802551 -0.010407 0.999926 -0.006371 -0.012146 0.335799 0.009496 0.941886 92.230278
0.939174 0.007337 -0.343364 -88.080704 -0.009296 0.999949 -0.004060 -0.028069 0.343317 0.007005 0.939194 92.953896
0.936315 0.007433 -0.351083 -88.359840 -0.007121 0.999972 0.002181 -0.030514 0.351090 0.000458 0.936342 93.681389
0.933794 0.008607 -0.357707 -88.642113 -0.005293 0.999934 0.010244 -0.035659 0.357772 -0.007672 0.933778 94.408669
0.931530 0.018116 -0.363214 -88.946632 -0.012734 0.999771 0.017207 -0.046753 0.363442 -0.011404 0.931547 95.131096
0.929262 0.024337 -0.368620 -89.251640 -0.020534 0.999688 0.014236 -0.047919 0.368851 -0.005660 0.929471 95.838982
0.927327 0.020487 -0.373691 -89.553574 -0.019511 0.999789 0.006394 -0.046003 0.373743 0.001361 0.927531 96.549316
0.925598 0.012204 -0.378312 -89.847496 -0.013747 0.999905 -0.001378 -0.044541 0.378259 0.006476 0.925677 97.263519
0.924113 0.012492 -0.381914 -90.150864 -0.014334 0.999895 -0.001978 -0.048554 0.381849 0.007302 0.924196 97.978874
0.922217 0.017702 -0.386267 -90.462112 -0.017891 0.999835 0.003106 -0.055966 0.386259 0.004046 0.922382 98.694206
0.920048 0.019322 -0.391330 -90.778992 -0.017891 0.999813 0.007303 -0.063766 0.391398 0.000282 0.920221 99.414780
0.918123 0.015334 -0.395998 -91.093666 -0.014332 0.999882 0.005488 -0.077185 0.396036 0.000636 0.918235 100.130478
0.916192 0.012882 -0.400533 -91.412201 -0.014525 0.999894 -0.001066 -0.081573 0.400477 0.006794 0.916282 100.839714
0.914327 0.009817 -0.404858 -91.749489 -0.014237 0.999867 -0.007909 -0.083781 0.404727 0.012995 0.914345 101.555054
0.912309 0.010090 -0.409377 -92.083801 -0.015344 0.999837 -0.009553 -0.092042 0.409214 0.014996 0.912315 102.270699
0.910619 0.012439 -0.413059 -92.426521 -0.016088 0.999856 -0.005357 -0.105655 0.412933 0.011523 0.910688 102.992004
0.908895 0.013473 -0.416807 -92.773964 -0.016377 0.999860 -0.003391 -0.118569 0.416703 0.009908 0.908989 103.706596
0.906889 0.014339 -0.421126 -93.116539 -0.017056 0.999851 -0.002686 -0.134283 0.421024 0.009619 0.906998 104.417206
0.904912 0.012040 -0.425429 -93.462280 -0.015079 0.999879 -0.003777 -0.144730 0.425332 0.009832 0.904984 105.126717
0.903144 0.009622 -0.429229 -93.811775 -0.012905 0.999906 -0.004738 -0.154031 0.429143 0.009819 0.903183 105.831383
0.901340 0.008919 -0.433020 -94.167763 -0.012030 0.999918 -0.004444 -0.164445 0.432945 0.009215 0.901373 106.533859
0.899445 0.009929 -0.436922 -94.526070 -0.013035 0.999907 -0.004111 -0.175949 0.436840 0.009393 0.899490 107.231285
0.897762 0.010169 -0.440364 -94.906723 -0.013378 0.999902 -0.004184 -0.189846 0.440278 0.009647 0.897810 107.934547
0.896094 0.007478 -0.443800 -95.293633 -0.012526 0.999886 -0.008443 -0.205156 0.443687 0.013125 0.896086 108.630119
0.894916 0.004550 -0.446211 -95.712921 -0.011647 0.999846 -0.013165 -0.221588 0.446082 0.016978 0.894831 109.331078
0.893279 0.002642 -0.449495 -96.090775 -0.011101 0.999807 -0.016186 -0.234250 0.449366 0.019448 0.893136 110.023003
0.892038 0.004557 -0.451937 -96.480087 -0.011462 0.999856 -0.012541 -0.247438 0.451814 0.016367 0.891962 110.713013
0.890581 0.007813 -0.454757 -96.846870 -0.010892 0.999932 -0.004151 -0.258869 0.454694 0.008650 0.890606 111.395782
0.889674 0.008766 -0.456512 -97.222725 -0.007378 0.999961 0.004822 -0.266413 0.456536 -0.000922 0.889704 112.073532
0.888326 0.007634 -0.459151 -97.559807 -0.003740 0.999949 0.009389 -0.276792 0.459199 -0.006624 0.888309 112.717430
0.887127 0.004290 -0.461506 -97.905472 -0.000386 0.999963 0.008553 -0.281658 0.461526 -0.007410 0.887096 113.350258
0.885666 0.002094 -0.464318 -98.238457 0.000095 0.999989 0.004691 -0.284270 0.464323 -0.004199 0.885656 113.962669
0.884558 -0.000120 -0.466429 -98.577705 0.000873 0.999999 0.001399 -0.285425 0.466428 -0.001644 0.884557 114.559486
0.883508 -0.002125 -0.468411 -98.907021 0.002344 0.999997 -0.000116 -0.288749 0.468410 -0.000995 0.883510 115.142906
0.882567 -0.004016 -0.470170 -99.219284 0.004123 0.999991 -0.000802 -0.293296 0.470169 -0.001231 0.882576 115.705238
0.881531 -0.003887 -0.472110 -99.531868 0.004246 0.999991 -0.000305 -0.297416 0.472107 -0.001736 0.881540 116.260208
0.880682 -0.004180 -0.473690 -99.835991 0.005252 0.999986 0.000940 -0.304707 0.473679 -0.003315 0.880691 116.788467
0.879480 -0.005973 -0.475899 -100.122627 0.007361 0.999972 0.001052 -0.308225 0.475880 -0.004429 0.879499 117.307838
0.878357 -0.008001 -0.477938 -100.393150 0.009491 0.999955 0.000703 -0.311094 0.477910 -0.005154 0.878394 117.797424
0.877362 -0.009005 -0.479744 -100.651031 0.010000 0.999950 -0.000483 -0.319256 0.479724 -0.004374 0.877409 118.256554
0.876105 -0.009072 -0.482035 -100.893082 0.007920 0.999959 -0.004424 -0.324778 0.482055 0.000058 0.876141 118.694321
0.874644 -0.011910 -0.484620 -101.122604 0.008619 0.999922 -0.009019 -0.330134 0.484690 0.003712 0.874678 119.105057
0.872462 -0.015950 -0.488422 -101.342758 0.011777 0.999863 -0.011615 -0.334919 0.488540 0.004382 0.872530 119.503914
0.869947 -0.020259 -0.492729 -101.552902 0.016695 0.999793 -0.011632 -0.340909 0.492862 0.001893 0.870105 119.880707
0.866746 -0.019449 -0.498371 -101.760071 0.016443 0.999811 -0.010420 -0.348855 0.498479 0.000837 0.866901 120.241020
0.863369 -0.016119 -0.504316 -101.966026 0.013391 0.999870 -0.009033 -0.355110 0.504396 0.001045 0.863472 120.578056
0.860046 -0.010282 -0.510113 -102.165863 0.009113 0.999947 -0.004790 -0.363832 0.510135 -0.000529 0.860094 120.899010
0.856367 -0.005431 -0.516339 -102.355942 0.007440 0.999971 0.001821 -0.370191 0.516314 -0.005401 0.856382 121.206924
0.852230 -0.003957 -0.523153 -102.539169 0.008095 0.999951 0.005625 -0.376742 0.523105 -0.009029 0.852220 121.488045
0.847203 -0.006989 -0.531224 -102.706261 0.012369 0.999902 0.006570 -0.382472 0.531126 -0.012137 0.847206 121.755432
0.840790 -0.009246 -0.541283 -102.870041 0.015540 0.999854 0.007060 -0.385014 0.541139 -0.014348 0.840811 122.005646
0.832678 -0.010925 -0.553649 -103.027252 0.018409 0.999799 0.007958 -0.390778 0.553451 -0.016818 0.832712 122.238205
0.823215 -0.010533 -0.567632 -103.184013 0.018558 0.999793 0.008362 -0.395751 0.567427 -0.017418 0.823240 122.448570
0.811981 -0.008883 -0.583616 -103.344078 0.016449 0.999835 0.007667 -0.401511 0.583451 -0.015825 0.811994 122.641747
0.799032 -0.010231 -0.601201 -103.498093 0.016199 0.999859 0.004514 -0.406356 0.601070 -0.013346 0.799085 122.821938
0.785035 -0.012607 -0.619323 -103.644676 0.015069 0.999886 -0.001252 -0.409691 0.619268 -0.008350 0.785135 122.988441
0.770775 -0.015893 -0.636909 -103.787872 0.014907 0.999865 -0.006910 -0.414092 0.636933 -0.004168 0.770908 123.144661
0.756444 -0.015640 -0.653872 -103.939072 0.010532 0.999876 -0.011732 -0.412226 0.653974 0.001989 0.756514 123.287086
0.741510 -0.011514 -0.670843 -104.094910 0.002788 0.999897 -0.014081 -0.415926 0.670936 0.008571 0.741465 123.428062
0.724964 -0.009399 -0.688722 -104.250092 -0.000264 0.999903 -0.013924 -0.421905 0.688786 0.010276 0.724892 123.567406
0.706911 -0.011032 -0.707216 -104.406235 0.002303 0.999909 -0.013295 -0.421556 0.707299 0.007769 0.706872 123.712662
0.687353 -0.011937 -0.726226 -104.564270 0.004802 0.999918 -0.011891 -0.426368 0.726308 0.004686 0.687353 123.855087
0.665845 -0.010160 -0.746021 -104.731514 0.004278 0.999943 -0.009799 -0.429886 0.746078 0.003333 0.665851 123.985466
0.642774 -0.005358 -0.766037 -104.909775 0.000067 0.999976 -0.006938 -0.432440 0.766056 0.004408 0.642759 124.102570
0.619042 -0.001232 -0.785357 -105.089737 -0.002640 0.999990 -0.003649 -0.434824 0.785353 0.004333 0.619033 124.217751
0.594508 0.001655 -0.804088 -105.272049 -0.005040 0.999986 -0.001669 -0.435670 0.804074 0.005045 0.594508 124.322113
0.569224 0.005014 -0.822167 -105.457077 -0.008571 0.999963 0.000164 -0.440647 0.822138 0.006953 0.569246 124.423141
0.543105 0.009724 -0.839609 -105.646088 -0.013222 0.999908 0.003028 -0.446394 0.839561 0.009457 0.543183 124.516045
0.516007 0.012990 -0.856486 -105.833069 -0.015982 0.999857 0.005535 -0.453876 0.856436 0.010832 0.516140 124.598145
0.487159 0.012335 -0.873226 -106.028374 -0.015363 0.999867 0.005553 -0.458726 0.873178 0.010711 0.487284 124.678825
0.455235 0.009416 -0.890322 -106.236748 -0.015784 0.999872 0.002505 -0.463303 0.890232 0.012912 0.455325 124.762299
0.421666 0.005383 -0.906735 -106.462135 -0.015930 0.999872 -0.001472 -0.466662 0.906611 0.015065 0.421698 124.833603
0.383640 0.003349 -0.923476 -106.707123 -0.016249 0.999863 -0.003125 -0.468843 0.923340 0.016204 0.383642 124.899399
0.342920 0.002060 -0.939362 -106.973076 -0.016457 0.999857 -0.003815 -0.465032 0.939221 0.016767 0.342905 124.965950
0.299766 0.000332 -0.954013 -107.257164 -0.016416 0.999854 -0.004810 -0.465190 0.953871 0.017103 0.299728 125.023903
0.252966 -0.002320 -0.967472 -107.558357 -0.016195 0.999847 -0.006633 -0.463375 0.967340 0.017346 0.252890 125.073334
0.203361 -0.004438 -0.979094 -107.881287 -0.016439 0.999833 -0.007947 -0.459834 0.978966 0.017712 0.203254 125.116997
0.152486 -0.004885 -0.988294 -108.220749 -0.016480 0.999836 -0.007484 -0.457426 0.988168 0.017428 0.152380 125.144264
0.099475 -0.003655 -0.995033 -108.581406 -0.016307 0.999853 -0.005303 -0.455070 0.994906 0.016753 0.099401 125.156548
0.045001 -0.001457 -0.998986 -108.952797 -0.013857 0.999902 -0.002083 -0.453540 0.998891 0.013937 0.044976 125.155655
-0.010269 0.000094 -0.999947 -109.339363 -0.011393 0.999935 0.000211 -0.449312 0.999882 0.011395 -0.010267 125.137100
-0.065410 0.001736 -0.997857 -109.734299 -0.008227 0.999964 0.002279 -0.449200 0.997825 0.008358 -0.065393 125.094414
-0.119982 0.003397 -0.992770 -110.142578 -0.006238 0.999972 0.004176 -0.446877 0.992756 0.006694 -0.119958 125.028931
-0.172912 0.004557 -0.984927 -110.560608 -0.005344 0.999970 0.005564 -0.439735 0.984923 0.006225 -0.172883 124.935242
-0.223806 0.005788 -0.974617 -110.984581 -0.002841 0.999974 0.006592 -0.434547 0.974630 0.004245 -0.223784 124.819664
-0.273298 0.007287 -0.961902 -111.419655 0.001460 0.999973 0.007161 -0.429498 0.961928 0.000552 -0.273301 124.679604
-0.321245 0.008719 -0.946956 -111.862999 0.005660 0.999957 0.007287 -0.426688 0.946979 -0.003019 -0.321280 124.513390
-0.366443 0.010547 -0.930381 -112.317261 0.009836 0.999924 0.007462 -0.420880 0.930389 -0.006417 -0.366519 124.315132
-0.409120 0.012231 -0.912399 -112.762573 0.012856 0.999888 0.007639 -0.419176 0.912390 -0.008604 -0.409231 124.092712
-0.448493 0.013301 -0.893687 -113.228348 0.014641 0.999864 0.007534 -0.414820 0.893666 -0.009705 -0.448627 123.839073
-0.482946 0.013635 -0.875544 -113.699867 0.014937 0.999862 0.007332 -0.407511 0.875523 -0.009537 -0.483083 123.557541
-0.511560 0.013197 -0.859146 -114.157372 0.013850 0.999879 0.007112 -0.406128 0.859136 -0.008261 -0.511681 123.260468
-0.534830 0.011876 -0.844876 -114.652794 0.011888 0.999908 0.006529 -0.401349 0.844876 -0.006552 -0.534922 122.932190
-0.553063 0.010390 -0.833075 -115.162735 0.010486 0.999930 0.005509 -0.395734 0.833073 -0.005688 -0.553133 122.587585
-0.567084 0.009578 -0.823604 -115.667641 0.008597 0.999947 0.005710 -0.391062 0.823615 -0.003842 -0.567137 122.226730
-0.578410 0.010501 -0.815679 -116.188698 0.009355 0.999937 0.006239 -0.389508 0.815693 -0.004022 -0.578471 121.850937
