1.000000 0.000000 0.000000 0.000000 0.000000 1.000000 0.000000 0.000000 0.000000 0.000000 1.000000 0.000000
0.999995 0.003030 0.001060 -0.046451 -0.003032 0.999994 0.001744 -0.017925 -0.001055 -0.001747 0.999998 0.759000
0.999983 0.005560 0.001930 -0.081628 -0.005564 0.999983 0.001982 -0.027742 -0.001918 -0.001992 0.999996 1.507033
0.999972 0.006898 0.002797 -0.104115 -0.006903 0.999975 0.001724 -0.043744 -0.002785 -0.001743 0.999995 2.240687
0.999956 0.008792 0.003260 -0.124025 -0.008797 0.999960 0.001390 -0.056660 -0.003248 -0.001419 0.999994 2.953046
0.999951 0.009068 0.003878 -0.132841 -0.009073 0.999958 0.001214 -0.070927 -0.003867 -0.001249 0.999992 3.659205
0.999948 0.009231 0.004279 -0.137795 -0.009240 0.999955 0.001993 -0.078668 -0.004260 -0.002032 0.999989 4.357026
0.999937 0.010082 0.004905 -0.140161 -0.010105 0.999938 0.004736 -0.090872 -0.004857 -0.004785 0.999977 5.033223
0.999935 0.009585 0.006173 -0.132269 -0.009640 0.999914 0.008887 -0.101820 -0.006087 -0.008946 0.999941 5.695343
0.999934 0.009004 0.007102 -0.112341 -0.009090 0.999884 0.012181 -0.104318 -0.006992 -0.012245 0.999901 6.341555
0.999932 0.008357 0.008103 -0.102659 -0.008471 0.999863 0.014193 -0.105349 -0.007983 -0.014261 0.999866 6.963763
0.999918 0.009131 0.008955 -0.084724 -0.009255 0.999861 0.013846 -0.108077 -0.008827 -0.013928 0.999864 7.567708
0.999903 0.009992 0.009738 -0.070921 -0.010102 0.999885 0.011310 -0.115953 -0.009624 -0.011407 0.999889 8.133759
0.999897 0.009869 0.010455 -0.056062 -0.009959 0.999913 0.008651 -0.121439 -0.010369 -0.008755 0.999908 8.684596
0.999894 0.008327 0.011942 -0.043729 -0.008412 0.999940 0.007083 -0.124101 -0.011882 -0.007183 0.999904 9.199461
0.999896 0.004651 0.013642 -0.027573 -0.004712 0.999979 0.004451 -0.123303 -0.013621 -0.004515 0.999897 9.692518
0.999880 0.003149 0.015148 -0.008327 -0.003197 0.999990 0.003096 -0.125916 -0.015138 -0.003144 0.999880 10.158208
0.999823 0.007548 0.017214 -0.005096 -0.007566 0.999971 0.000982 -0.129864 -0.017206 -0.001112 0.999851 10.589761
0.999721 0.011908 0.020411 -0.006308 -0.011915 0.999929 0.000202 -0.138457 -0.020407 -0.000445 0.999792 10.975718
0.999639 0.012566 0.023768 0.004022 -0.012596 0.999920 0.001111 -0.142004 -0.023752 -0.001410 0.999717 11.343032
0.999604 0.008448 0.026844 0.020414 -0.008490 0.999963 0.001437 -0.144189 -0.026831 -0.001664 0.999639 11.678124
0.999565 0.003561 0.029284 0.043221 -0.003596 0.999993 0.001130 -0.145134 -0.029280 -0.001235 0.999570 11.979395
0.999498 0.000040 0.031682 0.056600 -0.000114 0.999997 0.002343 -0.148793 -0.031682 -0.002345 0.999495 12.249500
0.999412 -0.000340 0.034275 0.065796 0.000222 0.999994 0.003446 -0.155356 -0.034276 -0.003437 0.999407 12.488128
0.999338 0.000504 0.036378 0.074285 -0.000595 0.999997 0.002492 -0.160027 -0.036377 -0.002512 0.999335 12.704777
0.999257 0.001502 0.038521 0.084134 -0.001538 0.999998 0.000909 -0.162403 -0.038519 -0.000968 0.999257 12.902528
0.999151 0.003673 0.041042 0.087231 -0.003680 0.999993 0.000098 -0.165828 -0.041041 -0.000249 0.999157 13.082992
0.999065 0.006529 0.042748 0.087438 -0.006516 0.999979 -0.000464 -0.172460 -0.042750 0.000185 0.999086 13.264567
0.998990 0.007879 0.044245 0.090824 -0.007806 0.999968 -0.001837 -0.178625 -0.044258 0.001490 0.999019 13.432066
0.998912 0.007035 0.046110 0.101762 -0.006876 0.999970 -0.003588 -0.182952 -0.046134 0.003267 0.998930 13.594056
0.998851 0.005616 0.047600 0.114708 -0.005382 0.999973 -0.005041 -0.185844 -0.047627 0.004779 0.998854 13.754614
0.998800 0.004746 0.048741 0.127528 -0.004460 0.999972 -0.005960 -0.191094 -0.048768 0.005735 0.998794 13.907194
0.998733 0.005457 0.050036 0.141351 -0.005088 0.999959 -0.007506 -0.191191 -0.050075 0.007242 0.998719 14.051915
0.998664 0.006665 0.051244 0.150320 -0.006171 0.999933 -0.009796 -0.191975 -0.051306 0.009467 0.998638 14.188515
0.998634 0.006602 0.051838 0.165723 -0.005992 0.999911 -0.011916 -0.196002 -0.051912 0.011590 0.998584 14.325418
0.998612 0.005782 0.052348 0.185974 -0.005043 0.999886 -0.014229 -0.200642 -0.052424 0.013945 0.998528 14.465425
0.998671 0.004823 0.051304 0.215105 -0.004008 0.999864 -0.015981 -0.208662 -0.051374 0.015754 0.998555 14.615949
0.998804 0.004472 0.048686 0.244223 -0.003642 0.999847 -0.017119 -0.215034 -0.048755 0.016921 0.998667 14.780880
0.998971 0.004568 0.045131 0.272424 -0.003749 0.999827 -0.018204 -0.218698 -0.045207 0.018016 0.998815 14.937763
0.999152 0.005160 0.040850 0.281006 -0.004370 0.999802 -0.019402 -0.222241 -0.040942 0.019207 0.998977 15.076937
0.999375 0.005432 0.034940 0.287506 -0.004718 0.999779 -0.020472 -0.224074 -0.035043 0.020294 0.999180 15.215261
0.999594 0.005417 0.027988 0.293035 -0.004824 0.999763 -0.021226 -0.227533 -0.028096 0.021082 0.999383 15.354339
0.999771 0.005379 0.020717 0.287529 -0.004922 0.999745 -0.022036 -0.228107 -0.020830 0.021929 0.999543 15.490740
0.999910 0.004966 0.012500 0.283496 -0.004679 0.999728 -0.022845 -0.232634 -0.012610 0.022784 0.999661 15.623029
0.999990 0.003775 0.002426 0.274813 -0.003715 0.999703 -0.024070 -0.234365 -0.002516 0.024061 0.999707 15.762239
0.999943 0.002195 -0.010485 0.260059 -0.002464 0.999664 -0.025795 -0.235940 0.010425 0.025819 0.999612 15.905338
0.999638 0.001481 -0.026876 0.242761 -0.002222 0.999617 -0.027585 -0.240400 0.026825 0.027634 0.999258 16.066708
0.998932 0.002022 -0.046168 0.213948 -0.003346 0.999585 -0.028619 -0.244116 0.046091 0.028743 0.998524 16.240150
0.997690 0.002732 -0.067876 0.176940 -0.004651 0.999593 -0.028137 -0.249363 0.067772 0.028387 0.997297 16.422119
0.995784 0.003305 -0.091668 0.138938 -0.005773 0.999628 -0.026671 -0.255588 0.091545 0.027088 0.995432 16.617853
0.992962 0.004202 -0.118357 0.084787 -0.007219 0.999659 -0.025078 -0.263227 0.118211 0.025756 0.992654 16.827223
0.988876 0.005324 -0.148645 0.035866 -0.008813 0.999701 -0.022824 -0.273041 0.148479 0.023880 0.988627 17.029144
0.983327 0.005274 -0.181768 -0.027461 -0.008916 0.999775 -0.019225 -0.281739 0.181626 0.020525 0.983153 17.246649
0.975829 0.006299 -0.218443 -0.116576 -0.009861 0.999836 -0.015221 -0.288717 0.218311 0.017007 0.975731 17.491034
0.966062 0.008114 -0.258184 -0.209448 -0.011005 0.999892 -0.009755 -0.296447 0.258077 0.012266 0.966047 17.724873
0.954026 0.011830 -0.299489 -0.319992 -0.013932 0.999891 -0.004887 -0.300191 0.299399 0.008835 0.954087 17.967781
0.939780 0.015518 -0.341427 -0.449628 -0.016622 0.999862 -0.000307 -0.307304 0.341375 0.005964 0.939908 18.224121
0.922957 0.017688 -0.384498 -0.600321 -0.016913 0.999842 0.005396 -0.309308 0.384532 0.001523 0.923110 18.496798
0.903638 0.020674 -0.427798 -0.768813 -0.016701 0.999776 0.013039 -0.311518 0.427972 -0.004638 0.903780 18.773733
0.881784 0.025050 -0.470987 -0.957997 -0.017818 0.999645 0.019808 -0.316271 0.471316 -0.009074 0.881918 19.045820
0.857068 0.030066 -0.514326 -1.168788 -0.020441 0.999494 0.024365 -0.316844 0.514798 -0.010369 0.857249 19.307995
0.829117 0.033211 -0.558087 -1.391557 -0.021463 0.999389 0.027586 -0.313847 0.558663 -0.010894 0.829323 19.570292
0.798425 0.036729 -0.600973 -1.646106 -0.023942 0.999285 0.029265 -0.306590 0.601618 -0.008977 0.798734 19.834864
0.764756 0.039127 -0.643130 -1.922191 -0.024176 0.999194 0.032042 -0.296633 0.643866 -0.008956 0.765086 20.100630
0.727700 0.042849 -0.684556 -2.224509 -0.025124 0.999042 0.035826 -0.282305 0.685436 -0.008872 0.728079 20.371149
0.688730 0.043953 -0.723684 -2.547721 -0.022885 0.998981 0.038894 -0.269153 0.724657 -0.010226 0.689034 20.630026
0.647715 0.043578 -0.760635 -2.895778 -0.020014 0.998992 0.040191 -0.255136 0.761620 -0.010809 0.647934 20.889334
0.604627 0.042108 -0.795395 -3.261928 -0.014210 0.999013 0.042085 -0.241004 0.796382 -0.014143 0.604628 21.137682
0.559314 0.042125 -0.827885 -3.654101 -0.009367 0.998965 0.044502 -0.226212 0.828903 -0.017136 0.559129 21.378567
0.511956 0.043701 -0.857899 -4.068331 -0.007578 0.998896 0.046361 -0.208311 0.858978 -0.017234 0.511722 21.593559
0.461660 0.043246 -0.886002 -4.519918 -0.006243 0.998945 0.045506 -0.185023 0.887035 -0.015477 0.461443 21.797565
0.408636 0.041980 -0.911731 -5.008531 -0.000954 0.998961 0.045568 -0.160396 0.912697 -0.017751 0.408252 21.993149
0.354296 0.041045 -0.934232 -5.513743 0.004422 0.998952 0.045565 -0.136134 0.935123 -0.020275 0.353743 22.167063
0.299803 0.040036 -0.953161 -6.044454 0.007095 0.998998 0.044193 -0.110106 0.953975 -0.020012 0.299218 22.310051
0.246129 0.045729 -0.968158 -6.606615 0.008007 0.998756 0.049210 -0.079929 0.969204 -0.019864 0.245456 22.422041
0.194355 0.050803 -0.979615 -7.206347 0.011028 0.998482 0.053970 -0.050250 0.980869 -0.021293 0.193500 22.516083
0.145734 0.051989 -0.987957 -7.802959 0.016772 0.998345 0.055010 -0.023773 0.989182 -0.024587 0.144621 22.583960
0.101056 0.053401 -0.993447 -8.422557 0.019421 0.998262 0.055635 -0.000779 0.994691 -0.024916 0.099843 22.633257
0.060548 0.051602 -0.996831 -9.066978 0.019474 0.998412 0.052866 0.028649 0.997975 -0.022613 0.059447 22.650564
0.025005 0.047147 -0.998575 -9.729296 0.017222 0.998719 0.047585 0.065905 0.999539 -0.018387 0.024161 22.647230
-0.003595 0.047034 -0.998887 -10.410689 0.015150 0.998781 0.046974 0.101535 0.999879 -0.014965 -0.004303 22.626448
-0.024482 0.051109 -0.998393 -11.111566 0.013847 0.998614 0.050781 0.132773 0.999604 -0.012582 -0.025156 22.594893
-0.037236 0.056891 -0.997686 -11.834420 0.015757 0.998287 0.056337 0.169309 0.999182 -0.013623 -0.038069 22.563824
-0.045371 0.059595 -0.997191 -12.593601 0.015409 0.998142 0.058951 0.203194 0.998851 -0.012691 -0.046205 22.538221
-0.049434 0.056754 -0.997164 -13.375079 0.017138 0.998285 0.055968 0.240536 0.998630 -0.014323 -0.050322 22.514463
-0.048938 0.052881 -0.997401 -14.176054 0.025092 0.998347 0.051700 0.282063 0.998487 -0.022497 -0.050184 22.500671
-0.045145 0.051196 -0.997668 -15.001529 0.037338 0.998075 0.049527 0.328707 0.998282 -0.035015 -0.046970 22.504086
-0.040358 0.051146 -0.997875 -15.895063 0.038406 0.998030 0.049601 0.376596 0.998447 -0.036323 -0.042242 22.519602
-0.036072 0.049749 -0.998110 -16.818188 0.037079 0.998139 0.048410 0.416858 0.998661 -0.035263 -0.037849 22.529921
-0.034275 0.043213 -0.998478 -17.809505 0.041728 0.998255 0.041771 0.469673 0.998541 -0.040233 -0.036018 22.570248
-0.032577 0.032174 -0.998951 -18.724888 0.039902 0.998727 0.030866 0.512618 0.998672 -0.038854 -0.033820 22.557190
-0.032222 0.023725 -0.999199 -19.631275 0.031748 0.999238 0.022702 0.540008 0.998976 -0.030991 -0.032951 22.520880
-0.033820 0.020474 -0.999218 -20.552425 0.026127 0.999467 0.019595 0.572131 0.999086 -0.025444 -0.034336 22.483053
-0.037189 0.026526 -0.998956 -21.493853 0.016837 0.999522 0.025914 0.591056 0.999166 -0.015856 -0.037618 22.428480
-0.042110 0.034390 -0.998521 -22.478512 0.012046 0.999352 0.033910 0.618675 0.999040 -0.010600 -0.042497 22.378607
-0.046689 0.043920 -0.997943 -23.457319 0.010307 0.999001 0.043484 0.650209 0.998856 -0.008256 -0.047095 22.330311
-0.048487 0.053739 -0.997377 -24.468729 0.008927 0.998535 0.053368 0.690605 0.998784 -0.006316 -0.048895 22.283514
-0.049612 0.061414 -0.996879 -25.480339 0.011107 0.998080 0.060935 0.735684 0.998707 -0.008049 -0.050199 22.240488
-0.051205 0.062135 -0.996753 -26.492136 0.012128 0.998028 0.061591 0.786616 0.998614 -0.008935 -0.051858 22.197266
-0.053029 0.059308 -0.996830 -27.513115 0.010928 0.998209 0.058808 0.837726 0.998533 -0.007775 -0.053582 22.142838
-0.055906 0.054377 -0.996954 -28.535973 0.010628 0.998492 0.053865 0.884646 0.998379 -0.007585 -0.056400 22.088058
-0.060418 0.049099 -0.996965 -29.547974 0.010689 0.998764 0.048540 0.928625 0.998116 -0.007724 -0.060868 22.020390
-0.066230 0.044363 -0.996818 -30.584890 0.010770 0.998985 0.043744 0.968926 0.997746 -0.007838 -0.066640 21.954912
-0.072982 0.042457 -0.996429 -31.624332 0.010139 0.999073 0.041827 1.006317 0.997282 -0.007050 -0.073345 21.877729
-0.079459 0.044893 -0.995827 -32.666378 0.010471 0.998968 0.044199 1.042965 0.996783 -0.006916 -0.079847 21.796864
-0.085993 0.049672 -0.995057 -33.721130 0.008877 0.998755 0.049089 1.081588 0.996256 -0.004612 -0.086326 21.710846
-0.092173 0.052492 -0.994358 -34.788414 0.006007 0.998621 0.052161 1.124032 0.995725 -0.001166 -0.092362 21.613781
-0.096983 0.054542 -0.993790 -35.851727 0.002714 0.998508 0.054536 1.171266 0.995282 0.002592 -0.096987 21.508242
-0.099673 0.055604 -0.993465 -36.914742 -0.001920 0.998425 0.056074 1.218276 0.995018 0.007497 -0.099409 21.396666
-0.101284 0.056725 -0.993239 -37.990902 -0.005760 0.998323 0.057603 1.267500 0.994841 0.011556 -0.100787 21.283249
-0.102894 0.056048 -0.993112 -39.061211 -0.007324 0.998342 0.057102 1.317593 0.994665 0.013149 -0.102313 21.171928
-0.104301 0.055253 -0.993010 -40.128761 -0.007627 0.998382 0.056353 1.363722 0.994517 0.013451 -0.103711 21.061729
-0.105378 0.054215 -0.992953 -41.200558 -0.008976 0.998420 0.055466 1.415333 0.994392 0.014758 -0.104725 20.947433
-0.106332 0.053330 -0.992899 -42.287731 -0.011020 0.998436 0.054808 1.460003 0.994270 0.016769 -0.105578 20.828865
-0.107351 0.050673 -0.992929 -43.385479 -0.015628 0.998491 0.052646 1.506888 0.994098 0.021169 -0.106397 20.716557
-0.107730 0.045525 -0.993137 -44.473278 -0.021129 0.998621 0.048069 1.551609 0.993956 0.026162 -0.106620 20.596052
-0.107174 0.044776 -0.993232 -45.588081 -0.022631 0.998617 0.047460 1.594321 0.993983 0.027565 -0.106013 20.483980
-0.105483 0.048977 -0.993214 -46.703278 -0.023458 0.998386 0.051724 1.635088 0.994144 0.028755 -0.104164 20.365904
-0.103657 0.052102 -0.993248 -47.817455 -0.023607 0.998217 0.054826 1.679152 0.994333 0.029131 -0.102243 20.249311
-0.102034 0.051668 -0.993438 -48.931767 -0.021623 0.998299 0.054141 1.728987 0.994546 0.027005 -0.100743 20.133953
-0.099688 0.050518 -0.993736 -50.060623 -0.021496 0.998368 0.052910 1.784475 0.994787 0.026636 -0.098439 20.027411
-0.095819 0.050953 -0.994094 -51.197884 -0.025953 0.998222 0.053667 1.831299 0.995060 0.030942 -0.094326 19.919445
-0.090048 0.051726 -0.994593 -52.319225 -0.030929 0.998023 0.054704 1.877444 0.995457 0.035688 -0.088270 19.806437
-0.084092 0.051178 -0.995143 -53.457603 -0.034754 0.997922 0.054258 1.926552 0.995852 0.039148 -0.082139 19.700796
-0.078464 0.050261 -0.995649 -54.609455 -0.036301 0.997922 0.053236 1.975922 0.996256 0.040321 -0.076477 19.611000
-0.072521 0.049423 -0.996142 -55.747753 -0.035643 0.998005 0.052110 2.022972 0.996730 0.039284 -0.070615 19.524033
-0.067058 0.049062 -0.996542 -56.880814 -0.034110 0.998094 0.051434 2.069920 0.997166 0.037441 -0.065257 19.447792
-0.061215 0.049654 -0.996889 -58.025288 -0.033276 0.998105 0.051758 2.116982 0.997570 0.036341 -0.059447 19.365906
-0.054771 0.051196 -0.997186 -59.175644 -0.032320 0.998070 0.053016 2.165211 0.997976 0.035133 -0.053010 19.280149
-0.048913 0.052349 -0.997430 -60.332561 -0.033144 0.997990 0.054004 2.214530 0.998253 0.035700 -0.047079 19.211819
-0.043281 0.051460 -0.997737 -61.498219 -0.032815 0.998060 0.052900 2.263226 0.998524 0.035030 -0.041508 19.155642
-0.037768 0.047005 -0.998180 -62.660236 -0.032906 0.998293 0.048256 2.306343 0.998745 0.034668 -0.036157 19.095850
-0.033368 0.041784 -0.998569 -63.832748 -0.032578 0.998549 0.042871 2.344748 0.998912 0.033962 -0.031958 19.059242
-0.029416 0.041028 -0.998725 -65.008896 -0.032541 0.998588 0.041981 2.387444 0.999037 0.033734 -0.028039 19.021254
-0.025783 0.043436 -0.998723 -66.183113 -0.031979 0.998508 0.044253 2.422277 0.999156 0.033079 -0.024356 18.981707
-0.023701 0.042976 -0.998795 -67.361160 -0.032219 0.998524 0.043729 2.461036 0.999200 0.033217 -0.022281 18.951336
-0.022443 0.042257 -0.998855 -68.540726 -0.034398 0.998482 0.043014 2.508804 0.999156 0.035324 -0.020956 18.915972
-0.021734 0.043201 -0.998830 -69.742279 -0.035328 0.998409 0.043952 2.545151 0.999139 0.036242 -0.020173 18.891834
-0.020505 0.042706 -0.998877 -70.957901 -0.035935 0.998410 0.043423 2.585570 0.999144 0.036785 -0.018938 18.857080
-0.019009 0.040725 -0.998990 -72.170265 -0.036075 0.998492 0.041391 2.620700 0.999168 0.036825 -0.017511 18.822922
-0.017895 0.039440 -0.999062 -73.373474 -0.034210 0.998612 0.040035 2.659167 0.999254 0.034895 -0.016520 18.794512
-0.017121 0.039419 -0.999076 -74.585495 -0.030530 0.998736 0.039929 2.694175 0.999387 0.031185 -0.015896 18.768456
-0.016809 0.039955 -0.999060 -75.809036 -0.028108 0.998787 0.040417 2.732394 0.999464 0.028761 -0.015665 18.747105
-0.016475 0.042781 -0.998949 -77.027184 -0.027494 0.998687 0.043223 2.768025 0.999486 0.028177 -0.015277 18.721138
-0.016281 0.046405 -0.998790 -78.228386 -0.029567 0.998463 0.046872 2.804263 0.999430 0.030295 -0.014884 18.703018
-0.015716 0.046226 -0.998807 -79.423851 -0.031362 0.998416 0.046702 2.847352 0.999385 0.032059 -0.014242 18.684950
-0.015122 0.043838 -0.998924 -80.631805 -0.032556 0.998487 0.044312 2.893841 0.999355 0.033191 -0.013672 18.661512
-0.014780 0.041447 -0.999031 -81.838524 -0.032109 0.998606 0.041905 2.930895 0.999375 0.032697 -0.013428 18.647287
-0.014691 0.040811 -0.999059 -83.036720 -0.029901 0.998702 0.041236 2.964805 0.999445 0.030479 -0.013451 18.631443
-0.014677 0.042035 -0.999008 -84.239975 -0.028673 0.998687 0.042443 3.006123 0.999481 0.029268 -0.013452 18.620993
-0.014202 0.044744 -0.998898 -85.424660 -0.027864 0.998593 0.045126 3.039886 0.999511 0.028474 -0.012935 18.609833
-0.013568 0.047039 -0.998801 -86.617760 -0.028392 0.998472 0.047409 3.074672 0.999505 0.029001 -0.012212 18.592573
-0.012870 0.047144 -0.998805 -87.802559 -0.029675 0.998430 0.047508 3.112951 0.999477 0.030251 -0.011451 18.564188
-0.012576 0.044915 -0.998912 -88.982018 -0.029099 0.998551 0.045265 3.149961 0.999497 0.029637 -0.011251 18.557320
-0.012334 0.043512 -0.998977 -90.157936 -0.027878 0.998649 0.043842 3.186838 0.999535 0.028390 -0.011104 18.546417
-0.012044 0.044550 -0.998935 -91.327240 -0.026503 0.998642 0.044856 3.220336 0.999576 0.027015 -0.010847 18.528585
-0.011790 0.047391 -0.998807 -92.514870 -0.024060 0.998574 0.047664 3.257487 0.999641 0.024593 -0.010633 18.523968
-0.011457 0.049654 -0.998701 -93.692055 -0.023154 0.998485 0.049909 3.300773 0.999666 0.023696 -0.010290 18.513432
-0.010428 0.051348 -0.998626 -94.853889 -0.023863 0.998384 0.051584 3.341651 0.999661 0.024368 -0.009186 18.485348
-0.010141 0.053014 -0.998542 -96.023018 -0.026315 0.998234 0.053265 3.386697 0.999602 0.026817 -0.008728 18.477512
-0.009518 0.052181 -0.998592 -97.177780 -0.028343 0.998222 0.052431 3.428315 0.999553 0.028802 -0.008022 18.459116
-0.009346 0.048028 -0.998802 -98.333244 -0.030426 0.998370 0.048292 3.470503 0.999493 0.030841 -0.007870 18.447550
-0.009152 0.046186 -0.998891 -99.483383 -0.031197 0.998433 0.046451 3.508819 0.999471 0.031588 -0.007697 18.439825
-0.009042 0.044355 -0.998975 -100.635101 -0.031307 0.998513 0.044618 3.546916 0.999469 0.031678 -0.007640 18.430002
-0.009398 0.044495 -0.998965 -101.782112 -0.029811 0.998553 0.044757 3.586706 0.999511 0.030201 -0.008058 18.437407
-0.009233 0.046449 -0.998878 -102.948235 -0.029523 0.998472 0.046703 3.629075 0.999521 0.029921 -0.007847 18.422354
-0.009257 0.048416 -0.998784 -104.132744 -0.028343 0.998413 0.048660 3.671323 0.999555 0.028759 -0.007870 18.421209
-0.009626 0.047117 -0.998843 -105.279099 -0.032201 0.998357 0.047405 3.715053 0.999435 0.032620 -0.008093 18.402697
-0.010177 0.048157 -0.998788 -106.443542 -0.036242 0.998166 0.048496 3.758234 0.999291 0.036692 -0.008413 18.390350
-0.010264 0.047165 -0.998834 -107.615509 -0.039321 0.998095 0.047534 3.800929 0.999174 0.039763 -0.008390 18.375141
-0.010758 0.043369 -0.999001 -108.781235 -0.040136 0.998235 0.043768 3.837947 0.999136 0.040567 -0.008999 18.362453
-0.011678 0.039183 -0.999164 -109.975754 -0.040378 0.998398 0.039625 3.884307 0.999116 0.040807 -0.010077 18.352406
-0.012950 0.038261 -0.999184 -111.170303 -0.036470 0.998585 0.038711 3.914540 0.999251 0.036942 -0.011536 18.350473
-0.013438 0.037429 -0.999209 -112.370789 -0.032135 0.998767 0.037844 3.950994 0.999393 0.032618 -0.012219 18.333897
-0.014481 0.039094 -0.999131 -113.580666 -0.031623 0.998718 0.039536 3.989290 0.999395 0.032168 -0.013227 18.334377
-0.015626 0.043090 -0.998949 -114.796768 -0.030709 0.998579 0.043555 4.022703 0.999406 0.031357 -0.014281 18.324713
-0.016462 0.043225 -0.998930 -116.016777 -0.029179 0.998619 0.043692 4.059930 0.999439 0.029867 -0.015178 18.315990
-0.017129 0.038528 -0.999111 -117.236633 -0.029244 0.998810 0.039018 4.104312 0.999426 0.029886 -0.015982 18.297461
-0.018244 0.034800 -0.999228 -118.470871 -0.029231 0.998948 0.035323 4.138367 0.999406 0.029853 -0.017207 18.282372
-0.019244 0.033485 -0.999254 -119.706894 -0.028144 0.999025 0.034019 4.165168 0.999419 0.028778 -0.018282 18.258875
-0.019993 0.034674 -0.999199 -120.966850 -0.030185 0.998922 0.035268 4.196620 0.999344 0.030866 -0.018925 18.237946
-0.020307 0.039210 -0.999025 -122.225334 -0.035078 0.998588 0.039905 4.231237 0.999178 0.035854 -0.018903 18.198816
-0.020676 0.042482 -0.998883 -123.497124 -0.040382 0.998246 0.043291 4.266030 0.998970 0.041232 -0.018924 18.167814
-0.020611 0.042165 -0.998898 -124.765900 -0.047621 0.997935 0.043106 4.307400 0.998653 0.048457 -0.018561 18.126423
-0.020359 0.040138 -0.998987 -126.027527 -0.050814 0.997861 0.041128 4.343790 0.998501 0.051600 -0.018276 18.089764
-0.020804 0.038745 -0.999033 -127.303749 -0.053086 0.997796 0.039803 4.382800 0.998373 0.053863 -0.018701 18.057392
-0.021569 0.038107 -0.999041 -128.581970 -0.053018 0.997824 0.039205 4.415337 0.998361 0.053813 -0.019501 18.034237
-0.022245 0.037248 -0.999058 -129.845627 -0.050690 0.997978 0.038336 4.441904 0.998467 0.051495 -0.020312 18.009829
-0.022757 0.037872 -0.999023 -131.105835 -0.051276 0.997923 0.038999 4.471431 0.998425 0.052113 -0.020767 17.980585
-0.023531 0.043060 -0.998795 -132.352509 -0.051238 0.997707 0.044221 4.501101 0.998409 0.052216 -0.021270 17.950293
-0.024156 0.047249 -0.998591 -133.623474 -0.050121 0.997569 0.048413 4.536429 0.998451 0.051220 -0.021729 17.916481
-0.024281 0.045768 -0.998657 -134.881912 -0.050414 0.997624 0.046947 4.580338 0.998433 0.051486 -0.021916 17.890631
-0.023797 0.044253 -0.998737 -136.137711 -0.050279 0.997703 0.045405 4.625355 0.998452 0.051296 -0.021518 17.871023
-0.022904 0.043636 -0.998785 -137.397797 -0.049084 0.997793 0.044718 4.663158 0.998532 0.050048 -0.020711 17.852827
-0.022108 0.042766 -0.998840 -138.663513 -0.049246 0.997825 0.043813 4.706934 0.998542 0.050158 -0.019954 17.835091
-0.021640 0.044770 -0.998763 -139.929703 -0.049516 0.997723 0.045796 4.747515 0.998539 0.050446 -0.019374 17.817867
-0.020970 0.048246 -0.998615 -141.189728 -0.050416 0.997513 0.049251 4.794189 0.998508 0.051379 -0.018485 17.801332
-0.020106 0.049087 -0.998592 -142.447433 -0.052402 0.997369 0.050082 4.842999 0.998424 0.053335 -0.017481 17.792440
-0.019737 0.046157 -0.998739 -143.707520 -0.054697 0.997388 0.047176 4.891063 0.998308 0.055559 -0.017161 17.782454
-0.020062 0.042932 -0.998877 -144.960678 -0.053357 0.997608 0.043950 4.933997 0.998374 0.054179 -0.017723 17.776220
-0.020568 0.041121 -0.998942 -146.214081 -0.050584 0.997831 0.042117 4.976692 0.998508 0.051396 -0.018444 17.772888
-0.021520 0.040397 -0.998952 -147.473434 -0.049184 0.997931 0.041415 5.014916 0.998558 0.050024 -0.019489 17.778601
-0.022333 0.040492 -0.998930 -148.709473 -0.046586 0.998052 0.041498 5.055392 0.998665 0.047463 -0.020403 17.781155
-0.022994 0.038832 -0.998981 -149.926620 -0.044664 0.998208 0.039830 5.091455 0.998737 0.045534 -0.021219 17.772285
-0.023382 0.038665 -0.998979 -151.157776 -0.044070 0.998241 0.039668 5.137285 0.998755 0.044953 -0.021637 17.767015
-0.023662 0.041206 -0.998870 -152.379425 -0.041701 0.998240 0.042168 5.173740 0.998850 0.042652 -0.021902 17.749187
-0.024157 0.042519 -0.998804 -153.617905 -0.039245 0.998285 0.043446 5.212256 0.998938 0.040247 -0.022447 17.735846
-0.025047 0.040820 -0.998853 -154.883545 -0.037201 0.998436 0.041735 5.253481 0.998994 0.038203 -0.023490 17.747561
-0.025975 0.040897 -0.998826 -156.124481 -0.038367 0.998386 0.041877 5.295527 0.998926 0.039410 -0.024364 17.729683
-0.026467 0.045180 -0.998628 -157.376160 -0.039514 0.998150 0.046205 5.347814 0.998868 0.040682 -0.024633 17.728035
-0.026875 0.051430 -0.998315 -158.603775 -0.044887 0.997606 0.052602 5.397522 0.998631 0.046225 -0.024502 17.715210
-0.026244 0.051020 -0.998353 -159.847168 -0.049365 0.997412 0.052270 5.451657 0.998436 0.050655 -0.023657 17.702625
-0.025046 0.046981 -0.998582 -161.089966 -0.053207 0.997417 0.048261 5.502463 0.998269 0.054341 -0.022482 17.672934
-0.023805 0.041261 -0.998865 -162.326599 -0.055103 0.997575 0.042520 5.548062 0.998197 0.056052 -0.021473 17.652386
-0.023250 0.039488 -0.998950 -163.577713 -0.057628 0.997505 0.040772 5.587058 0.998067 0.058515 -0.020917 17.635069
-0.022453 0.036300 -0.999089 -164.822342 -0.052346 0.997927 0.037434 5.615518 0.998377 0.053139 -0.020506 17.624006
-0.022453 0.031933 -0.999238 -166.075806 -0.048884 0.998259 0.033000 5.645719 0.998552 0.049588 -0.020853 17.604078
-0.022771 0.028658 -0.999330 -167.311615 -0.042783 0.998645 0.029613 5.668914 0.998825 0.043429 -0.021514 17.583521
-0.024396 0.031472 -0.999207 -168.530991 -0.040495 0.998653 0.032444 5.698555 0.998882 0.041255 -0.023088 17.574146
-0.023840 0.037525 -0.999011 -169.758469 -0.041291 0.998406 0.038488 5.730251 0.998863 0.042167 -0.022252 17.547386
-0.022164 0.040542 -0.998932 -170.978394 -0.043109 0.998209 0.041469 5.764871 0.998824 0.043982 -0.020377 17.508581
-0.020656 0.037197 -0.999094 -172.193451 -0.044051 0.998303 0.038078 5.795469 0.998816 0.044797 -0.018983 17.491417
-0.020283 0.037140 -0.999104 -173.435562 -0.046297 0.998203 0.038046 5.830368 0.998722 0.047027 -0.018527 17.472271
-0.019878 0.038199 -0.999072 -174.691879 -0.044668 0.998238 0.039056 5.861580 0.998804 0.045403 -0.018137 17.464790
-0.019162 0.036204 -0.999161 -175.905518 -0.044884 0.998305 0.037034 5.890106 0.998808 0.045556 -0.017504 17.432837
-0.017570 0.034722 -0.999243 -177.080414 -0.045146 0.998350 0.035485 5.915690 0.998826 0.045735 -0.015974 17.407562
-0.015911 0.036455 -0.999209 -178.232590 -0.046714 0.998217 0.037162 5.938998 0.998782 0.047269 -0.014180 17.383204
-0.014715 0.038369 -0.999155 -179.344040 -0.046906 0.998137 0.039020 5.957294 0.998791 0.047440 -0.012887 17.364601
-0.014275 0.039746 -0.999108 -180.432327 -0.047827 0.998039 0.040387 5.977296 0.998754 0.048361 -0.012346 17.344185
-0.014339 0.040998 -0.999056 -181.503494 -0.048320 0.997963 0.041646 5.995350 0.998729 0.048872 -0.012328 17.335646
-0.014862 0.041862 -0.999013 -182.550797 -0.047535 0.997964 0.042525 6.015903 0.998759 0.048120 -0.012842 17.336126
-0.014865 0.040986 -0.999049 -183.562668 -0.047726 0.997992 0.041653 6.035417 0.998750 0.048300 -0.012879 17.333767
-0.013893 0.040874 -0.999068 -184.524078 -0.048485 0.997961 0.041503 6.051706 0.998727 0.049016 -0.011883 17.331579
-0.012509 0.041697 -0.999052 -185.457748 -0.049283 0.997890 0.042265 6.069356 0.998707 0.049765 -0.010428 17.315638
-0.013429 0.040091 -0.999106 -186.380295 -0.047855 0.998025 0.040691 6.085703 0.998764 0.048358 -0.011484 17.311157
-0.016950 0.037048 -0.999170 -187.301575 -0.045758 0.998237 0.037790 6.102510 0.998809 0.046361 -0.015225 17.308983
-0.021900 0.033341 -0.999204 -188.211411 -0.045927 0.998355 0.034320 6.123215 0.998705 0.046642 -0.020332 17.293066
-0.026680 0.030206 -0.999188 -189.124680 -0.047548 0.998374 0.031451 6.138971 0.998513 0.048348 -0.025200 17.260849
-0.030521 0.029293 -0.999105 -190.032700 -0.049537 0.998298 0.030782 6.155488 0.998306 0.050432 -0.029018 17.229061
-0.033232 0.030134 -0.998993 -190.937943 -0.051379 0.998172 0.031818 6.163228 0.998126 0.052385 -0.031623 17.193480
-0.035419 0.031842 -0.998865 -191.851273 -0.050256 0.998171 0.033602 6.178263 0.998108 0.051389 -0.033754 17.169943
-0.037137 0.033311 -0.998755 -192.771652 -0.047383 0.998261 0.035056 6.195333 0.998186 0.048626 -0.035494 17.146233
-0.038650 0.033934 -0.998676 -193.690933 -0.045769 0.998314 0.035693 6.210128 0.998204 0.047088 -0.037032 17.116995
-0.039486 0.032729 -0.998684 -194.598114 -0.046180 0.998336 0.034543 6.228630 0.998152 0.047483 -0.037909 17.074646
-0.039967 0.031361 -0.998709 -195.509186 -0.048152 0.998286 0.033275 6.251892 0.998040 0.049420 -0.038388 17.029696
-0.039885 0.030635 -0.998735 -196.419998 -0.051694 0.998128 0.032681 6.268567 0.997866 0.052932 -0.038227 16.988407
-0.038724 0.028828 -0.998834 -197.336502 -0.054207 0.998051 0.030907 6.285066 0.997779 0.055340 -0.037085 16.936846
-0.037620 0.026089 -0.998951 -198.260117 -0.054301 0.998129 0.028113 6.301856 0.997816 0.055302 -0.036133 16.894793
-0.037190 0.023422 -0.999034 -199.188354 -0.054039 0.998215 0.025414 6.318270 0.997846 0.054932 -0.035858 16.860657
-0.036395 0.022951 -0.999074 -200.123276 -0.053967 0.998232 0.024897 6.333909 0.997879 0.054823 -0.035092 16.819433
-0.035774 0.025678 -0.999030 -201.074509 -0.051000 0.998320 0.027486 6.349396 0.998058 0.051933 -0.034405 16.782261
-0.035888 0.027030 -0.998990 -202.020584 -0.050420 0.998312 0.028823 6.360285 0.998083 0.051403 -0.034465 16.752132
-0.034985 0.023515 -0.999111 -202.966568 -0.045145 0.998665 0.025086 6.372491 0.998368 0.045982 -0.033876 16.721424
-0.034710 0.020101 -0.999195 -203.913605 -0.043536 0.998818 0.021605 6.389937 0.998449 0.044251 -0.033794 16.687464
-0.033849 0.020379 -0.999219 -204.868286 -0.047947 0.998608 0.021991 6.406662 0.998276 0.048654 -0.032825 16.645914
-0.032244 0.024331 -0.999184 -205.841919 -0.049074 0.998459 0.025897 6.419637 0.998275 0.049869 -0.031001 16.610693
-0.030311 0.023779 -0.999258 -206.812439 -0.046418 0.998605 0.025172 6.432514 0.998462 0.047146 -0.029165 16.587736
-0.028176 0.024961 -0.999291 -207.791519 -0.045050 0.998641 0.026215 6.451729 0.998587 0.045756 -0.027013 16.566818
-0.026466 0.029849 -0.999204 -208.782104 -0.045303 0.998491 0.031027 6.467599 0.998623 0.046088 -0.025073 16.545422
-0.024897 0.033947 -0.999114 -209.788269 -0.042040 0.998504 0.034974 6.486546 0.998806 0.042874 -0.023432 16.531864
-0.023704 0.034125 -0.999136 -210.793640 -0.041630 0.998517 0.035092 6.517091 0.998852 0.042426 -0.022248 16.517412
-0.021360 0.034695 -0.999170 -211.814758 -0.044790 0.998361 0.035624 6.545049 0.998768 0.045514 -0.019771 16.494503
-0.018531 0.036226 -0.999172 -212.852325 -0.047368 0.998189 0.037069 6.574489 0.998706 0.048016 -0.016781 16.484032
-0.015127 0.036119 -0.999233 -213.888733 -0.048305 0.998154 0.036811 6.605306 0.998718 0.048825 -0.013354 16.474388
-0.012414 0.033546 -0.999360 -214.927338 -0.051526 0.998088 0.034144 6.630308 0.998595 0.051917 -0.010662 16.469473
-0.009844 0.030197 -0.999496 -215.964859 -0.050849 0.998236 0.030659 6.656237 0.998658 0.051125 -0.008291 16.469416
-0.008338 0.029243 -0.999538 -216.994431 -0.049639 0.998328 0.029621 6.676512 0.998732 0.049863 -0.006873 16.467911
-0.007091 0.031235 -0.999487 -218.040085 -0.050515 0.998225 0.031554 6.703367 0.998698 0.050712 -0.005501 16.473064
-0.006211 0.034350 -0.999391 -219.090942 -0.052595 0.998015 0.034630 6.727560 0.998597 0.052778 -0.004392 16.478193
-0.004965 0.033947 -0.999411 -220.143768 -0.052392 0.998042 0.034161 6.749804 0.998614 0.052531 -0.003177 16.480417
-0.004203 0.031080 -0.999508 -221.196320 -0.051341 0.998192 0.031255 6.776513 0.998672 0.051447 -0.002600 16.486160
-0.004717 0.027996 -0.999597 -222.265915 -0.048526 0.998424 0.028192 6.796740 0.998811 0.048639 -0.003351 16.502647
-0.005314 0.027056 -0.999620 -223.330276 -0.046897 0.998527 0.027276 6.810125 0.998886 0.047024 -0.004038 16.509239
-0.005362 0.026001 -0.999647 -224.403091 -0.047416 0.998531 0.026227 6.827226 0.998861 0.047540 -0.004121 16.506599
-0.005499 0.025951 -0.999648 -225.506760 -0.047204 0.998542 0.026182 6.844289 0.998870 0.047331 -0.004266 16.515329
-0.005855 0.026649 -0.999628 -226.601898 -0.049345 0.998419 0.026906 6.862544 0.998765 0.049484 -0.004530 16.509630
-0.006285 0.028645 -0.999570 -227.724289 -0.050425 0.998309 0.028925 6.888449 0.998708 0.050585 -0.004830 16.500057
-0.007969 0.030184 -0.999513 -228.876526 -0.050754 0.998244 0.030550 6.910885 0.998679 0.050972 -0.006424 16.523060
-0.008940 0.031770 -0.999455 -230.029037 -0.051931 0.998132 0.032192 6.937265 0.998611 0.052191 -0.007273 16.520638
-0.010534 0.032957 -0.999401 -231.197021 -0.053829 0.997989 0.033477 6.953522 0.998495 0.054150 -0.008739 16.527605
-0.012372 0.031411 -0.999430 -232.362442 -0.056105 0.997910 0.032058 6.981881 0.998348 0.056469 -0.010583 16.530090
-0.013630 0.026716 -0.999550 -233.516983 -0.054681 0.998127 0.027423 7.006866 0.998411 0.055030 -0.012144 16.514635
-0.014997 0.020605 -0.999675 -234.682144 -0.051277 0.998456 0.021349 7.022321 0.998572 0.051580 -0.013918 16.498064
-0.017033 0.016203 -0.999724 -235.852707 -0.046432 0.998777 0.016979 7.033786 0.998776 0.046709 -0.016259 16.482914
-0.019696 0.016455 -0.999671 -237.050369 -0.040085 0.999048 0.017234 7.041979 0.999002 0.040412 -0.019017 16.475563
-0.022155 0.020369 -0.999547 -238.254898 -0.035483 0.999147 0.021147 7.053227 0.999125 0.035935 -0.021414 16.457821
-0.024660 0.022757 -0.999437 -239.466782 -0.033466 0.999162 0.023576 7.069572 0.999136 0.034029 -0.023877 16.437223
-0.026713 0.022074 -0.999399 -240.668716 -0.031857 0.999230 0.022922 7.085805 0.999135 0.032450 -0.025989 16.407135
-0.029029 0.022647 -0.999322 -241.890228 -0.031837 0.999215 0.023569 7.102934 0.999071 0.032499 -0.028286 16.373259
-0.031289 0.024180 -0.999218 -243.119110 -0.030923 0.999205 0.025148 7.117000 0.999032 0.031685 -0.030516 16.343023
-0.033542 0.023843 -0.999153 -244.350189 -0.030163 0.999236 0.024857 7.132115 0.998982 0.030971 -0.032797 16.297499
-0.035968 0.022407 -0.999102 -245.590302 -0.030075 0.999272 0.023493 7.146564 0.998900 0.030893 -0.035268 16.254585
-0.038391 0.021982 -0.999021 -246.839310 -0.030039 0.999281 0.023142 7.165905 0.998811 0.030898 -0.037703 16.210167
-0.040939 0.023031 -0.998896 -248.086029 -0.030361 0.999244 0.024283 7.179429 0.998700 0.031322 -0.040209 16.165159
-0.043395 0.023340 -0.998785 -249.339371 -0.030497 0.999230 0.024676 7.194358 0.998592 0.031531 -0.042649 16.117376
-0.045865 0.024338 -0.998651 -250.607651 -0.031824 0.999160 0.025812 7.211951 0.998441 0.032965 -0.045052 16.059000
-0.048220 0.026131 -0.998495 -251.891861 -0.033825 0.999042 0.027779 7.226127 0.998264 0.035113 -0.047290 15.992406
-0.049750 0.026824 -0.998401 -253.166153 -0.035621 0.998956 0.028614 7.245476 0.998126 0.036988 -0.048742 15.929081
-0.050985 0.026909 -0.998337 -254.454453 -0.038433 0.998844 0.028886 7.266712 0.997960 0.039842 -0.049892 15.876488
-0.051020 0.026871 -0.998336 -255.740051 -0.038838 0.998828 0.028869 7.290161 0.997942 0.040246 -0.049917 15.813930
-0.051317 0.025697 -0.998352 -257.007782 -0.038088 0.998891 0.027669 7.308208 0.997956 0.039445 -0.050282 15.758375
-0.051383 0.024553 -0.998377 -258.266785 -0.035431 0.999024 0.026392 7.326165 0.998050 0.036730 -0.050463 15.699477
-0.051911 0.024269 -0.998357 -259.537079 -0.034066 0.999080 0.026058 7.341729 0.998070 0.035363 -0.051036 15.643607
-0.052062 0.024713 -0.998338 -260.800018 -0.033927 0.999073 0.026500 7.356052 0.998067 0.035251 -0.051175 15.577146
-0.051678 0.024515 -0.998363 -262.071411 -0.033259 0.999102 0.026254 7.374415 0.998110 0.034562 -0.050816 15.508574
-0.051439 0.025303 -0.998356 -263.334900 -0.032773 0.999098 0.027010 7.388045 0.998138 0.034109 -0.050563 15.440930
-0.051416 0.026226 -0.998333 -264.592896 -0.030203 0.999157 0.027803 7.403329 0.998221 0.031582 -0.050581 15.375683
-0.051635 0.028581 -0.998257 -265.855194 -0.025859 0.999217 0.029946 7.422514 0.998331 0.027360 -0.050855 15.313744
-0.051670 0.032033 -0.998150 -267.123810 -0.022638 0.999191 0.033238 7.443249 0.998408 0.024313 -0.050903 15.248781
-0.051459 0.034383 -0.998083 -268.383698 -0.020644 0.999157 0.035484 7.467897 0.998462 0.022431 -0.050705 15.179644
-0.051435 0.032672 -0.998142 -269.633423 -0.021017 0.999208 0.033790 7.494583 0.998455 0.022716 -0.050708 15.118399
-0.051446 0.030891 -0.998198 -270.868134 -0.023209 0.999215 0.032118 7.524630 0.998406 0.024820 -0.050689 15.055240
-0.051687 0.033757 -0.998093 -272.102448 -0.028970 0.998957 0.035286 7.549902 0.998243 0.030738 -0.050655 14.982720
-0.051850 0.039590 -0.997870 -273.361450 -0.034388 0.998551 0.041403 7.579974 0.998063 0.036462 -0.050413 14.916694
-0.051540 0.038743 -0.997919 -274.595001 -0.038432 0.998430 0.040748 7.614966 0.997931 0.040452 -0.049970 14.846774
-0.051315 0.031734 -0.998178 -275.820190 -0.037801 0.998717 0.033695 7.648457 0.997967 0.039461 -0.050049 14.788103
-0.051772 0.026175 -0.998316 -277.060760 -0.034807 0.999002 0.027998 7.673709 0.998052 0.036198 -0.050809 14.722158
-0.051766 0.025334 -0.998338 -278.306976 -0.028666 0.999229 0.026843 7.692539 0.998248 0.030008 -0.051000 14.664517
-0.050632 0.026840 -0.998357 -279.544312 -0.025325 0.999283 0.028149 7.709719 0.998396 0.026709 -0.049916 14.598764
-0.048822 0.028875 -0.998390 -280.780090 -0.024478 0.999247 0.030096 7.728271 0.998508 0.025908 -0.048078 14.531899
-0.047720 0.031109 -0.998376 -282.024109 -0.025713 0.999145 0.032362 7.752131 0.998530 0.027216 -0.046879 14.467587
-0.046542 0.032377 -0.998392 -283.254303 -0.026762 0.999075 0.033646 7.774479 0.998558 0.028285 -0.045633 14.396247
-0.045300 0.033251 -0.998420 -284.488892 -0.027919 0.999013 0.034537 7.801130 0.998583 0.029439 -0.044327 14.325705
-0.044625 0.032249 -0.998483 -285.731506 -0.027669 0.999056 0.033505 7.829871 0.998621 0.029122 -0.043691 14.268916
-0.044152 0.030363 -0.998563 -286.950806 -0.028539 0.999092 0.031641 7.857505 0.998617 0.029895 -0.043245 14.203812
-0.043771 0.029114 -0.998617 -288.168945 -0.028547 0.999131 0.030381 7.878811 0.998634 0.029838 -0.042902 14.147163
-0.043837 0.028754 -0.998625 -289.387878 -0.028721 0.999136 0.030029 7.898723 0.998626 0.029998 -0.042973 14.099606
-0.043477 0.028424 -0.998650 -290.605438 -0.029091 0.999135 0.029704 7.920075 0.998631 0.030343 -0.042612 14.043937
-0.043366 0.028542 -0.998652 -291.827362 -0.029656 0.999115 0.029843 7.941318 0.998619 0.030910 -0.042481 13.993705
-0.043300 0.028561 -0.998654 -293.055939 -0.029341 0.999124 0.029847 7.964885 0.998631 0.030594 -0.042424 13.942404
-0.043596 0.026777 -0.998690 -294.277069 -0.029133 0.999182 0.028062 7.986180 0.998624 0.030318 -0.042780 13.897011
-0.043741 0.024106 -0.998752 -295.519928 -0.029123 0.999253 0.025393 8.005334 0.998618 0.030198 -0.043006 13.845411
-0.044019 0.021197 -0.998806 -296.759430 -0.029981 0.999297 0.022528 8.021118 0.998581 0.030937 -0.043352 13.788958
-0.044647 0.019472 -0.998813 -298.017487 -0.032077 0.999267 0.020914 8.040052 0.998488 0.032973 -0.043989 13.744382
-0.044687 0.019394 -0.998813 -299.251556 -0.035318 0.999156 0.020981 8.050937 0.998377 0.036214 -0.043964 13.672972
-0.045054 0.020424 -0.998776 -300.492279 -0.038759 0.999002 0.022177 8.060631 0.998232 0.039711 -0.044218 13.617116
-0.045702 0.021059 -0.998733 -301.752960 -0.042489 0.998832 0.023005 8.079093 0.998051 0.043486 -0.044753 13.570280
-0.046099 0.020938 -0.998717 -303.002075 -0.044008 0.998767 0.022971 8.091786 0.997967 0.045011 -0.045121 13.515042
-0.046544 0.018447 -0.998746 -304.246155 -0.044159 0.998814 0.020506 8.112653 0.997940 0.045059 -0.045674 13.461773
-0.047352 0.016137 -0.998748 -305.510132 -0.042004 0.998953 0.018132 8.123195 0.997995 0.042810 -0.046624 13.413796
-0.048468 0.015626 -0.998702 -306.780273 -0.039316 0.999073 0.017540 8.134155 0.998051 0.040115 -0.047809 13.365490
-0.049159 0.017455 -0.998638 -308.045624 -0.037464 0.999111 0.019307 8.145364 0.998088 0.038362 -0.048461 13.304491
-0.049580 0.018561 -0.998598 -309.310181 -0.036131 0.999140 0.020365 8.153901 0.998116 0.037090 -0.048867 13.241597
-0.049868 0.017686 -0.998599 -310.562561 -0.037389 0.999109 0.019562 8.165647 0.998056 0.038312 -0.049162 13.171558
-0.049534 0.016085 -0.998643 -311.819153 -0.038665 0.999090 0.018010 8.174282 0.998024 0.039505 -0.048867 13.102229
-0.048539 0.015904 -0.998695 -313.086212 -0.038373 0.999105 0.017776 8.178450 0.998084 0.039186 -0.047885 13.033744
-0.047463 0.015350 -0.998755 -314.354340 -0.036709 0.999180 0.017101 8.183979 0.998198 0.037475 -0.046861 12.971441
