1.000000 0.000000 0.000000 0.000000 0.000000 1.000000 0.000000 0.000000 0.000000 0.000000 1.000000 0.000000
0.999931 -0.002778 0.011418 0.018469 0.002767 0.999996 0.001060 -0.001496 -0.011421 -0.001028 0.999934 0.300429
0.999824 -0.005035 0.018081 0.031411 0.005020 0.999987 0.000882 -0.001564 -0.018085 -0.000791 0.999836 0.595325
0.999771 -0.007708 0.019959 0.045019 0.007718 0.999970 -0.000459 -0.001529 -0.019955 0.000613 0.999801 0.899656
0.999805 -0.009045 0.017534 0.056893 0.009084 0.999956 -0.002191 -0.000078 -0.017513 0.002350 0.999844 1.209443
0.999874 -0.011674 0.010746 0.060880 0.011715 0.999924 -0.003711 0.001106 -0.010702 0.003837 0.999935 1.535023
0.999910 -0.013208 -0.002135 0.064640 0.013196 0.999898 -0.005442 -0.003603 0.002207 0.005414 0.999983 1.854955
0.999736 -0.012493 -0.019258 0.055021 0.012381 0.999906 -0.005914 -0.004833 0.019330 0.005674 0.999797 2.190831
0.999204 -0.007959 -0.039082 0.031283 0.007741 0.999954 -0.005741 -0.011273 0.039126 0.005434 0.999220 2.539858
0.998211 -0.004316 -0.059629 0.002979 0.003927 0.999970 -0.006633 -0.018838 0.059655 0.006387 0.998199 2.906098
0.996723 -0.004214 -0.080781 -0.022820 0.003672 0.999970 -0.006850 -0.023739 0.080808 0.006531 0.996708 3.283852
0.994789 -0.005550 -0.101807 -0.073291 0.004982 0.999971 -0.005831 -0.031588 0.101837 0.005294 0.994787 3.665078
0.992514 -0.006774 -0.121941 -0.124962 0.006259 0.999970 -0.004606 -0.041043 0.121969 0.003808 0.992527 4.052056
0.990175 -0.005761 -0.139717 -0.196399 0.005235 0.999978 -0.004138 -0.043303 0.139737 0.003366 0.990183 4.446249
0.987777 -0.004585 -0.155807 -0.264777 0.004029 0.999984 -0.003885 -0.043131 0.155822 0.003210 0.987780 4.856815
0.985635 -0.003864 -0.168844 -0.356288 0.003256 0.999987 -0.003874 -0.051443 0.168857 0.003269 0.985635 5.276857
0.983374 -0.005491 -0.181511 -0.432105 0.004780 0.999979 -0.004357 -0.061124 0.181531 0.003417 0.983379 5.712793
0.981463 -0.009355 -0.191422 -0.518888 0.008354 0.999947 -0.006034 -0.076670 0.191469 0.004324 0.981489 6.163490
0.979843 -0.008549 -0.199584 -0.613181 0.007087 0.999943 -0.008039 -0.082246 0.199642 0.006462 0.979848 6.633330
0.978298 -0.008314 -0.207035 -0.718898 0.006389 0.999930 -0.009963 -0.085536 0.207103 0.008424 0.978283 7.117690
0.976598 -0.008912 -0.214888 -0.826769 0.006283 0.999897 -0.012913 -0.093683 0.214981 0.011261 0.976553 7.602652
0.974696 -0.013119 -0.223151 -0.925668 0.010172 0.999845 -0.014351 -0.110305 0.223305 0.011718 0.974678 8.103624
0.972912 -0.019434 -0.230355 -1.044397 0.016302 0.999747 -0.015491 -0.124626 0.230598 0.011316 0.972983 8.610273
0.970680 -0.020323 -0.239515 -1.162945 0.016504 0.999703 -0.017941 -0.140102 0.239808 0.013462 0.970727 9.141449
0.968596 -0.015742 -0.248141 -1.301730 0.010571 0.999699 -0.022159 -0.153822 0.248415 0.018840 0.968471 9.670667
0.966283 -0.012846 -0.257161 -1.440745 0.006590 0.999661 -0.025173 -0.172153 0.257397 0.022629 0.966041 10.205682
0.964013 -0.015669 -0.265391 -1.589561 0.008948 0.999608 -0.026516 -0.198804 0.265703 0.023187 0.963776 10.750666
0.961521 -0.018718 -0.274092 -1.734307 0.011338 0.999530 -0.028484 -0.224248 0.274497 0.024281 0.961281 11.306929
0.959217 -0.018123 -0.282088 -1.900413 0.009690 0.999464 -0.031262 -0.242423 0.282503 0.027253 0.958879 11.878642
0.956660 -0.017423 -0.290685 -2.073712 0.007778 0.999381 -0.034303 -0.274645 0.291103 0.030555 0.956204 12.471519
0.954179 -0.018257 -0.298680 -2.248282 0.006778 0.999200 -0.039423 -0.305712 0.299160 0.035592 0.953539 13.074706
0.952263 -0.019800 -0.304637 -2.439834 0.005700 0.998874 -0.047105 -0.334851 0.305227 0.043120 0.951303 13.694868
0.951005 -0.020398 -0.308501 -2.646598 0.003479 0.998464 -0.055293 -0.369701 0.309155 0.051510 0.949616 14.309365
0.949622 -0.020533 -0.312724 -2.851159 0.000554 0.997960 -0.063840 -0.411245 0.313397 0.060450 0.947696 14.946670
0.948088 -0.019811 -0.317389 -3.055169 -0.003513 0.997344 -0.072750 -0.454670 0.317987 0.070088 0.945501 15.585450
0.946652 -0.019255 -0.321683 -3.277700 -0.006739 0.996812 -0.079496 -0.512237 0.322188 0.077422 0.943504 16.232821
0.944908 -0.017633 -0.326862 -3.509121 -0.011163 0.996231 -0.086014 -0.573775 0.327147 0.084924 0.941150 16.897129
0.943152 -0.016523 -0.331950 -3.748381 -0.014933 0.995648 -0.091988 -0.634579 0.332025 0.091715 0.938801 17.575914
0.941297 -0.014439 -0.337271 -3.988801 -0.019710 0.995030 -0.097608 -0.701695 0.337004 0.098525 0.936334 18.258701
0.939496 -0.011842 -0.342355 -4.237423 -0.024171 0.994620 -0.100732 -0.773900 0.341706 0.102913 0.934155 18.932993
0.937554 -0.010556 -0.347680 -4.500649 -0.026601 0.994437 -0.101924 -0.854674 0.346822 0.104808 0.932057 19.643591
0.935200 -0.010364 -0.353968 -4.764864 -0.027108 0.994543 -0.100740 -0.940590 0.353080 0.103807 0.929816 20.351412
0.932745 -0.009976 -0.360398 -5.036014 -0.027759 0.994663 -0.099374 -1.020083 0.359466 0.102695 0.927490 21.069408
0.929969 -0.010399 -0.367492 -5.319028 -0.027424 0.994853 -0.097551 -1.100955 0.366614 0.100797 0.924897 21.800325
0.926618 -0.009273 -0.375889 -5.623268 -0.028353 0.995126 -0.094444 -1.182095 0.374933 0.098172 0.921839 22.544973
0.923118 -0.007395 -0.384445 -5.935925 -0.028974 0.995635 -0.088722 -1.259101 0.383423 0.093040 0.918875 23.297546
0.919533 -0.004100 -0.392991 -6.273691 -0.031315 0.996002 -0.083664 -1.333930 0.391762 0.089238 0.915729 24.054110
0.915738 -0.001010 -0.401774 -6.606291 -0.033794 0.996260 -0.079530 -1.406608 0.400351 0.086406 0.912279 24.804598
0.911757 0.000127 -0.410730 -6.965651 -0.035223 0.996340 -0.077881 -1.477586 0.409217 0.085476 0.908425 25.569561
0.907686 -0.000058 -0.419651 -7.335228 -0.035833 0.996337 -0.077642 -1.542153 0.418118 0.085512 0.904359 26.344009
0.903652 -0.000390 -0.428268 -7.715649 -0.035793 0.996432 -0.076431 -1.607775 0.426770 0.084396 0.900414 27.132694
0.899756 0.000210 -0.436393 -8.112305 -0.036496 0.996533 -0.074769 -1.676279 0.434864 0.083200 0.896644 27.916807
0.895963 -0.001345 -0.444128 -8.533722 -0.034464 0.996770 -0.072544 -1.739286 0.442791 0.080303 0.893022 28.727402
0.891900 -0.000629 -0.452232 -8.955247 -0.034070 0.997064 -0.068581 -1.807121 0.450948 0.076574 0.889260 29.546377
0.888363 0.002053 -0.459136 -9.424079 -0.034840 0.997408 -0.062950 -1.876292 0.457817 0.071919 0.886133 30.385336
0.884613 0.002314 -0.466320 -9.906898 -0.033605 0.997704 -0.058799 -1.941681 0.465113 0.067685 0.882660 31.236712
0.880893 0.001109 -0.473314 -10.365577 -0.031983 0.997851 -0.057186 -2.000847 0.472233 0.065513 0.879036 32.080700
0.877767 -0.000006 -0.479087 -10.875054 -0.030742 0.997938 -0.056338 -2.050424 0.478100 0.064180 0.875957 32.944382
0.874704 0.001348 -0.484656 -11.400010 -0.031690 0.998015 -0.054418 -2.115473 0.483621 0.062959 0.873010 33.824776
0.871570 0.000214 -0.490270 -11.926203 -0.030077 0.998140 -0.053033 -2.180466 0.489347 0.060968 0.869955 34.727413
0.869316 -0.000703 -0.494257 -12.496847 -0.029419 0.998152 -0.053161 -2.240672 0.493381 0.060754 0.867689 35.631802
0.867234 -0.002485 -0.497895 -13.036548 -0.028104 0.998149 -0.053933 -2.286494 0.497107 0.060765 0.865559 36.524887
0.866045 -0.002310 -0.499961 -13.581183 -0.028891 0.998087 -0.054657 -2.338191 0.499131 0.061780 0.864322 37.414566
0.865488 -0.002401 -0.500924 -14.105896 -0.028377 0.998148 -0.053813 -2.396701 0.500125 0.060789 0.863817 38.307842
0.864937 -0.002466 -0.501874 -14.586018 -0.027260 0.998281 -0.051884 -2.465224 0.501139 0.058558 0.863383 39.188095
0.864419 -0.003479 -0.502760 -15.079937 -0.025822 0.998349 -0.051306 -2.528964 0.502108 0.057332 0.862902 40.084621
0.863461 -0.005847 -0.504382 -15.581014 -0.023780 0.998349 -0.052283 -2.586375 0.503855 0.057139 0.861896 40.999344
0.862104 -0.008385 -0.506662 -16.103228 -0.021179 0.998393 -0.052559 -2.649887 0.506289 0.056042 0.860541 41.921089
0.860337 -0.008169 -0.509660 -16.647659 -0.020448 0.998514 -0.050521 -2.718117 0.509315 0.053886 0.858891 42.861111
0.858034 -0.007537 -0.513538 -17.188143 -0.019146 0.998728 -0.046648 -2.781196 0.513236 0.049857 0.856798 43.794270
0.855163 -0.007760 -0.518301 -17.744598 -0.016833 0.998945 -0.042729 -2.841944 0.518085 0.045265 0.854130 44.721249
0.851076 -0.007935 -0.524983 -18.315643 -0.015770 0.999048 -0.040666 -2.904393 0.524806 0.042889 0.850141 45.645306
0.845686 -0.011367 -0.533560 -18.882923 -0.013689 0.998982 -0.042979 -2.967340 0.533506 0.043651 0.844669 46.550488
0.839379 -0.015014 -0.543339 -19.461645 -0.012078 0.998856 -0.046261 -3.024277 0.543412 0.045393 0.838238 47.456593
0.833117 -0.015244 -0.552886 -20.061893 -0.011951 0.998891 -0.045551 -3.084580 0.552967 0.044557 0.832011 48.357494
0.827295 -0.011458 -0.561650 -20.685446 -0.013453 0.999101 -0.040198 -3.144345 0.561606 0.040812 0.826398 49.263668
0.822081 -0.007238 -0.569325 -21.303396 -0.016265 0.999213 -0.036188 -3.189631 0.569138 0.039009 0.821316 50.149796
0.817908 -0.007405 -0.575302 -21.927662 -0.017422 0.999140 -0.037629 -3.244667 0.575086 0.040800 0.817075 51.032223
0.814384 -0.009690 -0.580246 -22.556044 -0.017981 0.998959 -0.041920 -3.299208 0.580048 0.044572 0.813362 51.912811
0.811179 -0.012143 -0.584671 -23.195007 -0.020430 0.998586 -0.049085 -3.354720 0.584441 0.051762 0.809784 52.785835
0.807865 -0.013391 -0.589215 -23.839230 -0.020334 0.998513 -0.050573 -3.413719 0.589016 0.052837 0.806392 53.650703
0.804383 -0.011617 -0.593997 -24.484568 -0.019975 0.998715 -0.046581 -3.477539 0.593775 0.049334 0.803118 54.527939
0.801299 -0.009346 -0.598191 -25.150265 -0.019267 0.998956 -0.041417 -3.538493 0.597953 0.044713 0.800283 55.411533
0.798224 -0.007429 -0.602314 -25.811104 -0.020121 0.999037 -0.038989 -3.583066 0.602024 0.043241 0.797306 56.281883
0.794913 -0.007132 -0.606682 -26.485806 -0.021193 0.998994 -0.039513 -3.639040 0.606354 0.044267 0.793962 57.169647
0.791435 -0.008200 -0.611198 -27.181316 -0.021491 0.998919 -0.041230 -3.695433 0.610875 0.045766 0.790403 58.040691
0.787571 -0.010606 -0.616132 -27.871931 -0.020945 0.998814 -0.043965 -3.752971 0.615868 0.047530 0.786415 58.899467
0.783402 -0.011554 -0.621408 -28.554844 -0.020375 0.998812 -0.044259 -3.813746 0.621181 0.047334 0.782236 59.747688
0.779079 -0.011481 -0.626820 -29.260164 -0.020210 0.998853 -0.043415 -3.874479 0.626600 0.046492 0.777953 60.598984
0.774428 -0.011138 -0.632565 -29.967619 -0.020271 0.998895 -0.042405 -3.940764 0.632338 0.045662 0.773346 61.429329
0.769118 -0.012534 -0.638984 -30.681389 -0.019949 0.998850 -0.043604 -3.995779 0.638795 0.046284 0.767983 62.274681
0.763696 -0.013930 -0.645426 -31.394056 -0.019617 0.998805 -0.044768 -4.050403 0.645278 0.046851 0.762510 63.115559
0.758379 -0.015992 -0.651618 -32.145237 -0.018317 0.998781 -0.045830 -4.099620 0.651557 0.046692 0.757162 63.956947
0.752914 -0.017422 -0.657889 -32.888584 -0.017820 0.998743 -0.046843 -4.161532 0.657878 0.046992 0.751657 64.785011
0.746888 -0.018896 -0.664681 -33.639446 -0.017596 0.998684 -0.048164 -4.220356 0.664717 0.047668 0.745573 65.613319
0.740454 -0.020065 -0.671808 -34.375107 -0.016645 0.998700 -0.048174 -4.286552 0.671901 0.046853 0.739157 66.435860
0.733715 -0.020092 -0.679160 -35.103249 -0.015892 0.998782 -0.046716 -4.343643 0.679271 0.045069 0.732502 67.260757
0.727547 -0.020089 -0.685763 -35.911434 -0.015782 0.998817 -0.046003 -4.414257 0.685876 0.044292 0.726369 68.085266
0.721241 -0.021308 -0.692357 -36.718151 -0.015437 0.998784 -0.046821 -4.484015 0.692513 0.044457 0.720035 68.900604
0.714779 -0.022591 -0.698985 -37.484203 -0.015824 0.998700 -0.048459 -4.547681 0.699171 0.045698 0.713492 69.691948
0.709020 -0.020760 -0.704882 -38.294403 -0.018421 0.998680 -0.047941 -4.626462 0.704947 0.046976 0.707702 70.480804
0.703736 -0.019980 -0.710180 -39.102543 -0.018809 0.998730 -0.046737 -4.697948 0.710212 0.046248 0.702467 71.277031
0.698319 -0.019562 -0.715519 -39.882717 -0.020047 0.998700 -0.046869 -4.761146 0.715506 0.047073 0.697019 72.072746
0.693254 -0.020011 -0.720416 -40.683193 -0.020593 0.998656 -0.047557 -4.838049 0.720399 0.047805 0.691910 72.867271
0.687693 -0.021526 -0.725683 -41.506710 -0.021679 0.998506 -0.050163 -4.909695 0.725678 0.050229 0.686198 73.668114
0.682283 -0.024181 -0.730688 -42.329872 -0.021109 0.998385 -0.052750 -4.978286 0.730783 0.051415 0.680670 74.466736
0.677225 -0.024444 -0.735370 -43.164234 -0.021869 0.998338 -0.053325 -5.052470 0.735451 0.052195 0.675564 75.246613
0.672352 -0.023897 -0.739846 -44.022640 -0.021415 0.998432 -0.051711 -5.127328 0.739922 0.050612 0.670787 76.038567
0.667417 -0.024242 -0.744290 -44.905827 -0.020493 0.998494 -0.050898 -5.198117 0.744403 0.049223 0.665914 76.822990
0.662350 -0.024584 -0.748791 -45.776402 -0.020543 0.998490 -0.050953 -5.283704 0.748913 0.049132 0.660845 77.602669
0.657585 -0.025595 -0.752945 -46.647358 -0.019444 0.998513 -0.050924 -5.362128 0.753129 0.048128 0.656110 78.381721
0.653163 -0.025975 -0.756772 -47.540936 -0.018588 0.998560 -0.050318 -5.443016 0.756989 0.046933 0.651740 79.161606
0.649319 -0.027019 -0.760036 -48.429234 -0.016805 0.998615 -0.049857 -5.520568 0.760330 0.045146 0.647966 79.916618
0.645485 -0.029702 -0.763195 -49.328159 -0.014110 0.998609 -0.050798 -5.597296 0.763642 0.043558 0.644169 80.681190
0.641311 -0.034646 -0.766498 -50.227154 -0.010595 0.998485 -0.053997 -5.669899 0.767208 0.042750 0.639972 81.440918
0.636538 -0.039006 -0.770259 -51.153645 -0.005827 0.998448 -0.055377 -5.745734 0.771224 0.039737 0.635323 82.208366
0.629880 -0.042625 -0.775522 -52.083141 -0.000678 0.998462 -0.055429 -5.822403 0.776692 0.035440 0.628882 82.976677
0.621513 -0.046525 -0.782021 -53.031693 0.004411 0.998427 -0.055894 -5.901765 0.783391 0.031289 0.620741 83.733093
0.612358 -0.047442 -0.789156 -53.980534 0.007285 0.998494 -0.054374 -5.979304 0.790547 0.027547 0.611782 84.487953
0.603457 -0.046217 -0.796055 -54.954559 0.007814 0.998614 -0.052054 -6.048442 0.797357 0.025192 0.602981 85.234070
0.594082 -0.045768 -0.803101 -55.929707 0.007323 0.998646 -0.051495 -6.132832 0.804371 0.024711 0.593613 85.970963
0.584424 -0.047300 -0.810068 -56.932823 0.006839 0.998551 -0.053372 -6.203994 0.811419 0.025652 0.583901 86.692490
0.574629 -0.049472 -0.816917 -57.942425 0.007272 0.998441 -0.055350 -6.281294 0.818382 0.025865 0.574093 87.398735
0.564612 -0.050990 -0.823780 -58.971977 0.007678 0.998371 -0.056534 -6.365580 0.825321 0.025595 0.564084 88.112900
0.554412 -0.051971 -0.830618 -60.033813 0.010870 0.998415 -0.055215 -6.442646 0.832171 0.021583 0.554098 88.814674
0.544196 -0.052181 -0.837334 -61.105503 0.012373 0.998455 -0.054180 -6.521229 0.838867 0.019124 0.544000 89.505203
0.533948 -0.052929 -0.843859 -62.194599 0.012848 0.998431 -0.054494 -6.600626 0.845420 0.018255 0.533791 90.179604
0.523848 -0.054326 -0.850078 -63.288383 0.012633 0.998350 -0.056016 -6.674467 0.851718 0.018605 0.523670 90.840675
0.513717 -0.055258 -0.856178 -64.378281 0.011774 0.998284 -0.057365 -6.746739 0.857879 0.019389 0.513486 91.491478
0.503910 -0.056522 -0.861905 -65.491302 0.010672 0.998188 -0.059220 -6.828190 0.863690 0.020643 0.503600 92.131752
0.494390 -0.056468 -0.867404 -66.614815 0.010101 0.998194 -0.059225 -6.914784 0.869182 0.020519 0.494067 92.762878
0.485204 -0.054500 -0.872701 -67.743134 0.009634 0.998328 -0.056989 -6.997426 0.874348 0.019244 0.484917 93.399338
0.477171 -0.052727 -0.877227 -68.866371 0.009959 0.998459 -0.054597 -7.082923 0.878754 0.017315 0.476960 94.012177
0.469297 -0.053702 -0.881406 -69.997307 0.010871 0.998425 -0.055043 -7.157211 0.882973 0.016250 0.469141 94.617775
0.461952 -0.056977 -0.885073 -71.151787 0.012934 0.998261 -0.057513 -7.239533 0.886810 0.015121 0.461886 95.209030
0.454605 -0.060935 -0.888606 -72.266045 0.016635 0.998064 -0.059930 -7.318687 0.890538 0.012462 0.454738 95.807793
0.448412 -0.063836 -0.891545 -73.412567 0.017906 0.997888 -0.062444 -7.408813 0.893648 0.012037 0.448608 96.393257
0.442760 -0.068330 -0.894033 -74.567604 0.021117 0.997610 -0.065788 -7.489131 0.896391 0.010249 0.443145 96.969543
0.438072 -0.069827 -0.896224 -75.733650 0.024674 0.997537 -0.065660 -7.576433 0.898601 0.006651 0.438716 97.535591
0.434008 -0.067648 -0.898365 -76.875046 0.026916 0.997705 -0.062125 -7.668131 0.900507 0.002782 0.434833 98.095284
0.430114 -0.065985 -0.900360 -78.023590 0.030375 0.997818 -0.058617 -7.760097 0.902263 -0.002136 0.431180 98.653893
0.426784 -0.065658 -0.901967 -79.182137 0.032068 0.997833 -0.057462 -7.846648 0.903785 -0.004400 0.427965 99.201118
0.423657 -0.066162 -0.903403 -80.346222 0.034671 0.997783 -0.056815 -7.929759 0.905159 -0.007252 0.425011 99.755653
0.421874 -0.065869 -0.904259 -81.534111 0.037319 0.997774 -0.055270 -8.007458 0.905886 -0.010429 0.423393 100.276375
0.419413 -0.065412 -0.905436 -82.668739 0.039617 0.997769 -0.053731 -8.082709 0.906931 -0.013335 0.421069 100.811111
0.416794 -0.066656 -0.906554 -83.818214 0.042491 0.997646 -0.053818 -8.165924 0.908007 -0.016089 0.418645 101.351433
0.414921 -0.067104 -0.907379 -84.961670 0.044866 0.997572 -0.053258 -8.246840 0.908750 -0.018613 0.416925 101.856209
0.412816 -0.066219 -0.908404 -86.069267 0.047521 0.997561 -0.051123 -8.327639 0.909574 -0.022064 0.414956 102.364182
0.410662 -0.065404 -0.909439 -87.168541 0.049284 0.997558 -0.049487 -8.408285 0.910455 -0.024499 0.412882 102.868973
0.408894 -0.066450 -0.910159 -88.216789 0.051196 0.997445 -0.049822 -8.491155 0.911144 -0.026225 0.411252 103.358253
0.407570 -0.068188 -0.910624 -89.277283 0.053721 0.997271 -0.050633 -8.563065 0.911592 -0.028283 0.410121 103.846619
0.407426 -0.070424 -0.910519 -90.354172 0.055243 0.997097 -0.052401 -8.630468 0.911566 -0.028950 0.410134 104.318817
0.407564 -0.070931 -0.910418 -91.360542 0.054335 0.997096 -0.053360 -8.714561 0.911559 -0.027720 0.410234 104.789543
0.410381 -0.069969 -0.909226 -92.418709 0.051479 0.997240 -0.053507 -8.806600 0.910460 -0.024848 0.412850 105.247536
0.414837 -0.068969 -0.907278 -93.425369 0.048209 0.997389 -0.053777 -8.905723 0.908618 -0.021430 0.417079 105.719421
0.419700 -0.068456 -0.905078 -94.399773 0.045717 0.997481 -0.054245 -8.996675 0.906511 -0.018611 0.421773 106.183838
0.425710 -0.068195 -0.902286 -95.387352 0.044905 0.997520 -0.054206 -9.081153 0.903745 -0.017441 0.427716 106.656158
0.432213 -0.065900 -0.899360 -96.329597 0.042920 0.997699 -0.052479 -9.176791 0.900750 -0.015918 0.434047 107.141724
0.440430 -0.063724 -0.895523 -97.292366 0.041017 0.997864 -0.050834 -9.267010 0.896850 -0.014342 0.442103 107.624222
0.449138 -0.062627 -0.891265 -98.214989 0.039908 0.997951 -0.050012 -9.344729 0.892571 -0.013106 0.450717 108.115196
0.458043 -0.061614 -0.886792 -99.118492 0.038945 0.998028 -0.049227 -9.425980 0.888077 -0.011988 0.459539 108.609909
0.467558 -0.061779 -0.881801 -100.021660 0.037467 0.998043 -0.050057 -9.507191 0.883168 -0.009634 0.468957 109.108894
0.477926 -0.062163 -0.876198 -100.913383 0.034727 0.998050 -0.051866 -9.589350 0.877714 -0.005639 0.479152 109.610313
0.488995 -0.062928 -0.870014 -101.778648 0.033114 0.998015 -0.053575 -9.661915 0.871658 -0.002611 0.490108 110.127739
0.500857 -0.060420 -0.863419 -102.627800 0.030338 0.998173 -0.052251 -9.741454 0.864998 -0.000024 0.501775 110.652550
0.513371 -0.057035 -0.856270 -103.465439 0.028262 0.998371 -0.049556 -9.822365 0.857702 0.001241 0.514146 111.188354
0.525332 -0.054692 -0.849138 -104.312294 0.027537 0.998502 -0.047277 -9.888716 0.850452 0.001453 0.526051 111.738411
0.537036 -0.053600 -0.841854 -105.167419 0.027322 0.998561 -0.046147 -9.964496 0.843116 0.001781 0.537728 112.302765
0.547428 -0.053056 -0.835169 -105.916328 0.026354 0.998586 -0.046163 -10.042123 0.836438 0.003261 0.548052 112.868637
0.558313 -0.053554 -0.827900 -106.712944 0.025939 0.998553 -0.047100 -10.111970 0.829225 0.004822 0.558895 113.439018
0.568693 -0.055180 -0.820697 -107.492615 0.028155 0.998469 -0.047623 -10.178362 0.822068 0.003976 0.569376 114.022957
0.579015 -0.055035 -0.813457 -108.269905 0.028536 0.998476 -0.047241 -10.243067 0.814818 0.004140 0.579703 114.613052
0.589383 -0.051829 -0.806190 -109.003822 0.026515 0.998643 -0.044816 -10.310704 0.807419 0.005038 0.589957 115.191299
0.599069 -0.048754 -0.799212 -109.736794 0.026539 0.998805 -0.041037 -10.373683 0.800257 0.003374 0.599647 115.776451
0.609140 -0.046393 -0.791705 -110.444931 0.024704 0.998913 -0.039528 -10.436669 0.792678 0.004520 0.609624 116.341949
0.619383 -0.045559 -0.783766 -111.154892 0.022488 0.998935 -0.040295 -10.499315 0.784767 0.007333 0.619747 116.913246
0.629087 -0.045179 -0.776021 -111.880516 0.020641 0.998928 -0.041424 -10.553189 0.777061 0.010042 0.629346 117.507195
0.638565 -0.044312 -0.768291 -112.610931 0.020367 0.998964 -0.040688 -10.614415 0.769298 0.010334 0.638806 118.121635
0.647897 -0.042193 -0.760558 -113.322472 0.019961 0.999062 -0.038420 -10.669498 0.761466 0.009711 0.648132 118.740288
0.656565 -0.039995 -0.753209 -114.012886 0.019884 0.999164 -0.035723 -10.727422 0.754008 0.008478 0.656811 119.362183
0.664925 -0.039303 -0.745875 -114.712959 0.020233 0.999196 -0.034615 -10.779972 0.746636 0.007925 0.665186 119.992416
0.673177 -0.038351 -0.738486 -115.402824 0.019027 0.999222 -0.034548 -10.828953 0.739237 0.009205 0.673383 120.615799
0.680901 -0.037427 -0.731418 -116.082283 0.018468 0.999253 -0.033940 -10.874575 0.732143 0.009602 0.681084 121.251457
0.688159 -0.034710 -0.724730 -116.751289 0.017710 0.999361 -0.031047 -10.915928 0.725344 0.008531 0.688334 121.899200
0.695754 -0.031935 -0.717570 -117.397316 0.016766 0.999461 -0.028225 -10.959008 0.718084 0.007607 0.695914 122.539536
0.703309 -0.030829 -0.710216 -118.035690 0.016176 0.999495 -0.027367 -10.993632 0.710700 0.007759 0.703452 123.177887
0.711142 -0.030133 -0.702402 -118.668633 0.015614 0.999512 -0.027071 -11.026873 0.702874 0.008284 0.711266 123.820343
0.719340 -0.027269 -0.694123 -119.285896 0.012997 0.999583 -0.025799 -11.061115 0.694536 0.009537 0.719394 124.456154
0.728613 -0.024551 -0.684486 -119.881081 0.012366 0.999666 -0.022693 -11.094582 0.684814 0.008070 0.728673 125.082840
0.738436 -0.020955 -0.673998 -120.468956 0.010618 0.999754 -0.019451 -11.120493 0.674240 0.007207 0.738477 125.721085
0.749059 -0.019046 -0.662230 -121.032394 0.008932 0.999786 -0.018652 -11.146265 0.662443 0.008056 0.749069 126.344223
0.759319 -0.018000 -0.650470 -121.574707 0.007135 0.999788 -0.019336 -11.176137 0.650680 0.010041 0.759286 126.973198
0.769758 -0.019425 -0.638040 -122.109444 0.007508 0.999743 -0.021380 -11.197598 0.638292 0.011667 0.769706 127.599251
0.779960 -0.018464 -0.625557 -122.613548 0.006844 0.999757 -0.020976 -11.219593 0.625792 0.012079 0.779896 128.235214
0.790997 -0.016946 -0.611585 -123.137848 0.006297 0.999789 -0.019557 -11.238429 0.611787 0.011618 0.790937 128.867523
0.801585 -0.014546 -0.597704 -123.622192 0.005912 0.999848 -0.016403 -11.265271 0.597851 0.009615 0.801549 129.496902
0.811514 -0.013213 -0.584184 -124.088982 0.006188 0.999883 -0.014019 -11.290374 0.584300 0.007762 0.811500 130.147461
0.820848 -0.011563 -0.571029 -124.539009 0.006422 0.999919 -0.011016 -11.313705 0.571110 0.005376 0.820856 130.798492
0.829110 -0.010318 -0.558990 -124.978775 0.006641 0.999941 -0.008608 -11.339555 0.559046 0.003425 0.829130 131.456589
0.836473 -0.010919 -0.547899 -125.407410 0.008370 0.999939 -0.007150 -11.356269 0.547944 0.001395 0.836514 132.120636
0.843455 -0.010391 -0.537100 -125.847252 0.008095 0.999945 -0.006633 -11.373143 0.537139 0.001247 0.843493 132.799454
0.850461 -0.009292 -0.525956 -126.273956 0.006867 0.999955 -0.006563 -11.387505 0.525993 0.001970 0.850486 133.484970
0.857424 -0.007263 -0.514560 -126.702881 0.005097 0.999971 -0.005620 -11.401193 0.514586 0.002196 0.857436 134.186172
0.863925 -0.006293 -0.503580 -127.123039 0.004377 0.999978 -0.004988 -11.418236 0.503601 0.002105 0.863934 134.891617
0.869933 -0.006724 -0.493124 -127.528732 0.004818 0.999975 -0.005135 -11.426691 0.493146 0.002092 0.869944 135.611862
0.875204 -0.008123 -0.483686 -127.933807 0.005893 0.999964 -0.006131 -11.439095 0.483719 0.002516 0.875220 136.340408
0.879693 -0.008572 -0.475465 -128.336517 0.006218 0.999959 -0.006522 -11.451248 0.475502 0.002781 0.879710 137.087387
0.883216 -0.007922 -0.468899 -128.740891 0.005904 0.999966 -0.005774 -11.461402 0.468929 0.002332 0.883233 137.855698
0.886589 -0.006236 -0.462516 -129.152008 0.005773 0.999980 -0.002416 -11.470104 0.462522 -0.000528 0.886608 138.636337
0.889950 -0.002473 -0.456051 -129.566147 0.003608 0.999992 0.001619 -11.470589 0.456043 -0.003086 0.889952 139.425461
0.893529 0.000004 -0.449006 -129.977554 0.002119 0.999989 0.004226 -11.470566 0.449001 -0.004728 0.893519 140.225479
0.897176 0.002707 -0.441665 -130.404541 0.000049 0.999981 0.006228 -11.466501 0.441674 -0.005609 0.897158 141.035675
0.900811 0.004347 -0.434190 -130.822662 -0.000887 0.999966 0.008171 -11.458904 0.434211 -0.006975 0.900784 141.861420
0.904575 0.005658 -0.426276 -131.240234 -0.001180 0.999941 0.010769 -11.449978 0.426312 -0.009239 0.904529 142.701141
0.908403 0.005339 -0.418063 -131.650101 -0.000021 0.999919 0.012724 -11.445965 0.418097 -0.011550 0.908329 143.550842
0.912151 0.005230 -0.409822 -132.039246 0.000467 0.999905 0.013800 -11.442340 0.409855 -0.012779 0.912061 144.396637
0.916146 0.004056 -0.400825 -132.432098 0.001438 0.999909 0.013405 -11.423157 0.400843 -0.012857 0.916057 145.265427
0.920077 0.001108 -0.391736 -132.803192 0.004223 0.999910 0.012746 -11.413461 0.391715 -0.013381 0.919989 146.139664
0.924205 -0.001365 -0.381895 -133.184067 0.005977 0.999923 0.010890 -11.393302 0.381850 -0.012347 0.924142 147.045410
0.928678 -0.003125 -0.370874 -133.551605 0.006770 0.999941 0.008525 -11.379295 0.370826 -0.010428 0.928644 147.963470
0.933939 -0.001326 -0.357431 -133.909470 0.004388 0.999960 0.007756 -11.374477 0.357406 -0.008812 0.933907 148.887802
0.939950 0.001481 -0.341310 -134.247925 0.001576 0.999961 0.008680 -11.363339 0.341309 -0.008696 0.939911 149.819077
0.946519 0.004795 -0.322612 -134.583099 -0.001189 0.999935 0.011373 -11.354639 0.322646 -0.010381 0.946463 150.778137
0.953002 0.007878 -0.302861 -134.889389 -0.004166 0.999908 0.012900 -11.347646 0.302935 -0.011032 0.952947 151.741745
0.959474 0.009276 -0.281643 -135.190704 -0.005653 0.999891 0.013674 -11.341125 0.281739 -0.011528 0.959422 152.740784
0.965487 0.010628 -0.260233 -135.467422 -0.006957 0.999863 0.015020 -11.334208 0.260357 -0.012691 0.965429 153.730484
0.971040 0.011365 -0.238644 -135.716934 -0.007341 0.999816 0.017743 -11.329421 0.238802 -0.015477 0.970945 154.742310
0.976174 0.013222 -0.216587 -135.957764 -0.008853 0.999738 0.021130 -11.319568 0.216810 -0.018709 0.976035 155.774460
0.980863 0.015433 -0.194085 -136.176117 -0.010715 0.999622 0.025337 -11.305467 0.194402 -0.022772 0.980658 156.838959
0.984975 0.016976 -0.171858 -136.364151 -0.012280 0.999523 0.028355 -11.284567 0.172257 -0.025819 0.984714 157.914093
0.988507 0.018527 -0.150037 -136.521378 -0.014477 0.999502 0.028037 -11.263556 0.150482 -0.025543 0.988283 159.013794
0.991616 0.017584 -0.128021 -136.672806 -0.014385 0.999562 0.025871 -11.243199 0.128419 -0.023813 0.991434 160.117264
0.994124 0.017857 -0.106764 -136.811386 -0.015300 0.999577 0.024717 -11.223065 0.107160 -0.022939 0.993977 161.219574
0.996110 0.016812 -0.086497 -136.905228 -0.014569 0.999543 0.026493 -11.202077 0.086903 -0.025130 0.995900 162.355530
0.997667 0.016768 -0.066174 -136.995087 -0.014942 0.999497 0.027982 -11.181312 0.066610 -0.026928 0.997416 163.507156
0.998811 0.017135 -0.045633 -137.063004 -0.015838 0.999464 0.028635 -11.153822 0.046099 -0.027879 0.998548 164.687347
0.999520 0.018634 -0.024763 -137.116852 -0.017910 0.999415 0.029144 -11.132294 0.025292 -0.028687 0.999268 165.843033
0.999814 0.018954 -0.003694 -137.138931 -0.018836 0.999384 0.029626 -11.106994 0.004253 -0.029551 0.999554 167.029465
0.999629 0.020879 0.017472 -137.156662 -0.021381 0.999348 0.029096 -11.084870 -0.016853 -0.029459 0.999424 168.170792
0.998981 0.022204 0.039293 -137.201492 -0.023312 0.999337 0.027969 -11.072117 -0.038646 -0.028856 0.998836 169.252258
0.997955 0.022450 0.059841 -137.160797 -0.024021 0.999382 0.025664 -11.051311 -0.059228 -0.027049 0.997878 170.471985
0.996545 0.024287 0.079422 -137.080093 -0.026143 0.999407 0.022413 -11.017509 -0.078830 -0.024411 0.996589 171.718506
0.994764 0.024356 0.099255 -136.972336 -0.026514 0.999439 0.020473 -10.999195 -0.098701 -0.022997 0.994851 172.974243
0.992592 0.024716 0.118958 -136.832611 -0.026919 0.999494 0.016954 -10.975808 -0.118479 -0.020030 0.992755 174.243408
0.990095 0.025815 0.138006 -136.672607 -0.027651 0.999553 0.011401 -10.964231 -0.137650 -0.015104 0.990366 175.506653
0.987332 0.027118 0.156336 -136.489410 -0.028088 0.999597 0.004001 -10.945163 -0.156165 -0.008342 0.987696 176.772125
0.984357 0.029249 0.173741 -136.260757 -0.029425 0.999566 -0.001568 -10.936590 -0.173711 -0.003569 0.984790 178.066666
0.981015 0.031112 0.191421 -136.025375 -0.030534 0.999516 -0.005968 -10.947644 -0.191514 0.000010 0.981490 179.344681
0.977270 0.033604 0.209319 -135.754135 -0.032420 0.999433 -0.009086 -10.960465 -0.209506 0.002094 0.977805 180.663208
0.973383 0.032592 0.226854 -135.448624 -0.031308 0.999467 -0.009257 -10.977898 -0.227035 0.001908 0.973885 181.974060
0.969277 0.031577 0.243937 -135.111282 -0.029912 0.999497 -0.010528 -10.991173 -0.244147 0.002908 0.969734 183.294632
0.964849 0.031357 0.260927 -134.753647 -0.028147 0.999475 -0.016028 -11.018214 -0.261293 0.008121 0.965225 184.628891
0.960120 0.032823 0.277654 -134.370834 -0.028227 0.999391 -0.020533 -11.042704 -0.278159 0.011877 0.960462 185.954086
0.955102 0.035118 0.294187 -133.966415 -0.030207 0.999318 -0.021224 -11.060884 -0.294732 0.011385 0.955512 187.269028
0.949566 0.037552 0.311311 -133.519638 -0.032118 0.999229 -0.022566 -11.082048 -0.311919 0.011429 0.950040 188.586655
0.943478 0.040946 0.328898 -133.074326 -0.034444 0.999079 -0.025573 -11.129786 -0.329642 0.012799 0.944019 189.897171
0.937277 0.041864 0.346063 -132.590134 -0.033412 0.998981 -0.030355 -11.154683 -0.346981 0.016889 0.937720 191.204437
0.930728 0.042863 0.363193 -132.095139 -0.033059 0.998903 -0.033169 -11.192492 -0.364216 0.018864 0.931123 192.494324
0.924025 0.044038 0.379787 -131.534103 -0.031444 0.998732 -0.039304 -11.217401 -0.381037 0.024376 0.924239 193.793900
0.916280 0.047584 0.397701 -130.970871 -0.031862 0.998431 -0.046050 -11.257463 -0.399268 0.029523 0.916359 195.042358
0.906601 0.050923 0.418906 -130.409515 -0.033140 0.998218 -0.049624 -11.336351 -0.420686 0.031107 0.906673 196.301437
0.895514 0.053639 0.441789 -129.762955 -0.034418 0.998084 -0.051415 -11.406120 -0.443700 0.030837 0.895645 197.591980
0.882742 0.058555 0.466196 -129.124786 -0.037488 0.997818 -0.054343 -11.483441 -0.468361 0.030494 0.883011 198.819901
0.869005 0.062441 0.490847 -128.468262 -0.039044 0.997566 -0.057777 -11.566564 -0.493260 0.031044 0.869328 200.029129
0.854840 0.066682 0.514590 -127.738785 -0.040726 0.997271 -0.061576 -11.637452 -0.517291 0.031681 0.855223 201.256958
0.840234 0.067747 0.537975 -126.995369 -0.039421 0.997171 -0.064003 -11.733217 -0.540789 0.032570 0.840527 202.444534
0.825381 0.070213 0.560193 -126.183662 -0.039454 0.996984 -0.066828 -11.823631 -0.563196 0.033056 0.825662 203.624939
0.810011 0.072184 0.581956 -125.351486 -0.036814 0.996697 -0.072386 -11.912361 -0.585259 0.037210 0.809992 204.782562
0.794306 0.074682 0.602911 -124.494934 -0.034245 0.996342 -0.078300 -12.005416 -0.606553 0.041548 0.793957 205.925034
0.779312 0.076564 0.621941 -123.572083 -0.032270 0.996094 -0.082189 -12.110606 -0.625805 0.043981 0.778739 207.025497
0.763961 0.078333 0.640490 -122.632935 -0.029682 0.995819 -0.086386 -12.215929 -0.644579 0.046985 0.763092 208.128723
0.749047 0.078204 0.657885 -121.656883 -0.025925 0.995708 -0.088845 -12.331509 -0.662009 0.049493 0.747860 209.218079
0.734412 0.078867 0.674107 -120.662598 -0.023846 0.995611 -0.090502 -12.472748 -0.678285 0.050391 0.733069 210.289169
0.719709 0.079317 0.689730 -119.643158 -0.019907 0.995402 -0.093697 -12.601289 -0.693990 0.053704 0.717979 211.365356
0.705928 0.079904 0.703762 -118.610367 -0.015924 0.995155 -0.097015 -12.747165 -0.708105 0.057279 0.703780 212.368179
0.692193 0.081824 0.717059 -117.529839 -0.011674 0.994692 -0.102236 -12.874510 -0.721618 0.062396 0.689473 213.381134
0.678023 0.083140 0.730323 -116.425026 -0.008113 0.994368 -0.105667 -13.012059 -0.734996 0.065720 0.674879 214.388763
0.663468 0.084133 0.743459 -115.341553 -0.006503 0.994269 -0.106712 -13.164828 -0.748176 0.065966 0.660213 215.323486
0.647826 0.085669 0.756956 -114.191025 -0.005874 0.994189 -0.107491 -13.315916 -0.761766 0.065189 0.644564 216.301346
0.631539 0.086128 0.770546 -113.018059 -0.006144 0.994336 -0.106106 -13.483889 -0.775320 0.062276 0.628491 217.247650
0.614377 0.087365 0.784161 -111.823845 -0.007610 0.994461 -0.104833 -13.648608 -0.788976 0.058440 0.611638 218.179749
0.597291 0.089166 0.797053 -110.617241 -0.009447 0.994514 -0.104177 -13.824261 -0.801969 0.054694 0.594857 219.080353
0.580142 0.091852 0.809320 -109.415474 -0.008706 0.994264 -0.106601 -13.991900 -0.814469 0.054798 0.577614 219.940414
0.562863 0.095369 0.821029 -108.207283 -0.009865 0.994026 -0.108701 -14.165299 -0.826491 0.053085 0.560441 220.757492
0.544228 0.095460 0.833488 -106.984901 -0.008911 0.994107 -0.108038 -14.340273 -0.838890 0.051370 0.541872 221.551758
0.523815 0.094473 0.846577 -105.745491 -0.008219 0.994345 -0.105878 -14.507873 -0.851792 0.048503 0.521630 222.335815
0.503593 0.092721 0.858951 -104.508827 -0.006885 0.994623 -0.103330 -14.670901 -0.863914 0.046123 0.501523 223.044220
0.481900 0.091272 0.871459 -103.279434 -0.005689 0.994865 -0.101052 -14.829101 -0.876208 0.043739 0.479945 223.751221
0.460331 0.090294 0.883143 -101.992035 -0.004060 0.995018 -0.099616 -14.998081 -0.887738 0.042271 0.458404 224.448105
0.438429 0.090100 0.894238 -100.737823 -0.001433 0.995031 -0.099553 -15.143585 -0.898764 0.042366 0.436380 225.098068
0.417707 0.089162 0.904196 -99.467247 0.002420 0.995061 -0.099240 -15.299215 -0.908579 0.043641 0.415428 225.687973
0.397314 0.089784 0.913280 -98.218277 0.006147 0.994920 -0.100484 -15.443702 -0.917662 0.045537 0.394744 226.217957
0.376202 0.089522 0.922203 -96.970070 0.010101 0.994866 -0.100696 -15.599113 -0.926483 0.047198 0.373366 226.741196
0.354759 0.087837 0.930822 -95.705246 0.012845 0.995025 -0.098791 -15.748497 -0.934869 0.047003 0.351866 227.250732
0.334107 0.088137 0.938405 -94.413948 0.015841 0.994953 -0.099088 -15.880455 -0.942402 0.047971 0.331024 227.704895
0.314129 0.092775 0.944836 -93.223778 0.017159 0.994496 -0.103356 -16.028427 -0.949225 0.048680 0.310809 228.114456
0.294895 0.102360 0.950031 -92.067162 0.016463 0.993554 -0.112160 -16.168440 -0.955388 0.048716 0.291309 228.485428
0.275839 0.110419 0.954841 -90.870819 0.015006 0.992764 -0.119140 -16.322393 -0.961087 0.047192 0.272186 228.833435
0.256690 0.114426 0.959696 -89.673332 0.013336 0.992453 -0.121898 -16.487734 -0.966402 0.044089 0.253227 229.151611
0.236999 0.115948 0.964566 -88.470634 0.010950 0.992471 -0.121993 -16.654085 -0.971448 0.039474 0.233945 229.445877
0.217143 0.116177 0.969202 -87.238907 0.007389 0.992668 -0.120645 -16.826092 -0.976112 0.033359 0.214693 229.729965
0.198472 0.116670 0.973138 -86.033279 0.006210 0.992720 -0.120284 -16.989140 -0.980087 0.029916 0.196303 229.968018
0.179747 0.115126 0.976953 -84.833473 0.006638 0.992963 -0.118234 -17.154932 -0.983691 0.027737 0.177718 230.185318
0.161519 0.115234 0.980119 -83.634888 0.006936 0.993002 -0.117891 -17.315151 -0.986845 0.025840 0.159590 230.375641
0.143358 0.115944 0.982856 -82.455589 0.007950 0.992947 -0.118294 -17.472305 -0.989639 0.024772 0.141425 230.540375
0.124802 0.119435 0.984967 -81.276779 0.004548 0.992649 -0.120943 -17.627834 -0.992171 0.019573 0.123341 230.682037
0.106808 0.121149 0.986871 -80.094727 0.005228 0.992467 -0.122401 -17.787668 -0.994266 0.018233 0.105370 230.798965
0.090248 0.118168 0.988884 -78.933365 0.004964 0.992870 -0.119097 -17.951305 -0.995907 0.015657 0.089018 230.896408
0.075423 0.113685 0.990650 -77.781464 0.007242 0.993391 -0.114551 -18.108829 -0.997125 0.015815 0.074101 230.975937
0.061815 0.109786 0.992031 -76.610046 0.007513 0.993853 -0.110456 -18.255886 -0.998059 0.014281 0.060611 231.040283
0.049817 0.106836 0.993028 -75.491699 0.009680 0.994164 -0.107443 -18.387568 -0.998711 0.014965 0.048492 231.085724
0.039894 0.107134 0.993444 -74.375931 0.009900 0.994144 -0.107607 -18.530016 -0.999155 0.014128 0.038600 231.117828
0.031945 0.109452 0.993479 -73.267479 0.009557 0.993907 -0.109807 -18.670702 -0.999444 0.013003 0.030705 231.145508
0.025576 0.111420 0.993444 -72.168747 0.008150 0.993713 -0.111660 -18.803617 -0.999640 0.010952 0.024507 231.169388
0.019845 0.116147 0.993034 -71.089531 0.007129 0.993188 -0.116308 -18.934889 -0.999778 0.009387 0.018881 231.188004
0.015384 0.124711 0.992074 -70.026962 0.008080 0.992143 -0.124845 -19.078640 -0.999849 0.009937 0.014256 231.190460
0.010736 0.127399 0.991793 -68.963936 0.006167 0.991823 -0.127470 -19.219894 -0.999923 0.007484 0.009862 231.202087
0.007712 0.119030 0.992861 -67.888550 0.007072 0.992859 -0.119085 -19.368082 -0.999945 0.007940 0.006815 231.196808
0.005736 0.109485 0.993972 -66.821243 0.008360 0.993948 -0.109531 -19.504375 -0.999949 0.008938 0.004786 231.193909
0.004917 0.106108 0.994342 -65.769020 0.008818 0.994311 -0.106149 -19.627249 -0.999949 0.009290 0.003953 231.189285
0.004819 0.108258 0.994111 -64.735985 0.007566 0.994090 -0.108292 -19.750731 -0.999960 0.008043 0.003971 231.196823
0.005598 0.111487 0.993750 -63.701324 0.008514 0.993724 -0.111532 -19.877226 -0.999948 0.009085 0.004614 231.201645
0.007310 0.114026 0.993451 -62.683121 0.005952 0.993455 -0.114070 -20.003775 -0.999956 0.006747 0.006583 231.213715
0.009507 0.114815 0.993341 -61.656693 0.003774 0.993375 -0.114855 -20.133493 -0.999948 0.004840 0.009010 231.224884
0.013351 0.116902 0.993054 -60.639736 0.003101 0.993133 -0.116953 -20.259016 -0.999906 0.004641 0.012897 231.231720
0.017164 0.117886 0.992879 -59.634426 0.000888 0.993023 -0.117918 -20.389034 -0.999852 0.002906 0.016940 231.251846
0.022285 0.119601 0.992572 -58.615868 -0.000701 0.992820 -0.119615 -20.510300 -0.999751 0.001970 0.022209 231.273087
0.028617 0.119034 0.992478 -57.620884 -0.001959 0.992889 -0.119027 -20.632648 -0.999589 0.001462 0.028647 231.306137
0.036157 0.117663 0.992395 -56.633324 -0.000777 0.993047 -0.117712 -20.761255 -0.999346 0.003485 0.035997 231.323685
0.044226 0.117060 0.992140 -55.641830 0.000956 0.993106 -0.117216 -20.889074 -0.999021 0.006133 0.043809 231.348724
0.052186 0.118197 0.991618 -54.685032 0.002179 0.992955 -0.118471 -21.009808 -0.998635 0.008344 0.051561 231.387482
0.059374 0.118281 0.991204 -53.711933 0.001281 0.992945 -0.118565 -21.131130 -0.998235 0.008310 0.058803 231.439575
0.065910 0.117253 0.990912 -52.754349 -0.000284 0.993074 -0.117490 -21.256947 -0.997826 0.007462 0.065487 231.510590
0.072675 0.115679 0.990624 -51.784618 -0.001106 0.993260 -0.115906 -21.373716 -0.997355 0.007327 0.072313 231.584106
0.079833 0.114306 0.990233 -50.821049 -0.001356 0.993415 -0.114564 -21.498669 -0.996807 0.007803 0.079462 231.657196
0.086442 0.114917 0.989607 -49.856174 -0.001994 0.993343 -0.115177 -21.623596 -0.996255 0.007983 0.086096 231.750885
0.093583 0.117281 0.988680 -48.899265 -0.001750 0.993055 -0.117635 -21.744701 -0.995610 0.009279 0.093139 231.842514
0.100600 0.118682 0.987823 -47.928593 -0.001431 0.992876 -0.119143 -21.869886 -0.994926 0.010572 0.100053 231.939972
0.107569 0.120937 0.986815 -46.947384 -0.004065 0.992619 -0.121205 -21.993078 -0.994189 0.009027 0.107267 232.043793
0.114173 0.121752 0.985972 -45.989510 -0.006487 0.992532 -0.121811 -22.116478 -0.993440 0.007512 0.114110 232.158066
0.121190 0.121681 0.985143 -45.036671 -0.007963 0.992545 -0.121615 -22.241051 -0.992597 0.006894 0.121256 232.272614
0.128174 0.119422 0.984535 -44.081829 -0.008979 0.992823 -0.119258 -22.367552 -0.991711 0.006445 0.128326 232.390411
0.135144 0.118053 0.983768 -43.116005 -0.009270 0.992984 -0.117886 -22.493788 -0.990783 0.006812 0.135290 232.517273
