1.000000 0.000000 0.000000 0.000000 0.000000 1.000000 0.000000 0.000000 0.000000 0.000000 1.000000 0.000000
0.999873 0.001496 0.015859 0.009964 -0.001479 0.999998 -0.001046 0.000002 -0.015861 0.001022 0.999874 0.126776
0.999299 0.004268 0.037201 0.029534 -0.004250 0.999991 -0.000559 -0.002616 -0.037203 0.000400 0.999308 0.268384
0.997908 0.005860 0.064387 0.057889 -0.005926 0.999982 0.000826 -0.003067 -0.064381 -0.001206 0.997925 0.430948
0.995141 0.005459 0.098304 0.105126 -0.005792 0.999978 0.003103 -0.004041 -0.098285 -0.003657 0.995152 0.606254
0.990637 0.002356 0.136503 0.164582 -0.003071 0.999983 0.005024 -0.002543 -0.136489 -0.005396 0.990627 0.794713
0.984369 -0.000691 0.176118 0.239752 -0.000240 0.999986 0.005264 0.001112 -0.176119 -0.005224 0.984355 0.996660
0.975534 -0.000590 0.219849 0.325413 -0.000835 0.999979 0.006392 0.005229 -0.219849 -0.006419 0.975513 1.212006
0.963424 -0.000313 0.267983 0.423605 -0.002225 0.999955 0.009167 0.012661 -0.267974 -0.009428 0.963380 1.439929
0.948884 -0.004316 0.315596 0.547626 -0.000809 0.999870 0.016105 0.015419 -0.315625 -0.015537 0.948757 1.676033
0.931836 -0.013579 0.362625 0.695941 0.005272 0.999701 0.023889 0.016561 -0.362841 -0.020349 0.931629 1.906808
0.910378 -0.018652 0.413356 0.848062 0.007702 0.999574 0.028141 0.019588 -0.413705 -0.022435 0.910134 2.129844
0.884722 -0.020023 0.465690 1.008265 0.005759 0.999470 0.032033 0.026794 -0.466084 -0.025658 0.884368 2.361812
0.856138 -0.022290 0.516266 1.194419 0.004016 0.999326 0.036487 0.034157 -0.516731 -0.029165 0.855651 2.588527
0.823633 -0.026996 0.566480 1.403055 0.004874 0.999166 0.040530 0.043566 -0.567102 -0.030620 0.823078 2.808547
0.787291 -0.032256 0.615737 1.629160 0.006802 0.999024 0.043638 0.051897 -0.616544 -0.030168 0.786742 3.024034
0.749090 -0.036207 0.661478 1.889401 0.007514 0.998905 0.046168 0.063964 -0.662425 -0.029614 0.748543 3.241477
0.708773 -0.038934 0.704361 2.167293 0.008298 0.998867 0.046863 0.081249 -0.705388 -0.027370 0.708293 3.460104
0.666588 -0.040593 0.744320 2.466172 0.007361 0.998826 0.047880 0.097236 -0.745390 -0.026437 0.666104 3.671330
0.623765 -0.040639 0.780555 2.786167 0.002544 0.998748 0.049966 0.114847 -0.781608 -0.029181 0.623087 3.881959
0.582018 -0.041386 0.812122 3.131482 -0.000252 0.998695 0.051075 0.129279 -0.813176 -0.029931 0.581248 4.082585
0.541830 -0.042408 0.839417 3.506982 -0.002403 0.998644 0.052004 0.148157 -0.840485 -0.030195 0.540993 4.281245
0.503348 -0.044652 0.862929 3.908852 -0.003648 0.998545 0.053797 0.166232 -0.864076 -0.030226 0.502453 4.474603
0.465970 -0.044400 0.883686 4.333365 -0.006641 0.998537 0.053672 0.184946 -0.884775 -0.030878 0.464994 4.667179
0.429561 -0.043632 0.901983 4.791622 -0.007489 0.998626 0.051874 0.207541 -0.903007 -0.029038 0.428644 4.851448
0.396071 -0.042217 0.917249 5.273840 -0.006148 0.998798 0.048625 0.230692 -0.918199 -0.024898 0.395335 5.024248
0.366674 -0.040516 0.929467 5.789750 -0.004039 0.998973 0.045140 0.253506 -0.930341 -0.020306 0.366134 5.194916
0.341510 -0.038544 0.939087 6.334443 -0.002821 0.999112 0.042034 0.279738 -0.939874 -0.017005 0.341098 5.363900
0.321424 -0.037898 0.946177 6.910303 -0.001662 0.999175 0.040585 0.306581 -0.946934 -0.014618 0.321096 5.539144
0.306788 -0.038350 0.951005 7.515510 -0.000497 0.999181 0.040453 0.334724 -0.951778 -0.012883 0.306518 5.718356
0.295338 -0.039834 0.954562 8.151696 0.000574 0.999138 0.041517 0.360607 -0.955393 -0.011714 0.295106 5.899015
0.284315 -0.041612 0.957827 8.810734 -0.000757 0.999048 0.043627 0.388991 -0.958731 -0.013129 0.284013 6.087481
0.273832 -0.043312 0.960802 9.485048 -0.001967 0.998958 0.045593 0.418234 -0.961775 -0.014375 0.273462 6.269608
0.263557 -0.044894 0.963599 10.191793 -0.002850 0.998876 0.047317 0.453079 -0.964640 -0.015217 0.263133 6.457163
0.253245 -0.046716 0.966274 10.918428 -0.003684 0.998780 0.049253 0.485809 -0.967395 -0.016033 0.252764 6.639949
0.242554 -0.048105 0.968944 11.665769 -0.003813 0.998715 0.050537 0.521050 -0.970130 -0.015952 0.242059 6.823465
0.232512 -0.049167 0.971350 12.419304 -0.003802 0.998668 0.051460 0.557993 -0.972586 -0.015659 0.232016 6.988096
0.222025 -0.051803 0.973664 13.196520 -0.004921 0.998515 0.054247 0.597527 -0.975029 -0.016835 0.221441 7.157387
0.210798 -0.055184 0.975971 13.978629 -0.006436 0.998305 0.057837 0.638047 -0.977508 -0.018474 0.210086 7.317070
0.199001 -0.058977 0.978223 14.769555 -0.007082 0.998075 0.061615 0.676995 -0.979974 -0.019190 0.198200 7.464359
0.186241 -0.061125 0.980601 15.567360 -0.007898 0.997937 0.063706 0.716375 -0.982472 -0.019609 0.185374 7.603336
0.172121 -0.061369 0.983162 16.375414 -0.008191 0.997934 0.063725 0.760481 -0.985042 -0.019021 0.171263 7.737412
0.157641 -0.059946 0.985675 17.188992 -0.009439 0.998019 0.062207 0.807816 -0.987451 -0.019111 0.156763 7.859171
0.140830 -0.058548 0.988301 17.995285 -0.010075 0.998113 0.060565 0.852173 -0.989982 -0.018486 0.139975 7.971059
0.120224 -0.056560 0.991134 18.812845 -0.012630 0.998208 0.058495 0.895677 -0.992666 -0.019551 0.119295 8.066802
0.094535 -0.054613 0.994022 19.641071 -0.017457 0.998250 0.056505 0.942011 -0.995368 -0.022694 0.093416 8.141574
0.063898 -0.053993 0.996495 20.469393 -0.021369 0.998232 0.055457 0.976857 -0.997728 -0.024838 0.062632 8.193087
0.030314 -0.053685 0.998098 21.295435 -0.024369 0.998220 0.054432 1.010148 -0.999243 -0.025972 0.028952 8.214149
-0.004299 -0.052845 0.998593 22.128811 -0.025857 0.998275 0.052717 1.042297 -0.999656 -0.025594 -0.005658 8.203375
-0.038416 -0.051027 0.997958 22.960535 -0.026926 0.998386 0.050013 1.079261 -0.998899 -0.024950 -0.039728 8.164291
-0.071646 -0.048747 0.996238 23.791830 -0.028825 0.998489 0.046784 1.110584 -0.997014 -0.025365 -0.072943 8.102245
-0.104536 -0.045398 0.993484 24.626667 -0.031374 0.998611 0.042331 1.139722 -0.994026 -0.026744 -0.105815 8.015717
-0.137595 -0.040546 0.989658 25.466593 -0.028544 0.998909 0.036957 1.163203 -0.990077 -0.023164 -0.138603 7.895218
-0.169618 -0.034475 0.984907 26.294731 -0.023137 0.999252 0.030993 1.180561 -0.985238 -0.017531 -0.170289 7.743239
-0.200388 -0.027618 0.979327 27.113632 -0.016499 0.999556 0.024813 1.196397 -0.979578 -0.011186 -0.200755 7.561546
-0.229447 -0.021573 0.973082 27.930992 -0.010109 0.999753 0.019780 1.204521 -0.973269 -0.005298 -0.229608 7.351740
-0.257050 -0.014772 0.966285 28.748625 -0.001304 0.999888 0.014939 1.215969 -0.966397 0.002581 -0.257041 7.109227
-0.283114 -0.004285 0.959077 29.556414 0.004483 0.999973 0.005791 1.211006 -0.959076 0.005939 -0.283087 6.851811
-0.308557 0.011469 0.951137 30.352837 0.009141 0.999917 -0.009092 1.198570 -0.951162 0.005889 -0.308636 6.582353
-0.333223 0.029055 0.942400 31.140942 0.010304 0.999578 -0.027174 1.181560 -0.942792 0.000655 -0.333382 6.298130
-0.358304 0.044113 0.932562 31.911339 0.011011 0.999013 -0.043026 1.150560 -0.933540 -0.005148 -0.358437 5.994771
-0.382593 0.054534 0.922306 32.663582 0.014950 0.998491 -0.052838 1.105243 -0.923796 -0.006427 -0.382831 5.668992
-0.405914 0.058936 0.912009 33.415756 0.018424 0.998243 -0.056308 1.054676 -0.913726 -0.006053 -0.406287 5.319673
-0.428214 0.058704 0.901769 34.153702 0.022406 0.998271 -0.054346 0.999384 -0.903400 -0.003067 -0.428789 4.955005
-0.448352 0.054556 0.892191 34.871239 0.026018 0.998509 -0.047983 0.947540 -0.893479 0.001700 -0.449103 4.575169
-0.465742 0.053749 0.883287 35.570461 0.034096 0.998502 -0.042782 0.899639 -0.884264 0.010191 -0.466877 4.175323
-0.479329 0.054160 0.875962 36.252365 0.036140 0.998466 -0.041958 0.855524 -0.876891 0.011545 -0.480551 3.779018
-0.490235 0.058461 0.869628 36.937271 0.040474 0.998199 -0.044288 0.807078 -0.870650 0.013486 -0.491718 3.373815
-0.499940 0.061062 0.863905 37.612526 0.041377 0.998056 -0.046599 0.763122 -0.865071 0.012450 -0.501495 2.971171
-0.510434 0.060369 0.857795 38.276829 0.035339 0.998163 -0.049219 0.715058 -0.859190 0.005191 -0.511630 2.568110
-0.521579 0.059123 0.851152 38.949986 0.034744 0.998241 -0.048049 0.670931 -0.852495 0.004511 -0.522716 2.153184
-0.530055 0.060369 0.845811 39.610939 0.036577 0.998162 -0.048321 0.626625 -0.847174 0.005324 -0.531289 1.719787
-0.536883 0.063575 0.841258 40.279247 0.039803 0.997955 -0.050014 0.582122 -0.842718 0.006633 -0.538315 1.270726
-0.540150 0.066504 0.838937 40.955242 0.040599 0.997771 -0.052955 0.538632 -0.840589 0.005456 -0.541646 0.826923
-0.539566 0.068855 0.839123 41.650955 0.040545 0.997619 -0.055789 0.489502 -0.840967 0.003921 -0.541073 0.366822
-0.536108 0.069160 0.841312 42.373596 0.042508 0.997586 -0.054919 0.439423 -0.843078 0.006320 -0.537753 -0.099819
-0.530167 0.068134 0.845151 43.120148 0.040540 0.997663 -0.054998 0.387219 -0.846923 0.005105 -0.531690 -0.569051
-0.523253 0.066797 0.849555 43.888195 0.038106 0.997760 -0.054979 0.335403 -0.851325 0.003605 -0.524626 -1.037981
-0.516320 0.066443 0.853814 44.671329 0.036285 0.997788 -0.055705 0.282201 -0.855627 0.002219 -0.517588 -1.503655
-0.509820 0.065112 0.857814 45.470547 0.033402 0.997878 -0.055892 0.226307 -0.859633 0.000158 -0.510913 -1.980045
-0.505687 0.062724 0.860434 46.274940 0.028907 0.998025 -0.055765 0.167828 -0.862232 -0.003327 -0.506502 -2.444531
-0.504272 0.060071 0.861453 47.108833 0.024840 0.998174 -0.055064 0.106934 -0.863187 -0.006369 -0.504844 -2.931364
-0.504634 0.057624 0.861408 47.945866 0.021704 0.998301 -0.054067 0.047734 -0.863061 -0.008588 -0.505027 -3.418886
-0.505633 0.056496 0.860897 48.797569 0.020300 0.998356 -0.053594 -0.010348 -0.862510 -0.009622 -0.505949 -3.915481
-0.506030 0.056033 0.860694 49.661358 0.020386 0.998386 -0.053012 -0.068811 -0.862275 -0.009280 -0.506356 -4.425812
-0.506006 0.055615 0.860735 50.540051 0.020230 0.998410 -0.052618 -0.127714 -0.862293 -0.009212 -0.506326 -4.947882
-0.505883 0.054995 0.860847 51.440266 0.020969 0.998455 -0.051464 -0.190108 -0.862347 -0.007983 -0.506255 -5.481785
-0.505759 0.055162 0.860910 52.328907 0.021056 0.998446 -0.051604 -0.247290 -0.862418 -0.007972 -0.506134 -6.014387
-0.505361 0.054189 0.861205 53.231346 0.019708 0.998491 -0.051263 -0.299740 -0.862683 -0.008933 -0.505667 -6.560532
-0.505126 0.053722 0.861372 54.120144 0.019323 0.998515 -0.050944 -0.359613 -0.862830 -0.009089 -0.505413 -7.089518
-0.504695 0.053339 0.861648 54.997082 0.018692 0.998531 -0.050864 -0.422272 -0.863095 -0.009565 -0.504951 -7.599416
-0.503276 0.052214 0.862547 55.879871 0.018790 0.998598 -0.049487 -0.482987 -0.863922 -0.008698 -0.503551 -8.117918
-0.500731 0.050438 0.864132 56.743206 0.019758 0.998707 -0.046844 -0.548851 -0.865377 -0.006383 -0.501080 -8.639869
-0.498048 0.049183 0.865754 57.606045 0.020694 0.998780 -0.044836 -0.615600 -0.866903 -0.004414 -0.498458 -9.153194
-0.495681 0.049093 0.867116 58.482296 0.021099 0.998787 -0.044486 -0.674032 -0.868248 -0.003756 -0.496115 -9.659084
-0.493390 0.050201 0.868358 59.369343 0.022387 0.998735 -0.045019 -0.725909 -0.869520 -0.002772 -0.493889 -10.169970
-0.492137 0.051083 0.869018 60.220581 0.022746 0.998690 -0.045825 -0.782683 -0.870221 -0.002785 -0.492654 -10.671840
-0.492672 0.053110 0.868593 61.073212 0.023010 0.998582 -0.048007 -0.838477 -0.869911 -0.003666 -0.493195 -11.174033
-0.495697 0.055239 0.866737 61.945229 0.022415 0.998457 -0.050815 -0.901031 -0.868206 -0.005761 -0.496170 -11.669836
-0.500285 0.056281 0.864030 62.804722 0.021963 0.998389 -0.052316 -0.958384 -0.865582 -0.007196 -0.500715 -12.170006
-0.505617 0.055418 0.860976 63.664211 0.024068 0.998452 -0.050133 -1.019139 -0.862422 -0.004626 -0.506168 -12.682978
-0.510899 0.053495 0.857975 64.522507 0.026043 0.998567 -0.046753 -1.080890 -0.859246 -0.001542 -0.511560 -13.205052
-0.516182 0.051770 0.854913 65.364723 0.024221 0.998655 -0.045850 -1.136837 -0.856136 -0.002960 -0.516742 -13.719104
-0.521358 0.055239 0.851548 66.220093 0.026522 0.998469 -0.048531 -1.196711 -0.852926 -0.002717 -0.522025 -14.238926
-0.526283 0.057490 0.848364 67.074249 0.027736 0.998342 -0.050447 -1.250820 -0.849857 -0.003019 -0.527005 -14.767643
-0.531091 0.058850 0.845269 67.923492 0.026887 0.998253 -0.052607 -1.311133 -0.846888 -0.005213 -0.531745 -15.299220
-0.534656 0.059041 0.843005 68.768906 0.025912 0.998233 -0.053478 -1.374919 -0.844672 -0.006748 -0.535241 -15.840662
-0.537729 0.058496 0.841086 69.602905 0.026985 0.998273 -0.052175 -1.437436 -0.842686 -0.005359 -0.538379 -16.385719
-0.539883 0.052157 0.840123 70.436157 0.028314 0.998639 -0.043803 -1.492530 -0.841264 0.000139 -0.540625 -16.932058
-0.541952 0.043808 0.839267 71.251213 0.028507 0.999024 -0.033739 -1.549185 -0.839926 0.005640 -0.542672 -17.464529
-0.543358 0.042067 0.838446 72.066315 0.028457 0.999093 -0.031686 -1.592569 -0.839019 0.006643 -0.544062 -17.995968
-0.544739 0.045671 0.837361 72.849869 0.025928 0.998956 -0.037618 -1.626612 -0.838205 0.001219 -0.545355 -18.491274
-0.545756 0.052002 0.836329 73.651978 0.026261 0.998644 -0.044957 -1.661722 -0.837533 -0.002573 -0.546381 -19.026777
-0.545559 0.055984 0.836201 74.448013 0.031284 0.998431 -0.046434 -1.704177 -0.837489 0.000827 -0.546454 -19.571898
-0.544987 0.056915 0.836510 75.236946 0.033334 0.998375 -0.046211 -1.750649 -0.837781 0.002700 -0.545999 -20.111813
-0.544528 0.053315 0.837047 76.011810 0.031210 0.998574 -0.043300 -1.798573 -0.838162 0.002546 -0.545416 -20.618044
-0.543676 0.048376 0.837900 76.768753 0.029685 0.998821 -0.038406 -1.846265 -0.838770 0.003993 -0.544471 -21.118006
-0.542599 0.041997 0.838941 77.547646 0.026735 0.999107 -0.032724 -1.892949 -0.839566 0.004673 -0.543237 -21.635921
-0.542421 0.036320 0.839321 78.325790 0.017891 0.999338 -0.031682 -1.934118 -0.839916 -0.002168 -0.542712 -22.124502
-0.541178 0.031201 0.840329 79.096169 0.010255 0.999482 -0.030505 -1.972341 -0.840846 -0.007891 -0.541217 -22.609804
-0.538608 0.032427 0.841932 79.859940 0.014425 0.999468 -0.029267 -2.017380 -0.842433 -0.003619 -0.538789 -23.112154
-0.535345 0.035865 0.843872 80.620308 0.018919 0.999357 -0.030471 -2.065876 -0.844422 -0.000348 -0.535679 -23.605171
-0.529939 0.039269 0.847126 81.396881 0.021232 0.999229 -0.033038 -2.103652 -0.847770 0.000478 -0.530364 -24.094791
-0.521507 0.041414 0.852242 82.185379 0.025284 0.999133 -0.033081 -2.139981 -0.852873 0.004296 -0.522101 -24.600597
-0.513062 0.044590 0.857193 82.972565 0.031135 0.998959 -0.033329 -2.176179 -0.857787 0.009589 -0.513916 -25.087526
-0.503368 0.043315 0.862986 83.750237 0.026826 0.999045 -0.034497 -2.208709 -0.863656 0.005786 -0.504049 -25.532909
-0.492834 0.040964 0.869158 84.522827 0.023064 0.999155 -0.034013 -2.237438 -0.869817 0.003284 -0.493363 -25.955128
-0.481599 0.037397 0.875593 85.313889 0.021919 0.999291 -0.030624 -2.279093 -0.876118 0.004443 -0.482077 -26.378817
-0.470791 0.036202 0.881502 86.104279 0.019379 0.999341 -0.030691 -2.314115 -0.882032 0.002634 -0.471182 -26.789595
-0.459357 0.035106 0.887558 86.897644 0.017702 0.999382 -0.030367 -2.343564 -0.888075 0.001763 -0.459695 -27.188334
-0.447421 0.036296 0.893587 87.666100 0.018796 0.999337 -0.031180 -2.379991 -0.894126 0.002846 -0.447807 -27.574856
-0.435073 0.040273 0.899494 88.457443 0.017951 0.999189 -0.036055 -2.422580 -0.900216 0.000460 -0.435443 -27.962456
-0.423045 0.049658 0.904747 89.238365 0.019700 0.998765 -0.045608 -2.457968 -0.905894 -0.001471 -0.423501 -28.342270
-0.410171 0.053895 0.910415 90.066093 0.016257 0.998526 -0.051786 -2.493533 -0.911864 -0.006441 -0.410442 -28.726036
-0.398518 0.049835 0.915806 90.900070 0.011468 0.998715 -0.049357 -2.538527 -0.917089 -0.009167 -0.398578 -29.095821
-0.386126 0.045818 0.921308 91.748543 0.007330 0.998887 -0.046604 -2.586559 -0.922417 -0.011242 -0.386032 -29.469469
-0.376033 0.046459 0.925441 92.575073 0.002736 0.998794 -0.049029 -2.637023 -0.926602 -0.015904 -0.375706 -29.817461
-0.368613 0.050922 0.928187 93.403168 -0.003596 0.998413 -0.056203 -2.688809 -0.929576 -0.024055 -0.367845 -30.155857
-0.363079 0.056061 0.930070 94.230423 -0.010859 0.997866 -0.064387 -2.734424 -0.931695 -0.033477 -0.361695 -30.494669
-0.359112 0.058245 0.931475 95.065948 -0.014525 0.997581 -0.067978 -2.792195 -0.933181 -0.037941 -0.357397 -30.829695
-0.355168 0.058231 0.932987 95.889519 -0.016237 0.997523 -0.068440 -2.856883 -0.934662 -0.039457 -0.353343 -31.152580
-0.349716 0.058700 0.935015 96.722153 -0.016059 0.997513 -0.068630 -2.924834 -0.936718 -0.039016 -0.347903 -31.477022
-0.343594 0.054652 0.937527 97.566887 -0.019009 0.997696 -0.065126 -2.989614 -0.938926 -0.040198 -0.341764 -31.799366
-0.338142 0.051166 0.939703 98.402458 -0.019318 0.997933 -0.061288 -3.054917 -0.940897 -0.038877 -0.336454 -32.105354
-0.332091 0.048431 0.942003 99.224060 -0.020706 0.998066 -0.058613 -3.119206 -0.943020 -0.038970 -0.330446 -32.406517
-0.326060 0.046935 0.944183 100.070641 -0.028819 0.997809 -0.059553 -3.182612 -0.944910 -0.046628 -0.323993 -32.696075
-0.319736 0.047410 0.946320 100.916962 -0.035799 0.997430 -0.062066 -3.241446 -0.946830 -0.053722 -0.317217 -32.972393
-0.312172 0.052114 0.948595 101.777267 -0.033511 0.997269 -0.065817 -3.303245 -0.949434 -0.052335 -0.309573 -33.269772
-0.304583 0.055653 0.950858 102.623970 -0.031397 0.997162 -0.068420 -3.370314 -0.951968 -0.050693 -0.301972 -33.557011
-0.297607 0.054052 0.953157 103.474289 -0.032397 0.997249 -0.066668 -3.433975 -0.954139 -0.050720 -0.295038 -33.832966
-0.290168 0.049444 0.955698 104.329117 -0.032622 0.997573 -0.061515 -3.502304 -0.956420 -0.049027 -0.287851 -34.102695
-0.282704 0.046776 0.958066 105.193466 -0.033991 0.997694 -0.058741 -3.571539 -0.958605 -0.049172 -0.280462 -34.369843
-0.275678 0.050271 0.959934 106.077400 -0.035730 0.997406 -0.062495 -3.636772 -0.960586 -0.051527 -0.273167 -34.631115
-0.268167 0.053289 0.961897 106.934380 -0.035259 0.997257 -0.065077 -3.701506 -0.962727 -0.051367 -0.265553 -34.898895
-0.260952 0.054176 0.963830 107.783272 -0.037499 0.997102 -0.066199 -3.763446 -0.964623 -0.053418 -0.258164 -35.140079
-0.253021 0.053753 0.965966 108.624458 -0.037997 0.997133 -0.065440 -3.827330 -0.966714 -0.053261 -0.250253 -35.385307
-0.244025 0.054228 0.968252 109.446854 -0.033293 0.997378 -0.064250 -3.884305 -0.969197 -0.047915 -0.241580 -35.625980
-0.234685 0.055598 0.970480 110.304008 -0.030291 0.997460 -0.064469 -3.950937 -0.971599 -0.044527 -0.232405 -35.881420
-0.226994 0.056289 0.972268 111.146729 -0.029723 0.997463 -0.064687 -4.012167 -0.973442 -0.043582 -0.224745 -36.109367
-0.218977 0.055817 0.974132 111.967300 -0.036252 0.997208 -0.065289 -4.063421 -0.975056 -0.049611 -0.216342 -36.323666
-0.211524 0.054517 0.975851 112.788666 -0.041174 0.997060 -0.064627 -4.116791 -0.976505 -0.053850 -0.208657 -36.538342
-0.205546 0.055228 0.977088 113.618889 -0.040265 0.997084 -0.064828 -4.160574 -0.977819 -0.052667 -0.202723 -36.750114
-0.199385 0.055985 0.978321 114.452126 -0.040506 0.997042 -0.065312 -4.208807 -0.979084 -0.052651 -0.196528 -36.955444
-0.193941 0.057790 0.979309 115.290871 -0.040434 0.996944 -0.066839 -4.264256 -0.980179 -0.052560 -0.191012 -37.133968
-0.186730 0.057244 0.980742 116.130119 -0.035423 0.997259 -0.064952 -4.317958 -0.981772 -0.046870 -0.184190 -37.324715
-0.180021 0.056281 0.982051 116.954445 -0.028999 0.997624 -0.062489 -4.373121 -0.983235 -0.039728 -0.177961 -37.513515
-0.173880 0.055818 0.983184 117.807610 -0.028437 0.997691 -0.061671 -4.426785 -0.984356 -0.038682 -0.171892 -37.704151
-0.167805 0.058122 0.984105 118.656700 -0.032191 0.997405 -0.064397 -4.472226 -0.985295 -0.042486 -0.165498 -37.894066
-0.163558 0.060423 0.984682 119.530251 -0.034993 0.997139 -0.067000 -4.527277 -0.985913 -0.045416 -0.160976 -38.059673
-0.160395 0.060007 0.985227 120.432167 -0.038387 0.997016 -0.066974 -4.592648 -0.986306 -0.048562 -0.157613 -38.246628
-0.158773 0.059366 0.985529 121.327431 -0.040250 0.996972 -0.066540 -4.649309 -0.986494 -0.050232 -0.155903 -38.409004
-0.156765 0.055151 0.986095 122.204391 -0.039604 0.997286 -0.062073 -4.708352 -0.986842 -0.048784 -0.154156 -38.573658
-0.154949 0.050446 0.986634 123.083733 -0.043042 0.997402 -0.057756 -4.756932 -0.986984 -0.051416 -0.152375 -38.731598
-0.153145 0.049008 0.986988 123.918045 -0.043973 0.997442 -0.056350 -4.806633 -0.987225 -0.052031 -0.150598 -38.881050
-0.151067 0.054245 0.987034 124.758347 -0.044866 0.997088 -0.061665 -4.858388 -0.987505 -0.053600 -0.148193 -39.026863
-0.150304 0.058786 0.986891 125.620216 -0.046795 0.996689 -0.066496 -4.903167 -0.987532 -0.056176 -0.147055 -39.180325
-0.149686 0.058428 0.987006 126.501297 -0.052299 0.996387 -0.066915 -4.953892 -0.987349 -0.061636 -0.146089 -39.333462
-0.148306 0.057775 0.987252 127.375305 -0.055309 0.996245 -0.066609 -5.022039 -0.987394 -0.064482 -0.144554 -39.479290
-0.146842 0.058635 0.987421 128.243744 -0.053672 0.996299 -0.067144 -5.081556 -0.987703 -0.062856 -0.143151 -39.629230
-0.145322 0.061543 0.987469 129.105026 -0.057159 0.995874 -0.070479 -5.142104 -0.987732 -0.066684 -0.141204 -39.766560
-0.146091 0.063012 0.987262 129.964050 -0.066991 0.995049 -0.073422 -5.210535 -0.987000 -0.076864 -0.141146 -39.877525
-0.145879 0.065201 0.987152 130.811432 -0.073558 0.994349 -0.076547 -5.279458 -0.986564 -0.083779 -0.140259 -39.989887
-0.144843 0.068992 0.987046 131.651535 -0.070401 0.994319 -0.079831 -5.354737 -0.986947 -0.081052 -0.139163 -40.120228
-0.143654 0.069941 0.987153 132.464874 -0.068081 0.994438 -0.080364 -5.437623 -0.987283 -0.078751 -0.138093 -40.240364
-0.141214 0.070972 0.987432 133.297287 -0.069447 0.994260 -0.081394 -5.517337 -0.987540 -0.080069 -0.135475 -40.365257
-0.138616 0.070250 0.987852 134.109375 -0.063763 0.994778 -0.079690 -5.583328 -0.988291 -0.074035 -0.133412 -40.491634
-0.134036 0.067102 0.988702 134.927887 -0.059936 0.995329 -0.075677 -5.655400 -0.989162 -0.069403 -0.129388 -40.623062
-0.130376 0.061804 0.989536 135.740677 -0.055126 0.996059 -0.069475 -5.738041 -0.989931 -0.063607 -0.126455 -40.755085
-0.126205 0.061450 0.990099 136.536987 -0.053746 0.996190 -0.068679 -5.809826 -0.990547 -0.061881 -0.122421 -40.859596
-0.120095 0.066500 0.990533 137.345703 -0.052957 0.995904 -0.073281 -5.883143 -0.991349 -0.061256 -0.116081 -40.973377
-0.112796 0.069630 0.991175 138.153046 -0.050607 0.995844 -0.075717 -5.954973 -0.992329 -0.058701 -0.108804 -41.074471
-0.103720 0.070732 0.992088 138.972061 -0.050792 0.995790 -0.076306 -6.017792 -0.993309 -0.058304 -0.099691 -41.169361
-0.093073 0.066199 0.993456 139.786026 -0.048005 0.996328 -0.070888 -6.092835 -0.994501 -0.054289 -0.089553 -41.254456
-0.080512 0.064685 0.994653 140.575333 -0.045785 0.996599 -0.068518 -6.159748 -0.995702 -0.051057 -0.077277 -41.328472
-0.066304 0.067531 0.995512 141.364441 -0.042067 0.996631 -0.070409 -6.219332 -0.996912 -0.046547 -0.063239 -41.387047
-0.052110 0.068489 0.996290 142.153610 -0.042930 0.996570 -0.070754 -6.286900 -0.997718 -0.046458 -0.048991 -41.421669
-0.038085 0.068472 0.996926 142.943344 -0.041065 0.996700 -0.070025 -6.352787 -0.998430 -0.043606 -0.035147 -41.452488
-0.024340 0.069949 0.997254 143.718414 -0.040670 0.996654 -0.070900 -6.420345 -0.998876 -0.042284 -0.021414 -41.469376
-0.011258 0.076456 0.997009 144.481522 -0.045670 0.995993 -0.076894 -6.490305 -0.998893 -0.046399 -0.007721 -41.463905
0.001193 0.085880 0.996305 145.247726 -0.052331 0.994946 -0.085700 -6.559078 -0.998629 -0.052035 0.005681 -41.447781
0.014772 0.094103 0.995453 146.006546 -0.056312 0.994060 -0.093136 -6.628528 -0.998304 -0.054680 0.019983 -41.423775
0.027903 0.094947 0.995091 146.777802 -0.058201 0.993944 -0.093205 -6.699866 -0.997915 -0.055314 0.033260 -41.396702
0.039306 0.091250 0.995052 147.524658 -0.061659 0.994145 -0.088731 -6.778515 -0.997323 -0.057866 0.044702 -41.349442
0.049793 0.089185 0.994770 148.286133 -0.065596 0.994147 -0.085846 -6.859388 -0.996603 -0.060979 0.055351 -41.302704
0.058709 0.095888 0.993659 149.032913 -0.068943 0.993389 -0.091788 -6.938651 -0.995892 -0.063117 0.064931 -41.250484
0.064929 0.103950 0.992461 149.775223 -0.072109 0.992448 -0.099231 -7.015297 -0.995281 -0.065122 0.071935 -41.190971
0.067888 0.107111 0.991927 150.537842 -0.074397 0.991996 -0.102027 -7.090146 -0.994915 -0.066870 0.075313 -41.134026
0.067568 0.102812 0.992403 151.294006 -0.076646 0.992272 -0.097580 -7.171456 -0.994766 -0.069471 0.074926 -41.074566
0.065979 0.098701 0.992927 152.046448 -0.077554 0.992593 -0.093514 -7.256666 -0.994803 -0.070836 0.073145 -41.022652
0.063174 0.095779 0.993396 152.790451 -0.075605 0.992983 -0.090931 -7.334207 -0.995135 -0.069361 0.069973 -40.973557
0.059888 0.095893 0.993588 153.515015 -0.073555 0.993093 -0.091412 -7.409844 -0.995491 -0.067608 0.066528 -40.921043
0.056208 0.096024 0.993791 154.251419 -0.072114 0.993155 -0.091884 -7.486079 -0.995811 -0.066501 0.062748 -40.878113
0.051525 0.094634 0.994178 155.003555 -0.072516 0.993227 -0.090785 -7.566938 -0.996035 -0.067416 0.058038 -40.836739
0.045930 0.095222 0.994396 155.732193 -0.073630 0.993061 -0.091693 -7.636841 -0.996227 -0.069006 0.052622 -40.793816
0.039722 0.093593 0.994818 156.471863 -0.075244 0.993057 -0.090423 -7.710535 -0.996374 -0.071262 0.046488 -40.755928
0.034123 0.090778 0.995286 157.209869 -0.072619 0.993459 -0.088121 -7.792058 -0.996776 -0.069269 0.040492 -40.732552
0.028988 0.090868 0.995441 157.941833 -0.073180 0.993380 -0.088549 -7.864962 -0.996897 -0.070279 0.035445 -40.710007
0.023326 0.092301 0.995458 158.656494 -0.074700 0.993106 -0.090333 -7.936858 -0.996933 -0.072253 0.030060 -40.683624
0.019109 0.094703 0.995322 159.362320 -0.075422 0.992804 -0.093015 -8.011897 -0.996969 -0.073292 0.026114 -40.660282
0.016689 0.097268 0.995118 160.070999 -0.076012 0.992500 -0.095737 -8.085555 -0.996967 -0.074043 0.023958 -40.646271
0.015247 0.098455 0.995025 160.779709 -0.072465 0.992632 -0.097108 -8.162005 -0.997254 -0.070623 0.022269 -40.635021
0.016174 0.096846 0.995168 161.489120 -0.069532 0.992998 -0.095504 -8.238016 -0.997449 -0.067651 0.022795 -40.624268
0.020498 0.093005 0.995455 162.203964 -0.066797 0.993567 -0.091453 -8.318935 -0.997556 -0.064618 0.026578 -40.612442
0.028379 0.092576 0.995301 162.912125 -0.065928 0.993707 -0.090548 -8.398970 -0.997421 -0.063049 0.034304 -40.593044
0.040120 0.093326 0.994827 163.613037 -0.063694 0.993842 -0.090665 -8.472545 -0.997163 -0.059727 0.045818 -40.566849
0.054940 0.093207 0.994130 164.301880 -0.061245 0.994073 -0.089817 -8.544733 -0.996610 -0.055951 0.060322 -40.529064
0.070495 0.090672 0.993383 164.988434 -0.061977 0.994334 -0.086361 -8.613845 -0.995585 -0.055479 0.075716 -40.475853
0.086448 0.086202 0.992520 165.670273 -0.067412 0.994472 -0.080500 -8.680561 -0.993973 -0.059949 0.091782 -40.405258
0.103126 0.079452 0.991490 166.346161 -0.068812 0.994986 -0.072575 -8.746025 -0.992285 -0.060742 0.108077 -40.331608
0.120377 0.072185 0.990100 167.019989 -0.069443 0.995522 -0.064138 -8.802185 -0.990296 -0.061035 0.124851 -40.245289
0.137989 0.064798 0.988312 167.691742 -0.070079 0.995995 -0.055517 -8.854562 -0.987951 -0.061599 0.141978 -40.145775
0.155197 0.058869 0.986128 168.353745 -0.071898 0.996249 -0.048158 -8.903069 -0.985264 -0.063426 0.158847 -40.032585
0.173066 0.056370 0.983296 169.002853 -0.072448 0.996385 -0.044369 -8.949080 -0.982242 -0.063559 0.176524 -39.910759
0.191227 0.054875 0.980011 169.646713 -0.070753 0.996609 -0.041999 -8.985680 -0.978992 -0.061308 0.194461 -39.781601
0.208705 0.054243 0.976473 170.290939 -0.071943 0.996607 -0.039985 -9.019411 -0.975329 -0.061906 0.211899 -39.638130
0.224535 0.053672 0.972987 170.921768 -0.077051 0.996334 -0.037179 -9.050459 -0.971415 -0.066622 0.227847 -39.480911
0.238477 0.050030 0.969859 171.543900 -0.078837 0.996373 -0.032013 -9.084352 -0.967943 -0.068826 0.241556 -39.314007
0.250845 0.046058 0.966931 172.160004 -0.075330 0.996767 -0.027937 -9.112248 -0.965092 -0.065831 0.253504 -39.155529
0.261879 0.044878 0.964057 172.769974 -0.073409 0.996951 -0.026468 -9.137975 -0.962305 -0.063839 0.264375 -38.992397
0.271497 0.048974 0.961192 173.374878 -0.078084 0.996533 -0.028719 -9.166129 -0.959266 -0.067256 0.274380 -38.811829
0.280141 0.056402 0.958300 173.966003 -0.082497 0.995994 -0.034504 -9.193206 -0.956407 -0.069391 0.283672 -38.621880
0.289237 0.066268 0.954961 174.550125 -0.082696 0.995601 -0.044041 -9.217459 -0.953679 -0.066233 0.293444 -38.439827
0.297742 0.071788 0.951943 175.138245 -0.077409 0.995700 -0.050877 -9.243710 -0.951503 -0.058541 0.302019 -38.262947
0.304253 0.070096 0.950009 175.734848 -0.076908 0.995841 -0.048847 -9.270675 -0.949481 -0.058202 0.308379 -38.070042
0.309938 0.062946 0.948671 176.339539 -0.079819 0.996006 -0.040010 -9.302231 -0.947400 -0.063322 0.313724 -37.860237
0.314401 0.052948 0.947812 176.950745 -0.084176 0.996065 -0.027721 -9.335077 -0.945551 -0.071067 0.317621 -37.653805
0.316501 0.045066 0.947521 177.555038 -0.084459 0.996243 -0.019172 -9.366626 -0.944825 -0.073959 0.319118 -37.445778
0.317873 0.043966 0.947113 178.161972 -0.080639 0.996558 -0.019197 -9.392962 -0.944698 -0.070272 0.320324 -37.248844
0.319311 0.046156 0.946525 178.771637 -0.077336 0.996751 -0.022516 -9.408102 -0.944489 -0.066011 0.321843 -37.047924
0.321428 0.045507 0.945840 179.388748 -0.074261 0.996980 -0.022731 -9.426585 -0.944017 -0.062933 0.323837 -36.846672
0.323435 0.043797 0.945236 180.026932 -0.076410 0.996875 -0.020044 -9.439148 -0.943160 -0.065742 0.325770 -36.630966
0.326495 0.040229 0.944342 180.667389 -0.076666 0.996929 -0.015963 -9.456755 -0.942085 -0.067187 0.328577 -36.412457
0.329857 0.035221 0.943374 181.303024 -0.076036 0.997048 -0.010638 -9.474627 -0.940964 -0.068221 0.331562 -36.192860
0.334635 0.032692 0.941781 181.933395 -0.074858 0.997162 -0.008016 -9.485198 -0.939370 -0.067817 0.336133 -35.971638
0.341023 0.029927 0.939578 182.571808 -0.072123 0.997380 -0.005591 -9.494400 -0.937284 -0.065859 0.342288 -35.742561
0.348936 0.026858 0.936761 183.206985 -0.070448 0.997513 -0.002358 -9.502155 -0.934495 -0.065170 0.349960 -35.504738
0.358569 0.024824 0.933173 183.839523 -0.067957 0.997688 -0.000428 -9.512274 -0.931026 -0.063262 0.359428 -35.263081
0.369513 0.026957 0.928834 184.489136 -0.069280 0.997596 -0.001392 -9.517792 -0.926639 -0.063835 0.370492 -34.998714
0.380846 0.030650 0.924130 185.135925 -0.070232 0.997522 -0.004140 -9.522169 -0.921967 -0.063326 0.382055 -34.725639
0.392140 0.033819 0.919284 185.770172 -0.071660 0.997410 -0.006125 -9.526739 -0.917110 -0.063474 0.393548 -34.446053
0.403695 0.033814 0.914268 186.398560 -0.070097 0.997523 -0.005942 -9.532651 -0.912204 -0.061688 0.405065 -34.165417
0.414711 0.030768 0.909433 187.023941 -0.069070 0.997609 -0.002255 -9.539550 -0.907328 -0.061879 0.415844 -33.876083
0.425467 0.029474 0.904494 187.664902 -0.070154 0.997536 0.000494 -9.545009 -0.902251 -0.063664 0.426486 -33.564457
0.436375 0.028839 0.899303 188.293365 -0.071079 0.997468 0.002503 -9.546384 -0.896953 -0.065014 0.437319 -33.252441
0.445395 0.027795 0.894903 188.917740 -0.074430 0.997208 0.006071 -9.546567 -0.892235 -0.069312 0.446220 -32.931377
0.452158 0.029063 0.891464 189.549759 -0.077679 0.996955 0.006897 -9.544972 -0.888549 -0.072367 0.453039 -32.603123
0.456376 0.026062 0.889405 190.189896 -0.077352 0.996949 0.010478 -9.546977 -0.886419 -0.073579 0.456999 -32.272190
0.458457 0.021963 0.888445 190.834793 -0.073732 0.997188 0.013395 -9.544831 -0.885653 -0.071648 0.458788 -31.940489
0.458963 0.022499 0.888171 191.482956 -0.069099 0.997555 0.010437 -9.538686 -0.885764 -0.066162 0.459395 -31.618856
0.457700 0.022898 0.888812 192.138092 -0.067808 0.997656 0.009217 -9.538375 -0.886517 -0.064487 0.458179 -31.279316
0.457389 0.023846 0.888947 192.806351 -0.064113 0.997923 0.006218 -9.535095 -0.886953 -0.059837 0.457968 -30.943447
0.457144 0.021900 0.889123 193.483597 -0.061112 0.998107 0.006836 -9.530975 -0.887290 -0.057461 0.457618 -30.598883
0.456693 0.015851 0.889483 194.164856 -0.057370 0.998285 0.011667 -9.531400 -0.887773 -0.056358 0.456819 -30.258362
0.455477 0.013046 0.890152 194.858063 -0.056864 0.998277 0.014466 -9.528778 -0.888430 -0.057207 0.455434 -29.904383
0.453883 0.010571 0.890999 195.542282 -0.055861 0.998300 0.016612 -9.527162 -0.889309 -0.057311 0.453702 -29.556095
0.452510 0.010673 0.891695 196.220856 -0.056336 0.998273 0.016640 -9.516182 -0.889978 -0.057764 0.452330 -29.209593
0.450743 0.010481 0.892592 196.902328 -0.057719 0.998181 0.017426 -9.511230 -0.890786 -0.059374 0.450528 -28.864164
0.449007 0.011578 0.893453 197.575226 -0.058321 0.998164 0.016374 -9.509878 -0.891623 -0.059459 0.448857 -28.521036
0.447706 0.014599 0.894062 198.260452 -0.056659 0.998321 0.012071 -9.506305 -0.892384 -0.056061 0.447781 -28.173437
0.447019 0.020571 0.894288 198.945190 -0.057184 0.998348 0.005619 -9.504902 -0.892695 -0.053651 0.447457 -27.828411
0.445744 0.023210 0.894860 199.622482 -0.058344 0.998292 0.003169 -9.502223 -0.893257 -0.053622 0.446336 -27.483971
0.443914 0.020715 0.895830 200.317413 -0.059279 0.998222 0.006291 -9.502647 -0.894107 -0.055896 0.444352 -27.125891
0.442769 0.017781 0.896459 201.003510 -0.060335 0.998128 0.010002 -9.506056 -0.894603 -0.058516 0.443013 -26.784206
0.439976 0.018563 0.897818 201.704391 -0.063534 0.997924 0.010502 -9.507943 -0.895759 -0.061662 0.440242 -26.428793
0.435255 0.018637 0.900114 202.394150 -0.065495 0.997792 0.011011 -9.506874 -0.897922 -0.063746 0.435514 -26.091640
0.428627 0.017150 0.903319 203.090698 -0.064434 0.997854 0.011629 -9.504673 -0.901181 -0.063189 0.428812 -25.761503
0.420110 0.016385 0.907325 203.775330 -0.062606 0.997978 0.010966 -9.506644 -0.905311 -0.061411 0.420287 -25.452797
0.410665 0.016982 0.911628 204.445221 -0.058823 0.998237 0.007903 -9.512930 -0.909887 -0.056870 0.410940 -25.165300
0.400499 0.020141 0.916076 205.131592 -0.059322 0.998231 0.003988 -9.516608 -0.914375 -0.055940 0.400985 -24.878307
0.389565 0.020134 0.920779 205.803909 -0.061473 0.998100 0.004183 -9.518901 -0.918945 -0.058232 0.390062 -24.608219
0.379126 0.011795 0.925270 206.492294 -0.055643 0.998400 0.010072 -9.524317 -0.923671 -0.055303 0.379175 -24.339525
0.371095 0.003173 0.928589 207.180908 -0.051039 0.998552 0.016985 -9.528132 -0.927191 -0.053697 0.370720 -24.086178
0.364562 -0.002734 0.931175 207.868805 -0.049096 0.998548 0.022153 -9.527417 -0.929884 -0.053793 0.363898 -23.833052
0.360173 -0.003421 0.932879 208.555496 -0.054151 0.998230 0.024568 -9.520210 -0.931312 -0.059365 0.359351 -23.565784
0.357728 -0.005589 0.933809 209.260681 -0.051892 0.998318 0.025854 -9.510205 -0.932383 -0.057706 0.356836 -23.302767
0.356440 -0.007160 0.934291 209.966721 -0.049927 0.998396 0.026699 -9.502673 -0.932983 -0.056163 0.355510 -23.044434
0.355470 -0.005080 0.934674 210.691147 -0.049913 0.998455 0.024410 -9.487741 -0.933354 -0.055329 0.354668 -22.768763
0.355183 -0.003091 0.934792 211.408218 -0.052574 0.998346 0.023277 -9.474919 -0.933317 -0.057413 0.354433 -22.497078
0.355716 -0.003925 0.934586 212.141479 -0.051551 0.998386 0.023814 -9.455655 -0.933171 -0.056650 0.354939 -22.220007
0.357280 -0.005527 0.933981 212.867676 -0.051420 0.998350 0.025578 -9.446294 -0.932581 -0.057164 0.356406 -21.944672
0.358769 -0.007705 0.933394 213.604858 -0.049295 0.998414 0.027190 -9.436267 -0.932124 -0.055767 0.357821 -21.669353
0.360545 -0.009423 0.932694 214.336243 -0.044106 0.998658 0.027140 -9.422417 -0.931698 -0.050923 0.359646 -21.398743
0.363724 -0.011049 0.931441 215.091629 -0.042413 0.998696 0.028409 -9.403475 -0.930541 -0.049839 0.362781 -21.115040
0.367947 -0.012786 0.929759 215.844193 -0.042881 0.998608 0.030703 -9.386106 -0.928857 -0.051166 0.366887 -20.824757
0.373032 -0.016829 0.927666 216.614990 -0.043394 0.998425 0.035563 -9.363839 -0.926803 -0.053521 0.371714 -20.520264
0.378111 -0.020404 0.925536 217.355484 -0.043515 0.998260 0.039785 -9.340118 -0.924737 -0.055318 0.376565 -20.221195
0.382123 -0.020742 0.923879 218.097946 -0.043455 0.998239 0.040384 -9.318298 -0.923089 -0.055579 0.380548 -19.916193
0.386426 -0.015769 0.922186 218.842117 -0.048478 0.998124 0.037382 -9.293976 -0.921046 -0.059151 0.384937 -19.601135
0.390817 -0.009203 0.920422 219.560745 -0.053345 0.998043 0.032629 -9.261147 -0.918921 -0.061852 0.389561 -19.288736
0.395160 -0.005771 0.918594 220.273239 -0.057391 0.997872 0.030958 -9.239902 -0.916818 -0.064952 0.393988 -18.971746
0.399578 -0.005674 0.916682 221.012054 -0.059247 0.997730 0.032001 -9.221621 -0.914783 -0.067098 0.398335 -18.647774
0.403662 -0.003606 0.914901 221.732681 -0.060346 0.997710 0.030558 -9.211584 -0.912916 -0.067546 0.402520 -18.330816
0.407745 -0.000768 0.913096 222.467941 -0.060844 0.997754 0.028009 -9.194787 -0.911067 -0.066977 0.406782 -18.004541
0.412279 -0.000368 0.911058 223.209625 -0.060935 0.997750 0.027978 -9.177246 -0.909018 -0.067050 0.411329 -17.671329
0.416827 -0.001494 0.908984 223.948471 -0.061233 0.997681 0.029719 -9.163811 -0.906921 -0.068048 0.415769 -17.332750
0.421174 -0.001718 0.906978 224.694641 -0.057739 0.997919 0.028703 -9.142991 -0.905140 -0.064457 0.420199 -16.990177
0.425646 -0.001636 0.904888 225.433731 -0.054964 0.998105 0.027659 -9.128957 -0.903219 -0.061510 0.424749 -16.649778
0.429856 0.001036 0.902897 226.169235 -0.056556 0.998067 0.025780 -9.106922 -0.901124 -0.062146 0.429083 -16.300793
0.434278 0.001603 0.900778 226.896408 -0.061721 0.997701 0.027981 -9.088032 -0.898662 -0.067748 0.433378 -15.947643
0.438653 0.002141 0.898654 227.631668 -0.065391 0.997422 0.029542 -9.069797 -0.896274 -0.071723 0.437662 -15.586662
0.442736 0.005067 0.896637 228.357239 -0.063501 0.997650 0.025717 -9.052939 -0.894400 -0.068323 0.442018 -15.229350
0.446755 0.011944 0.894576 229.074661 -0.063309 0.997826 0.018294 -9.039236 -0.892413 -0.064807 0.446540 -14.877217
0.450035 0.018864 0.892812 229.790024 -0.069775 0.997463 0.014096 -9.027761 -0.890281 -0.068639 0.450210 -14.512935
0.452809 0.018700 0.891411 230.514465 -0.076003 0.996951 0.017693 -9.009693 -0.888362 -0.075761 0.452850 -14.135093
0.455718 0.009344 0.890075 231.259750 -0.075803 0.996720 0.028348 -8.993538 -0.886891 -0.080389 0.454931 -13.764800
0.457694 -0.002473 0.889107 231.991547 -0.072449 0.996567 0.040067 -8.973144 -0.886153 -0.082753 0.455943 -13.396069
0.459810 -0.009635 0.887965 232.725296 -0.073896 0.996058 0.049073 -8.947371 -0.884938 -0.088181 0.457285 -13.022913
0.462083 -0.010661 0.886773 233.458893 -0.075309 0.995844 0.051214 -8.912652 -0.883633 -0.090447 0.459360 -12.645504
0.464763 -0.005925 0.885415 234.177597 -0.075110 0.996109 0.046092 -8.876546 -0.882243 -0.087926 0.462510 -12.265198
0.468822 0.000162 0.883292 234.906296 -0.074166 0.996476 0.039182 -8.837615 -0.880173 -0.083879 0.467182 -11.881464
0.473129 0.004747 0.880980 235.643997 -0.074045 0.996662 0.034396 -8.806948 -0.877876 -0.081506 0.471901 -11.480915
0.477366 0.006609 0.878680 236.390167 -0.072273 0.996879 0.031766 -8.782080 -0.875727 -0.078669 0.476354 -11.077646
0.481370 0.009012 0.876471 237.131042 -0.071649 0.997005 0.029100 -8.754876 -0.873584 -0.076806 0.480574 -10.671036
0.485220 0.007781 0.874357 237.880371 -0.070270 0.997073 0.030123 -8.726899 -0.871564 -0.076058 0.484347 -10.255472
0.488681 0.002624 0.872459 238.633957 -0.068193 0.997051 0.035198 -8.701415 -0.869794 -0.076696 0.487418 -9.839314
0.491611 -0.003361 0.870808 239.359970 -0.065547 0.997013 0.040853 -8.675187 -0.868345 -0.077163 0.489922 -9.436707
0.494455 -0.009470 0.869151 240.050964 -0.062859 0.996933 0.046622 -8.652062 -0.866927 -0.077687 0.492344 -9.073662
0.496913 -0.014752 0.867675 240.745483 -0.060160 0.996864 0.051402 -8.620933 -0.865712 -0.077741 0.494468 -8.703012
0.498812 -0.021673 0.866439 241.447098 -0.057803 0.996630 0.058208 -8.588957 -0.864781 -0.079118 0.495878 -8.325434
0.500855 -0.022355 0.865243 242.161133 -0.057280 0.996619 0.058907 -8.553562 -0.863634 -0.079065 0.497881 -7.935672
0.502319 -0.010957 0.864613 242.856110 -0.065442 0.996570 0.050649 -8.524836 -0.862203 -0.082023 0.499879 -7.528591
0.502963 0.002226 0.864305 243.554794 -0.066723 0.997112 0.036260 -8.492720 -0.861728 -0.075907 0.501660 -7.119879
0.503943 0.009791 0.863682 244.280960 -0.066506 0.997407 0.027498 -8.456384 -0.861173 -0.071298 0.503287 -6.703424
0.503671 0.007467 0.863863 245.031433 -0.065858 0.997385 0.029777 -8.430736 -0.861381 -0.071890 0.502846 -6.265215
