1.000000 0.000000 0.000000 0.000000 0.000000 1.000000 0.000000 0.000000 0.000000 0.000000 1.000000 0.000000
0.999993 -0.001765 -0.003156 0.016618 0.001762 0.999998 -0.001115 -0.006507 0.003158 0.001109 0.999994 0.544275
0.999971 -0.000846 -0.007615 0.015991 0.000829 0.999997 -0.002263 -0.013921 0.007617 0.002257 0.999968 1.228658
0.999921 -0.000159 -0.012551 0.015431 0.000114 0.999994 -0.003572 -0.021485 0.012551 0.003570 0.999915 1.954867
0.999835 0.001776 -0.018067 0.005791 -0.001856 0.999988 -0.004458 -0.029091 0.018059 0.004491 0.999827 2.691605
0.999742 0.001398 -0.022654 -0.002164 -0.001505 0.999988 -0.004686 -0.042934 0.022647 0.004719 0.999732 3.440940
0.999613 0.002236 -0.027719 -0.023182 -0.002387 0.999983 -0.005409 -0.058193 0.027707 0.005473 0.999601 4.201766
0.999461 0.004809 -0.032475 -0.057012 -0.004997 0.999971 -0.005694 -0.070263 0.032447 0.005853 0.999456 4.987645
0.999294 0.006470 -0.037011 -0.090586 -0.006651 0.999967 -0.004772 -0.081650 0.036979 0.005014 0.999303 5.796701
0.999120 0.006737 -0.041389 -0.124879 -0.006834 0.999974 -0.002216 -0.099569 0.041373 0.002497 0.999141 6.619318
0.998945 0.006441 -0.045462 -0.154701 -0.006469 0.999979 -0.000477 -0.119173 0.045458 0.000770 0.998966 7.447062
0.998805 0.007393 -0.048316 -0.200448 -0.007426 0.999972 -0.000522 -0.131579 0.048310 0.000880 0.998832 8.264682
0.998716 0.007486 -0.050102 -0.249795 -0.007560 0.999971 -0.001278 -0.142333 0.050090 0.001655 0.998743 9.091496
0.998668 0.006410 -0.051206 -0.286777 -0.006500 0.999978 -0.001593 -0.160590 0.051195 0.001923 0.998687 9.927162
0.998532 0.006088 -0.053823 -0.330562 -0.006147 0.999981 -0.000924 -0.171666 0.053816 0.001254 0.998550 10.784071
0.998418 0.005269 -0.055973 -0.369678 -0.005343 0.999985 -0.001183 -0.190907 0.055966 0.001480 0.998432 11.651403
0.998255 0.006138 -0.058726 -0.426771 -0.006305 0.999977 -0.002671 -0.208119 0.058708 0.003037 0.998271 12.528509
0.998103 0.007337 -0.061134 -0.487813 -0.007641 0.999960 -0.004731 -0.226469 0.061097 0.005189 0.998118 13.421793
0.998017 0.010299 -0.062097 -0.557884 -0.010696 0.999924 -0.006059 -0.245599 0.062030 0.006712 0.998052 14.301484
0.997909 0.011785 -0.063555 -0.621635 -0.012196 0.999907 -0.006086 -0.262413 0.063478 0.006848 0.997960 15.205111
0.997762 0.011971 -0.065792 -0.679005 -0.012315 0.999913 -0.004834 -0.286345 0.065729 0.005633 0.997822 16.136545
0.997605 0.012494 -0.068025 -0.740569 -0.012763 0.999912 -0.003515 -0.309884 0.067975 0.004375 0.997677 17.062351
0.997482 0.012899 -0.069735 -0.804864 -0.013146 0.999909 -0.003087 -0.333833 0.069689 0.003996 0.997561 17.988268
0.997337 0.013088 -0.071741 -0.872092 -0.013438 0.999900 -0.004397 -0.348946 0.071676 0.005349 0.997414 18.893040
0.997272 0.012506 -0.072753 -0.939068 -0.012919 0.999903 -0.005211 -0.371219 0.072680 0.006137 0.997336 19.808681
0.997226 0.012728 -0.073336 -1.006533 -0.013042 0.999908 -0.003805 -0.396523 0.073281 0.004750 0.997300 20.739611
0.997232 0.014121 -0.073005 -1.086147 -0.014246 0.999898 -0.001196 -0.417594 0.072981 0.002233 0.997331 21.674620
0.997280 0.014209 -0.072323 -1.161916 -0.014150 0.999899 0.001329 -0.437977 0.072335 -0.000302 0.997380 22.620668
0.997408 0.013623 -0.070654 -1.222695 -0.013400 0.999904 0.003627 -0.452181 0.070696 -0.002671 0.997494 23.569027
0.997528 0.013045 -0.069051 -1.289614 -0.012793 0.999910 0.004093 -0.466620 0.069098 -0.003200 0.997605 24.520515
0.997619 0.013725 -0.067580 -1.359291 -0.013655 0.999906 0.001502 -0.484374 0.067595 -0.000576 0.997713 25.471054
0.997718 0.013531 -0.066145 -1.432260 -0.013771 0.999900 -0.003184 -0.500232 0.066096 0.004088 0.997805 26.413897
0.997837 0.013188 -0.064400 -1.498932 -0.013626 0.999887 -0.006368 -0.517839 0.064309 0.007232 0.997904 27.366850
0.997899 0.012251 -0.063627 -1.559271 -0.012656 0.999902 -0.005966 -0.542434 0.063548 0.006758 0.997956 28.339937
0.997925 0.010651 -0.063504 -1.618479 -0.010812 0.999939 -0.002199 -0.564937 0.063477 0.002881 0.997979 29.329407
0.997910 0.008681 -0.064036 -1.674683 -0.008652 0.999962 0.000722 -0.588503 0.064040 -0.000167 0.997947 30.329216
0.997887 0.002171 -0.064932 -1.712180 -0.002188 0.999998 -0.000186 -0.610870 0.064932 0.000328 0.997890 31.313181
0.997781 -0.000922 -0.066569 -1.765411 0.000693 0.999994 -0.003464 -0.631784 0.066572 0.003410 0.997776 32.292465
0.997650 -0.000534 -0.068516 -1.834060 0.000060 0.999976 -0.006920 -0.650067 0.068518 0.006900 0.997626 33.275414
0.997482 0.000543 -0.070920 -1.907848 -0.001110 0.999968 -0.007953 -0.667040 0.070914 0.008012 0.997450 34.270145
0.997428 0.001179 -0.071670 -1.983428 -0.001675 0.999975 -0.006862 -0.697620 0.071660 0.006964 0.997405 35.287621
0.997297 0.002769 -0.073426 -2.065784 -0.003143 0.999983 -0.004982 -0.715560 0.073411 0.005199 0.997288 36.318405
0.997223 0.003452 -0.074395 -2.148873 -0.003758 0.999985 -0.003976 -0.739482 0.074380 0.004244 0.997221 37.323975
0.997146 0.003115 -0.075438 -2.224972 -0.003290 0.999992 -0.002195 -0.755670 0.075430 0.002437 0.997148 38.336571
0.997144 0.002825 -0.075470 -2.306664 -0.002800 0.999996 0.000435 -0.781530 0.075471 -0.000222 0.997148 39.352169
0.997106 0.005502 -0.075824 -2.398298 -0.005380 0.999984 0.001812 -0.793117 0.075833 -0.001399 0.997120 40.366272
0.997113 0.006230 -0.075670 -2.479806 -0.006169 0.999980 0.001040 -0.807412 0.075675 -0.000570 0.997132 41.360233
0.997155 0.006269 -0.075120 -2.554214 -0.006317 0.999980 -0.000405 -0.833738 0.075116 0.000879 0.997174 42.347248
0.997202 0.008637 -0.074248 -2.643865 -0.008852 0.999958 -0.002572 -0.857816 0.074223 0.003222 0.997236 43.325539
0.997133 0.010460 -0.074941 -2.728129 -0.010722 0.999938 -0.003096 -0.881498 0.074904 0.003891 0.997183 44.321663
0.997074 0.009421 -0.075864 -2.803860 -0.009652 0.999950 -0.002681 -0.903148 0.075835 0.003405 0.997115 45.314735
0.997018 0.010420 -0.076466 -2.886182 -0.010579 0.999943 -0.001675 -0.931554 0.076444 0.002479 0.997071 46.313526
0.996918 0.012903 -0.077386 -2.970708 -0.013259 0.999904 -0.004098 -0.969651 0.077326 0.005112 0.996993 47.310818
0.996830 0.014999 -0.078129 -3.056145 -0.015704 0.999841 -0.008413 -0.986842 0.077990 0.009613 0.996908 48.281139
0.996762 0.016466 -0.078701 -3.142363 -0.017273 0.999805 -0.009592 -1.018250 0.078528 0.010920 0.996852 49.264160
0.996719 0.016267 -0.079292 -3.222937 -0.016906 0.999830 -0.007400 -1.041369 0.079158 0.008716 0.996824 50.247650
0.996687 0.014013 -0.080116 -3.298735 -0.014443 0.999884 -0.004789 -1.074700 0.080040 0.005930 0.996774 51.243301
0.996648 0.013087 -0.080760 -3.378828 -0.013503 0.999898 -0.004602 -1.095374 0.080691 0.005677 0.996723 52.219063
0.996638 0.009633 -0.081362 -3.451188 -0.010153 0.999931 -0.005981 -1.117949 0.081299 0.006787 0.996667 53.183632
0.996596 0.007226 -0.082118 -3.521346 -0.007861 0.999942 -0.007422 -1.144751 0.082059 0.008042 0.996595 54.144360
0.996555 0.006113 -0.082705 -3.601490 -0.006679 0.999956 -0.006569 -1.165748 0.082661 0.007099 0.996552 55.097946
0.996502 0.004927 -0.083425 -3.674962 -0.005232 0.999980 -0.003439 -1.182728 0.083406 0.003864 0.996508 56.046043
0.996416 0.002765 -0.084540 -3.748848 -0.002704 0.999996 0.000833 -1.210772 0.084542 -0.000602 0.996420 57.016453
0.996351 0.003527 -0.085274 -3.838097 -0.003331 0.999991 0.002445 -1.224526 0.085282 -0.002152 0.996355 57.977089
0.996235 0.002840 -0.086649 -3.924389 -0.002946 0.999995 -0.001092 -1.242496 0.086646 0.001343 0.996238 58.918652
0.996140 0.002938 -0.087732 -4.008698 -0.003693 0.999958 -0.008439 -1.260910 0.087703 0.008730 0.996108 59.845051
0.996048 0.005256 -0.088658 -4.103666 -0.006423 0.999896 -0.012875 -1.290887 0.088581 0.013394 0.995979 60.767410
0.995922 0.009427 -0.089722 -4.205347 -0.010619 0.999861 -0.012823 -1.312323 0.089589 0.013724 0.995884 61.695164
0.995773 0.011768 -0.091096 -4.295127 -0.012820 0.999858 -0.010963 -1.342986 0.090954 0.012084 0.995782 62.610134
0.995631 0.013625 -0.092378 -4.386443 -0.014559 0.999849 -0.009448 -1.376165 0.092235 0.010752 0.995679 63.499454
0.995523 0.014186 -0.093454 -4.474617 -0.015103 0.999844 -0.009112 -1.405200 0.093310 0.010483 0.995582 64.371246
0.995326 0.015474 -0.095327 -4.557257 -0.016350 0.999831 -0.008415 -1.430994 0.095181 0.009934 0.995410 65.235016
0.995167 0.016082 -0.096868 -4.644771 -0.016939 0.999824 -0.008036 -1.457164 0.096722 0.009638 0.995265 66.084061
0.994983 0.016665 -0.098648 -4.726104 -0.017526 0.999815 -0.007867 -1.484330 0.098498 0.009556 0.995091 66.924591
0.994821 0.016779 -0.100244 -4.805638 -0.017591 0.999819 -0.007222 -1.508434 0.100104 0.008948 0.994937 67.754166
0.994591 0.018929 -0.102131 -4.897349 -0.019556 0.999795 -0.005147 -1.533030 0.102013 0.007117 0.994758 68.572662
0.994376 0.020436 -0.103913 -4.995375 -0.020817 0.999780 -0.002590 -1.552240 0.103837 0.004738 0.994583 69.377914
0.994108 0.021349 -0.106273 -5.086389 -0.021597 0.999766 -0.001180 -1.573377 0.106223 0.003468 0.994336 70.165024
0.993877 0.022429 -0.108196 -5.180593 -0.023058 0.999724 -0.004557 -1.600090 0.108064 0.007024 0.994119 70.918610
0.993688 0.022325 -0.109935 -5.268920 -0.023750 0.999650 -0.011672 -1.618234 0.109636 0.014210 0.993870 71.641045
0.993569 0.021505 -0.111167 -5.342760 -0.023560 0.999574 -0.017208 -1.642626 0.110749 0.019716 0.993653 72.351410
0.993485 0.022904 -0.111638 -5.426694 -0.025183 0.999501 -0.019046 -1.664462 0.111146 0.021733 0.993566 73.048820
0.993348 0.025462 -0.112301 -5.515327 -0.027499 0.999484 -0.016620 -1.692963 0.111820 0.019598 0.993535 73.747055
0.993194 0.025348 -0.113683 -5.592900 -0.027234 0.999516 -0.015067 -1.719799 0.113246 0.018061 0.993403 74.417755
0.993043 0.023111 -0.115461 -5.662067 -0.025337 0.999520 -0.017851 -1.748191 0.114993 0.020652 0.993152 75.065575
0.993146 0.017279 -0.115594 -5.713400 -0.020037 0.999541 -0.022739 -1.778884 0.115148 0.024899 0.993036 75.685692
0.993266 0.013516 -0.115064 -5.773236 -0.016752 0.999490 -0.027198 -1.810468 0.114637 0.028942 0.992986 76.293816
0.993550 0.015428 -0.112338 -5.850958 -0.018660 0.999440 -0.027767 -1.840144 0.111846 0.029685 0.993282 76.894371
0.993894 0.019180 -0.108663 -5.932870 -0.022109 0.999422 -0.025809 -1.862349 0.108105 0.028054 0.993744 77.488693
0.994399 0.018601 -0.104042 -5.993808 -0.021133 0.999505 -0.023289 -1.887188 0.103557 0.025358 0.994300 78.074059
0.995013 0.016224 -0.098413 -6.040131 -0.018268 0.999635 -0.019908 -1.911440 0.098054 0.021607 0.994946 78.630043
0.995801 0.013093 -0.090608 -6.084687 -0.014668 0.999752 -0.016741 -1.942772 0.090367 0.018000 0.995746 79.176178
0.996659 0.014957 -0.080297 -6.139558 -0.016350 0.999726 -0.016728 -1.972002 0.080025 0.017985 0.996631 79.690140
0.997593 0.019461 -0.066555 -6.204779 -0.020628 0.999645 -0.016888 -1.994125 0.066202 0.018220 0.997640 80.192146
0.998509 0.023526 -0.049251 -6.255206 -0.024367 0.999566 -0.016535 -2.008890 0.048840 0.017710 0.998650 80.693497
0.999335 0.023032 -0.028261 -6.281609 -0.023509 0.999585 -0.016661 -2.021061 0.027865 0.017315 0.999462 81.176926
0.999794 0.020007 -0.003481 -6.279596 -0.020061 0.999668 -0.016180 -2.038945 0.003157 0.016247 0.999863 81.641899
0.999521 0.018363 0.024900 -6.277098 -0.017997 0.999728 -0.014845 -2.060000 -0.025165 0.014389 0.999580 82.104805
0.998230 0.017252 0.056914 -6.255761 -0.016501 0.999771 -0.013644 -2.075519 -0.057136 0.012681 0.998286 82.563034
0.995494 0.016473 0.093386 -6.221925 -0.015281 0.999793 -0.013465 -2.091874 -0.093588 0.011977 0.995539 83.004921
0.990800 0.015792 0.134407 -6.167233 -0.014143 0.999813 -0.013212 -2.106915 -0.134590 0.011189 0.990838 83.440468
0.983851 0.015008 0.178357 -6.095634 -0.012830 0.999828 -0.013357 -2.121639 -0.178527 0.010853 0.983875 83.865936
0.973872 0.015965 0.226534 -6.007349 -0.013082 0.999813 -0.014224 -2.140876 -0.226719 0.010889 0.973899 84.271042
0.960373 0.015932 0.278261 -5.898747 -0.012007 0.999803 -0.015806 -2.156860 -0.278458 0.011838 0.960375 84.666298
0.942756 0.014846 0.333154 -5.768304 -0.009906 0.999814 -0.016523 -2.169624 -0.333337 0.012277 0.942728 85.048508
0.920796 0.014142 0.389788 -5.614223 -0.008200 0.999824 -0.016905 -2.182789 -0.389959 0.012369 0.920749 85.403305
0.894363 0.013265 0.447145 -5.442833 -0.006028 0.999827 -0.017604 -2.187751 -0.447301 0.013049 0.894288 85.747070
0.863560 0.010785 0.504130 -5.241463 -0.002264 0.999844 -0.017512 -2.204450 -0.504240 0.013982 0.863450 86.070084
0.829332 0.009716 0.558671 -5.020823 -0.000190 0.999854 -0.017107 -2.219574 -0.558756 0.014081 0.829213 86.372612
0.791934 0.007576 0.610560 -4.780477 0.001971 0.999886 -0.014963 -2.238142 -0.610604 0.013053 0.791828 86.665543
0.751570 0.005999 0.659626 -4.533111 0.002529 0.999925 -0.011975 -2.248908 -0.659648 0.010668 0.751499 86.953079
0.709241 0.004723 0.704950 -4.267533 0.003743 0.999938 -0.010464 -2.255180 -0.704956 0.010060 0.709180 87.221146
0.665079 0.003041 0.746767 -3.979943 0.007249 0.999918 -0.010528 -2.262189 -0.746738 0.012415 0.665003 87.455971
0.620477 -0.000139 0.784225 -3.670143 0.012307 0.999879 -0.009560 -2.278185 -0.784128 0.015584 0.620403 87.673363
0.575692 -0.000192 0.817667 -3.370655 0.012081 0.999893 -0.008271 -2.298067 -0.817577 0.014640 0.575633 87.886566
0.530690 0.001083 0.847566 -3.057199 0.010065 0.999921 -0.007580 -2.308016 -0.847506 0.012553 0.530637 88.088623
0.486608 0.002245 0.873617 -2.730038 0.010031 0.999916 -0.008157 -2.311276 -0.873563 0.012732 0.486545 88.267418
0.445520 -0.000052 0.895272 -2.384336 0.015587 0.999849 -0.007698 -2.302593 -0.895137 0.017384 0.445453 88.410835
0.407086 -0.007944 0.913355 -2.010148 0.028695 0.999580 -0.004096 -2.310342 -0.912939 0.027876 0.407143 88.521141
0.372920 -0.012987 0.927773 -1.638893 0.034141 0.999417 0.000267 -2.330739 -0.927235 0.031576 0.373146 88.640305
0.340354 -0.011417 0.940228 -1.277265 0.032499 0.999472 0.000372 -2.351453 -0.939736 0.030430 0.340545 88.779549
0.310206 -0.005087 0.950656 -0.922882 0.024249 0.999703 -0.002563 -2.364743 -0.950360 0.023847 0.310237 88.932671
0.282624 -0.000177 0.959231 -0.549627 0.018901 0.999807 -0.005385 -2.365624 -0.959045 0.019653 0.282573 89.065598
0.257422 0.001216 0.966298 -0.155190 0.020119 0.999776 -0.006618 -2.370701 -0.966090 0.021144 0.257340 89.164467
0.234850 0.001637 0.972030 0.254201 0.026543 0.999615 -0.008097 -2.369181 -0.971669 0.027702 0.234716 89.238426
0.214480 0.006132 0.976709 0.663275 0.033723 0.999338 -0.013679 -2.371741 -0.976146 0.035871 0.214131 89.300751
0.195438 0.012025 0.980642 1.078880 0.034400 0.999225 -0.019109 -2.375400 -0.980113 0.037469 0.194873 89.382195
0.178103 0.012768 0.983929 1.527584 0.031711 0.999322 -0.018708 -2.388958 -0.983501 0.034534 0.177577 89.471382
0.163151 0.009485 0.986556 2.002214 0.029963 0.999445 -0.014564 -2.406418 -0.986146 0.031936 0.162776 89.560387
0.149232 0.006138 0.988783 2.483304 0.030861 0.999465 -0.010862 -2.424684 -0.988320 0.032135 0.148963 89.637848
0.136848 0.003705 0.990585 2.981370 0.032442 0.999440 -0.008220 -2.437440 -0.990061 0.033262 0.136651 89.700653
0.126011 0.002381 0.992026 3.494539 0.034928 0.999366 -0.006835 -2.447402 -0.991414 0.035511 0.125848 89.752632
0.116383 0.002474 0.993201 4.011522 0.037820 0.999261 -0.006921 -2.463279 -0.992484 0.038369 0.116204 89.804665
0.109057 0.002681 0.994032 4.549761 0.039300 0.999203 -0.007007 -2.478347 -0.993258 0.039830 0.108865 89.856026
0.103704 0.003047 0.994604 5.103595 0.040337 0.999160 -0.007267 -2.491220 -0.993790 0.040873 0.103494 89.907234
0.098566 0.003749 0.995123 5.666745 0.042153 0.999080 -0.007939 -2.506252 -0.994237 0.042730 0.098318 89.961380
0.093080 0.004354 0.995649 6.255823 0.042617 0.999057 -0.008353 -2.519302 -0.994746 0.043209 0.092807 90.018730
0.089177 0.004609 0.996005 6.876005 0.044421 0.998976 -0.008600 -2.531106 -0.995025 0.045010 0.088881 90.074974
0.086510 0.004355 0.996241 7.508878 0.045282 0.998940 -0.008299 -2.553041 -0.995221 0.045830 0.086221 90.128967
0.083729 0.003820 0.996481 8.156978 0.044863 0.998964 -0.007599 -2.574682 -0.995478 0.045342 0.083470 90.185913
0.081946 0.003273 0.996631 8.824629 0.046058 0.998914 -0.007067 -2.590581 -0.995572 0.046482 0.081706 90.234924
0.082075 0.002836 0.996622 9.512217 0.048337 0.998808 -0.006823 -2.606113 -0.995453 0.048734 0.081840 90.280083
0.083587 0.002426 0.996498 10.218239 0.050415 0.998706 -0.006661 -2.622389 -0.995224 0.050795 0.083357 90.326965
0.086432 0.002276 0.996255 10.928667 0.051917 0.998628 -0.006786 -2.641266 -0.994904 0.052309 0.086195 90.374146
0.090904 0.002236 0.995857 11.649417 0.053242 0.998556 -0.007103 -2.655965 -0.994435 0.053667 0.090654 90.430565
0.095235 0.001836 0.995453 12.381596 0.053820 0.998526 -0.006991 -2.674053 -0.993999 0.054241 0.094996 90.498199
0.100187 0.000888 0.994968 13.141702 0.052679 0.998592 -0.006196 -2.691771 -0.993573 0.053035 0.099999 90.568718
0.104642 -0.000406 0.994510 13.923875 0.052161 0.998626 -0.005081 -2.711876 -0.993141 0.052406 0.104519 90.647209
0.109304 -0.002016 0.994006 14.712922 0.050827 0.998701 -0.003563 -2.732853 -0.992708 0.050912 0.109265 90.733253
0.114069 -0.002966 0.993468 15.509853 0.051077 0.998691 -0.002883 -2.753024 -0.992159 0.051072 0.114071 90.820435
0.118527 -0.002458 0.992948 16.312525 0.051226 0.998680 -0.003643 -2.779139 -0.991629 0.051296 0.118496 90.908325
0.122257 0.000090 0.992498 17.124868 0.052142 0.998618 -0.006514 -2.811401 -0.991128 0.052547 0.122084 91.004845
0.124434 0.004826 0.992216 17.936516 0.049126 0.998732 -0.011019 -2.832936 -0.991011 0.050114 0.124039 91.118439
0.125220 0.007528 0.992100 18.759712 0.047198 0.998794 -0.013536 -2.860751 -0.991006 0.048520 0.124713 91.228531
0.126895 0.007530 0.991888 19.576748 0.045409 0.998879 -0.013393 -2.884816 -0.990876 0.046740 0.126411 91.340248
0.128296 0.006281 0.991716 20.406139 0.044474 0.998937 -0.012081 -2.917197 -0.990738 0.045656 0.127880 91.451599
0.129101 0.005250 0.991618 21.237429 0.045726 0.998891 -0.011241 -2.943734 -0.990577 0.046794 0.128718 91.563644
0.130116 0.005072 0.991486 22.065388 0.044382 0.998955 -0.010935 -2.975148 -0.990505 0.045427 0.129755 91.680046
0.131120 0.005727 0.991350 22.877993 0.043854 0.998971 -0.011572 -3.001028 -0.990396 0.044992 0.130734 91.790619
0.131050 0.006301 0.991356 23.691555 0.043628 0.998974 -0.012117 -3.028553 -0.990415 0.044839 0.130640 91.906822
0.130223 0.007315 0.991458 24.494692 0.041892 0.999039 -0.012873 -3.054826 -0.990599 0.043211 0.129792 92.025818
0.128582 0.007135 0.991673 25.307365 0.041619 0.999054 -0.012585 -3.076979 -0.990825 0.042891 0.128164 92.147758
0.125839 0.006281 0.992031 26.125219 0.041734 0.999061 -0.011619 -3.097623 -0.991172 0.042863 0.125458 92.262283
0.121413 0.004001 0.992594 26.934063 0.042817 0.999040 -0.009265 -3.116242 -0.991678 0.043624 0.121125 92.374771
0.116465 0.001870 0.993193 27.745844 0.043615 0.999024 -0.006996 -3.134136 -0.992237 0.044132 0.116270 92.477478
0.110014 0.002019 0.993928 28.560080 0.043495 0.999030 -0.006844 -3.154338 -0.992978 0.043983 0.109820 92.580544
0.102669 0.002483 0.994712 29.368086 0.044721 0.998974 -0.007110 -3.171329 -0.993710 0.045214 0.102453 92.672745
0.094092 0.002859 0.995559 30.168060 0.045858 0.998922 -0.007203 -3.189986 -0.994507 0.046332 0.093860 92.756393
0.085854 0.002409 0.996305 30.976231 0.046299 0.998907 -0.006405 -3.208779 -0.995231 0.046678 0.085648 92.841431
0.076683 0.001796 0.997054 31.776619 0.045137 0.998967 -0.005271 -3.233742 -0.996033 0.045408 0.076522 92.922287
0.066439 0.001449 0.997789 32.570881 0.044903 0.998981 -0.004440 -3.253183 -0.996780 0.045099 0.066306 92.984749
0.056248 0.001644 0.998415 33.356499 0.044901 0.998983 -0.004174 -3.272620 -0.997407 0.045065 0.056117 93.036072
0.046015 0.002320 0.998938 34.137478 0.044223 0.999012 -0.004358 -3.296886 -0.997961 0.044377 0.045867 93.081841
0.035894 0.003589 0.999349 34.921299 0.043376 0.999046 -0.005146 -3.323422 -0.998414 0.043533 0.035704 93.116905
0.026200 0.004574 0.999646 35.706707 0.043814 0.999023 -0.005720 -3.344518 -0.998696 0.043948 0.025974 93.147522
0.017144 0.005475 0.999838 36.477554 0.043252 0.999045 -0.006212 -3.366249 -0.998917 0.043351 0.016891 93.167122
0.008460 0.006165 0.999945 37.243233 0.043434 0.999035 -0.006527 -3.387884 -0.999021 0.043487 0.008184 93.174057
0.000291 0.006325 0.999980 37.993649 0.043479 0.999034 -0.006332 -3.409756 -0.999054 0.043480 0.000016 93.177979
-0.007507 0.006093 0.999953 38.747437 0.044048 0.999013 -0.005757 -3.430631 -0.999001 0.044003 -0.007768 93.173950
-0.014304 0.005166 0.999884 39.504776 0.044872 0.998983 -0.004519 -3.452932 -0.998890 0.044802 -0.014521 93.160271
-0.019727 0.003890 0.999798 40.233696 0.046696 0.998905 -0.002965 -3.474441 -0.998714 0.046628 -0.019887 93.142937
-0.023484 0.002611 0.999721 40.970860 0.048785 0.998808 -0.001463 -3.496264 -0.998533 0.048737 -0.023583 93.119446
-0.026113 0.001526 0.999658 41.692192 0.050837 0.998707 -0.000196 -3.513539 -0.998366 0.050815 -0.026157 93.094193
-0.027795 0.000880 0.999613 42.397480 0.051519 0.998672 0.000554 -3.533484 -0.998285 0.051514 -0.027804 93.073997
-0.028490 0.000840 0.999594 43.091599 0.051967 0.998649 0.000642 -3.552009 -0.998242 0.051964 -0.028496 93.052528
-0.027443 0.001449 0.999622 43.768139 0.053227 0.998582 0.000014 -3.572596 -0.998205 0.053207 -0.027481 93.027847
-0.025261 0.002814 0.999677 44.428986 0.054078 0.998536 -0.001445 -3.589300 -0.998217 0.054024 -0.025377 93.010986
-0.020788 0.003430 0.999778 45.069466 0.055028 0.998482 -0.002282 -3.607107 -0.998268 0.054969 -0.020946 92.993858
-0.013400 0.004167 0.999902 45.694218 0.053993 0.998535 -0.003437 -3.628953 -0.998451 0.053942 -0.013606 92.984825
-0.003214 0.004403 0.999985 46.297356 0.052699 0.998601 -0.004228 -3.648950 -0.998605 0.052684 -0.003441 92.982964
0.010144 0.004608 0.999938 46.880638 0.052777 0.998593 -0.005138 -3.673036 -0.998555 0.052825 0.009886 92.988281
0.026798 0.006163 0.999622 47.445210 0.052661 0.998584 -0.007569 -3.690733 -0.998253 0.052844 0.026435 93.003334
0.046923 0.009015 0.998858 48.000381 0.052217 0.998570 -0.011466 -3.709136 -0.997533 0.052696 0.046386 93.028809
0.070776 0.011928 0.997421 48.545193 0.050301 0.998614 -0.015511 -3.727898 -0.996223 0.051269 0.070078 93.067184
0.097018 0.014571 0.995176 49.093323 0.048606 0.998630 -0.019360 -3.746380 -0.994095 0.050250 0.096177 93.113739
0.128683 0.015072 0.991571 49.639057 0.046861 0.998675 -0.021261 -3.767544 -0.990578 0.049202 0.127806 93.183411
0.165896 0.013923 0.986045 50.181511 0.044942 0.998755 -0.021663 -3.785000 -0.985119 0.047909 0.165064 93.273483
0.207427 0.011521 0.978183 50.705658 0.042852 0.998864 -0.020851 -3.807144 -0.977311 0.046242 0.206698 93.392067
0.252542 0.008597 0.967548 51.225956 0.040993 0.998968 -0.019576 -3.829523 -0.966717 0.044607 0.251929 93.535011
0.300536 0.006623 0.953748 51.727116 0.037183 0.999134 -0.018655 -3.854667 -0.953045 0.041070 0.300029 93.709778
0.350659 0.006224 0.936482 52.213093 0.034255 0.999223 -0.019468 -3.879158 -0.935876 0.038906 0.350174 93.902573
0.404036 0.006903 0.914717 52.683857 0.031904 0.999257 -0.021633 -3.896667 -0.914186 0.037923 0.403516 94.114937
0.460532 0.008372 0.887604 53.137672 0.032394 0.999131 -0.026231 -3.925949 -0.887052 0.040833 0.459860 94.344398
0.518275 0.011760 0.855133 53.562740 0.031281 0.998976 -0.032697 -3.953717 -0.854641 0.043696 0.517377 94.594856
0.575339 0.015591 0.817767 53.958344 0.030332 0.998724 -0.040381 -3.984525 -0.817353 0.048037 0.574131 94.869576
0.630443 0.020552 0.775964 54.336807 0.024755 0.998609 -0.046561 -4.017594 -0.775841 0.048563 0.629057 95.182526
0.683099 0.024546 0.729913 54.681225 0.019382 0.998474 -0.051717 -4.042287 -0.730068 0.049475 0.681581 95.520538
0.732157 0.026374 0.680625 55.002491 0.015916 0.998315 -0.055805 -4.071466 -0.680950 0.051691 0.730503 95.865059
0.777552 0.026174 0.628274 55.302597 0.012922 0.998257 -0.057580 -4.100990 -0.628686 0.052890 0.775859 96.232216
0.818987 0.024758 0.573278 55.579578 0.008515 0.998434 -0.055284 -4.141197 -0.573750 0.050158 0.817493 96.632782
0.856269 0.021908 0.516066 55.828102 0.005529 0.998654 -0.051569 -4.175316 -0.516501 0.047010 0.854995 97.051796
0.888552 0.020827 0.458302 56.042831 0.000991 0.998880 -0.047314 -4.213449 -0.458774 0.042495 0.887536 97.492439
0.915645 0.019681 0.401506 56.227322 -0.002650 0.999075 -0.042930 -4.243455 -0.401979 0.038244 0.914850 97.938576
0.937167 0.020456 0.348280 56.377552 -0.007481 0.999228 -0.038557 -4.283543 -0.348800 0.033529 0.936597 98.387733
0.953577 0.023006 0.300268 56.504627 -0.012595 0.999252 -0.036563 -4.324019 -0.300885 0.031084 0.953154 98.845055
0.965603 0.027559 0.258557 56.602158 -0.019079 0.999196 -0.035249 -4.355917 -0.259321 0.029103 0.965353 99.304245
0.974658 0.031453 0.221480 56.690083 -0.023953 0.999048 -0.036467 -4.384620 -0.222416 0.030238 0.974483 99.775299
0.981308 0.033633 0.189483 56.768154 -0.026913 0.998918 -0.037930 -4.397086 -0.190554 0.032122 0.981151 100.240685
0.985674 0.029708 0.166027 56.854939 -0.023653 0.998985 -0.038332 -4.427255 -0.166998 0.033856 0.985376 100.704926
0.988347 0.028125 0.149599 56.933193 -0.022647 0.999013 -0.038200 -4.464412 -0.150526 0.034367 0.988008 101.184540
0.990142 0.028773 0.137082 56.989292 -0.023745 0.998989 -0.038169 -4.508957 -0.138042 0.034538 0.989824 101.678627
0.991342 0.033691 0.126910 57.037273 -0.029037 0.998843 -0.038345 -4.539859 -0.128055 0.034328 0.991173 102.187492
0.991957 0.038744 0.120497 57.073620 -0.034164 0.998622 -0.039845 -4.575891 -0.121875 0.035408 0.991914 102.706848
0.992123 0.042973 0.117665 57.108543 -0.038063 0.998321 -0.043661 -4.612574 -0.119343 0.038838 0.992093 103.231834
0.992242 0.043405 0.116495 57.162991 -0.038151 0.998168 -0.046955 -4.652384 -0.118320 0.042146 0.992081 103.768707
0.992207 0.040211 0.117935 57.229237 -0.034451 0.998131 -0.050480 -4.689633 -0.119744 0.046023 0.991737 104.314873
0.992008 0.036679 0.120728 57.307682 -0.030051 0.997963 -0.056274 -4.726352 -0.122546 0.052196 0.991089 104.858582
0.991594 0.036723 0.124065 57.374645 -0.029403 0.997745 -0.060332 -4.773467 -0.126001 0.056177 0.990438 105.423965
0.990949 0.040453 0.127995 57.432285 -0.032976 0.997653 -0.060009 -4.829795 -0.130123 0.055246 0.989958 106.011864
0.990259 0.043200 0.132369 57.492973 -0.035848 0.997706 -0.057432 -4.878891 -0.134546 0.052128 0.989535 106.620277
0.989720 0.041203 0.136952 57.573586 -0.033990 0.997930 -0.054596 -4.925578 -0.138918 0.049380 0.989072 107.241753
0.989300 0.038906 0.140610 57.659821 -0.032137 0.998227 -0.050097 -4.969973 -0.142310 0.045043 0.988797 107.871704
0.988941 0.039120 0.143054 57.745201 -0.032701 0.998362 -0.046951 -5.013113 -0.144657 0.041753 0.988601 108.514297
0.988713 0.036664 0.145267 57.841740 -0.030152 0.998450 -0.046777 -5.050718 -0.146757 0.041869 0.988286 109.156441
0.988787 0.034631 0.145259 57.945728 -0.027631 0.998370 -0.049933 -5.091374 -0.146751 0.045359 0.988133 109.817055
0.989044 0.034454 0.143541 58.043232 -0.026644 0.998076 -0.055983 -5.134101 -0.145194 0.051546 0.988060 110.472916
0.989176 0.037081 0.141969 58.134281 -0.028397 0.997628 -0.062711 -5.172041 -0.143957 0.058001 0.987883 111.142914
0.989452 0.041134 0.138902 58.216614 -0.032184 0.997296 -0.066073 -5.218584 -0.141244 0.060906 0.988100 111.825592
0.989808 0.042210 0.136010 58.312656 -0.033768 0.997392 -0.063788 -5.263484 -0.138347 0.058545 0.988652 112.540291
0.990182 0.040217 0.133874 58.414616 -0.032624 0.997758 -0.058437 -5.314899 -0.135924 0.053496 0.989274 113.258163
0.990563 0.040613 0.130903 58.509178 -0.033885 0.998008 -0.053221 -5.373900 -0.132804 0.048283 0.989966 113.988464
0.990604 0.044449 0.129335 58.593365 -0.037713 0.997825 -0.054071 -5.435054 -0.131457 0.048685 0.990126 114.717583
0.990694 0.049051 0.126966 58.669682 -0.041863 0.997399 -0.058673 -5.488105 -0.129514 0.052812 0.990170 115.454277
0.990919 0.052883 0.123624 58.750107 -0.045205 0.996918 -0.064116 -5.541956 -0.126634 0.057945 0.990256 116.198662
0.991465 0.053423 0.118922 58.842197 -0.045614 0.996680 -0.067446 -5.596910 -0.122130 0.061446 0.990610 116.953232
0.992073 0.050597 0.115031 58.938896 -0.043021 0.996797 -0.067411 -5.667099 -0.118073 0.061928 0.991072 117.741676
0.992651 0.047541 0.111286 59.038044 -0.040388 0.997024 -0.065671 -5.741677 -0.114076 0.060694 0.991616 118.548058
0.992955 0.045297 0.109490 59.130173 -0.038503 0.997246 -0.063381 -5.818593 -0.112059 0.058719 0.991965 119.364861
0.993251 0.042299 0.108000 59.229595 -0.035745 0.997441 -0.061913 -5.887173 -0.110343 0.057635 0.992221 120.187119
0.993540 0.036662 0.107393 59.329391 -0.030234 0.997687 -0.060882 -5.966009 -0.109377 0.057241 0.992351 121.004074
0.993635 0.035496 0.106906 59.417053 -0.029194 0.997775 -0.059942 -6.044817 -0.108795 0.056440 0.992461 121.842857
0.993566 0.037182 0.106978 59.494576 -0.030732 0.997645 -0.061318 -6.124795 -0.109006 0.057636 0.992369 122.680222
0.993404 0.041046 0.107069 59.564354 -0.034250 0.997326 -0.064553 -6.193910 -0.109433 0.060460 0.992154 123.511635
0.992996 0.048359 0.107798 59.629646 -0.041357 0.996944 -0.066272 -6.265225 -0.110674 0.061350 0.991961 124.362160
0.992331 0.054993 0.110702 59.692974 -0.047855 0.996662 -0.066139 -6.337833 -0.113970 0.060334 0.991650 125.206886
0.991698 0.059286 0.114109 59.770737 -0.052012 0.996483 -0.065705 -6.401842 -0.117603 0.059224 0.991293 126.068298
0.991310 0.061721 0.116171 59.860718 -0.054185 0.996284 -0.066949 -6.474160 -0.119871 0.060073 0.990970 126.934921
0.991177 0.062448 0.116916 59.960213 -0.054605 0.996112 -0.069134 -6.543787 -0.120778 0.062140 0.990733 127.799965
0.991336 0.058923 0.117393 60.081280 -0.050987 0.996278 -0.069498 -6.618665 -0.121051 0.062911 0.990651 128.666153
0.991439 0.056079 0.117915 60.204041 -0.047987 0.996365 -0.070378 -6.693064 -0.121433 0.064117 0.990527 129.524261
0.991342 0.056560 0.118499 60.311859 -0.048381 0.996316 -0.070806 -6.785349 -0.122067 0.064460 0.990426 130.397217
0.990950 0.060882 0.119634 60.406494 -0.052790 0.996171 -0.069683 -6.861084 -0.123418 0.062737 0.990370 131.282776
0.990737 0.064676 0.119401 60.497643 -0.057038 0.996167 -0.066318 -6.934267 -0.123232 0.058893 0.990629 132.156998
0.990405 0.068955 0.119765 60.585251 -0.061564 0.996026 -0.064354 -7.007559 -0.123726 0.056364 0.990714 133.019775
0.990319 0.069459 0.120180 60.684841 -0.061341 0.995661 -0.069976 -7.076240 -0.124519 0.061926 0.990283 133.849976
0.990717 0.065251 0.119260 60.800198 -0.055410 0.994920 -0.084049 -7.148163 -0.124138 0.076660 0.989299 134.651718
0.991047 0.062874 0.117784 60.909195 -0.052102 0.994358 -0.092403 -7.243812 -0.122930 0.085439 0.988731 135.465912
0.991165 0.063038 0.116697 61.009869 -0.053076 0.994829 -0.086587 -7.340433 -0.121551 0.079628 0.989386 136.318100
0.991461 0.060842 0.115338 61.116089 -0.053045 0.996170 -0.069503 -7.437385 -0.119125 0.062792 0.990892 137.209366
0.991833 0.056991 0.114103 61.219578 -0.050853 0.997135 -0.056004 -7.532368 -0.116967 0.049744 0.991889 138.075897
0.992024 0.057591 0.112120 61.306225 -0.051021 0.996856 -0.060617 -7.609299 -0.115259 0.054413 0.991844 138.890823
0.992009 0.062205 0.109767 61.378323 -0.054027 0.995645 -0.075974 -7.688158 -0.114015 0.069437 0.991050 139.684921
0.992149 0.064164 0.107345 61.457832 -0.055004 0.994757 -0.086218 -7.746455 -0.112314 0.079636 0.990476 140.489670
0.992463 0.062816 0.105225 61.547581 -0.053622 0.994673 -0.088034 -7.844822 -0.110195 0.081728 0.990544 141.309769
0.992775 0.062865 0.102209 61.631969 -0.053983 0.994705 -0.087452 -7.953913 -0.107165 0.081302 0.990911 142.130554
0.993253 0.062619 0.097606 61.716389 -0.053997 0.994602 -0.088606 -8.053402 -0.102627 0.082738 0.991273 142.948120
0.993709 0.063337 0.092367 61.787071 -0.054975 0.994384 -0.090429 -8.152052 -0.097575 0.084782 0.991610 143.759949
0.993844 0.066591 0.088538 61.841736 -0.058498 0.994126 -0.091053 -8.255782 -0.094081 0.085313 0.991902 144.565216
0.993870 0.070403 0.085240 61.892906 -0.062561 0.993846 -0.091416 -8.355223 -0.091151 0.085523 0.992158 145.382202
0.994004 0.071054 0.083116 61.951962 -0.063494 0.993888 -0.090309 -8.451710 -0.089025 0.084490 0.992439 146.200775
0.994246 0.069871 0.081195 62.022987 -0.062636 0.994107 -0.088473 -8.545055 -0.086898 0.082878 0.992764 147.014267
0.994510 0.068205 0.079365 62.093876 -0.061060 0.994139 -0.089212 -8.637527 -0.084984 0.083877 0.992846 147.815857
0.994848 0.065964 0.076985 62.164349 -0.058826 0.994060 -0.091561 -8.727613 -0.082567 0.086560 0.992819 148.612228
0.995440 0.062097 0.072405 62.233772 -0.055116 0.993977 -0.094721 -8.818563 -0.077851 0.090299 0.992867 149.407928
0.996006 0.059493 0.066571 62.294971 -0.052949 0.993964 -0.096082 -8.915405 -0.071886 0.092174 0.993145 150.205627
0.996422 0.059420 0.060106 62.346764 -0.053689 0.994232 -0.092841 -9.006980 -0.065276 0.089282 0.993865 151.022293
0.996757 0.059084 0.054627 62.391438 -0.054257 0.994818 -0.085979 -9.093236 -0.059424 0.082736 0.994798 151.857880
0.996928 0.059246 0.051228 62.428921 -0.055157 0.995438 -0.077855 -9.186441 -0.055607 0.074791 0.995648 152.693741
0.996938 0.062171 0.047433 62.449055 -0.058495 0.995444 -0.075297 -9.271366 -0.051898 0.072292 0.996032 153.508087
0.997042 0.063752 0.042934 62.478912 -0.060205 0.995025 -0.079376 -9.345922 -0.047781 0.076557 0.995920 154.306641
0.997240 0.064717 0.036389 62.506042 -0.061258 0.994124 -0.089249 -9.423320 -0.041951 0.086774 0.995344 155.117935
0.997537 0.063616 0.029545 62.538765 -0.060536 0.993587 -0.095501 -9.501989 -0.035431 0.093477 0.994991 155.915878
0.997502 0.066763 0.023081 62.553181 -0.064271 0.993338 -0.095649 -9.594612 -0.029313 0.093927 0.995147 156.740616
0.997138 0.073979 0.015608 62.545410 -0.072217 0.993034 -0.093100 -9.686251 -0.022387 0.091706 0.995534 157.577850
0.996716 0.080616 0.007670 62.532875 -0.079541 0.992379 -0.094114 -9.781312 -0.015199 0.093195 0.995532 158.410950
0.996445 0.084225 -0.002116 62.523407 -0.084024 0.991594 -0.098389 -9.870620 -0.006189 0.098217 0.995146 159.236740
0.996421 0.083717 -0.011732 62.523788 -0.084474 0.991323 -0.100708 -9.964774 0.003199 0.101339 0.994847 160.057709
0.996259 0.084199 -0.019475 62.503929 -0.085720 0.991411 -0.098772 -10.063689 0.010991 0.100072 0.994920 160.890335
0.995869 0.086722 -0.026901 62.466572 -0.088865 0.991721 -0.092699 -10.157976 0.018639 0.094707 0.995331 161.738907
0.995319 0.090018 -0.035156 62.423580 -0.092812 0.991770 -0.088190 -10.247793 0.026928 0.091040 0.995483 162.579529
0.994909 0.091072 -0.043142 62.381657 -0.094503 0.991837 -0.085607 -10.332258 0.034994 0.089248 0.995394 163.403061
0.994594 0.091313 -0.049450 62.338181 -0.095232 0.991926 -0.083754 -10.425384 0.041403 0.088010 0.995259 164.227142
0.994358 0.091233 -0.054117 62.292919 -0.095639 0.991750 -0.085352 -10.512830 0.045883 0.090046 0.994880 165.041260
0.993827 0.093848 -0.059160 62.227169 -0.098954 0.990990 -0.090265 -10.607607 0.050156 0.095562 0.994159 165.853561
0.993121 0.098726 -0.062960 62.146572 -0.104501 0.989862 -0.096193 -10.695270 0.052825 0.102111 0.993369 166.654785
0.992791 0.099875 -0.066262 62.077377 -0.106141 0.989412 -0.098984 -10.778788 0.055674 0.105303 0.992880 167.468750
0.992454 0.101214 -0.069212 62.006836 -0.107523 0.989703 -0.094482 -10.877861 0.058937 0.101211 0.993118 168.302017
0.992015 0.103803 -0.071630 61.930523 -0.109884 0.990134 -0.086949 -10.964562 0.061898 0.094126 0.993634 169.141403
0.991480 0.105991 -0.075720 61.854641 -0.111973 0.990511 -0.079693 -11.059276 0.066555 0.087493 0.993939 169.980316
0.991725 0.099632 -0.080962 61.802917 -0.106228 0.990978 -0.081718 -11.141486 0.072089 0.089642 0.993362 170.780792
0.992186 0.089974 -0.086441 61.752026 -0.097681 0.991184 -0.089514 -11.238826 0.077625 0.097258 0.992227 171.575928
0.991862 0.085985 -0.093891 61.685345 -0.094830 0.991025 -0.094211 -11.338876 0.084947 0.102348 0.991115 172.379242
0.990902 0.088629 -0.101282 61.589279 -0.098213 0.990723 -0.093926 -11.439873 0.092018 0.103018 0.990414 173.194489
0.990109 0.088214 -0.109099 61.501469 -0.098137 0.991167 -0.089199 -11.530788 0.100266 0.099023 0.990021 174.030670
0.989590 0.084913 -0.116200 61.421314 -0.095193 0.991739 -0.085978 -11.628793 0.107939 0.096145 0.989498 174.860229
0.989233 0.080946 -0.121924 61.339207 -0.091362 0.992402 -0.082406 -11.710510 0.114328 0.092658 0.989113 175.691574
0.988666 0.079311 -0.127475 61.243958 -0.090182 0.992552 -0.081895 -11.806314 0.120030 0.092463 0.988455 176.534149
0.987876 0.078535 -0.133914 61.141624 -0.090584 0.992135 -0.086384 -11.901145 0.126077 0.097467 0.987221 177.348587
0.987304 0.072468 -0.141349 61.047592 -0.086463 0.991665 -0.095521 -11.980826 0.133248 0.106530 0.985341 178.154358
0.986703 0.066764 -0.148191 60.955833 -0.082027 0.991662 -0.099390 -12.070778 0.140320 0.110224 0.983952 178.973511
0.985446 0.071010 -0.154446 60.820290 -0.086181 0.991849 -0.093855 -12.161847 0.146523 0.105800 0.983533 179.823730
0.983993 0.081020 -0.158722 60.655182 -0.094912 0.992104 -0.081985 -12.248171 0.150827 0.095737 0.983913 180.683609
0.982777 0.087405 -0.162816 60.496944 -0.100578 0.992137 -0.074490 -12.332803 0.155025 0.089583 0.983840 181.529663
0.982387 0.085231 -0.166288 60.356426 -0.099029 0.992139 -0.076514 -12.414374 0.158459 0.091634 0.983104 182.358658
0.981914 0.084500 -0.169422 60.207722 -0.100083 0.991287 -0.085640 -12.505536 0.160709 0.101047 0.981816 183.157593
0.980914 0.088929 -0.172915 60.032822 -0.106417 0.989808 -0.094635 -12.589859 0.162737 0.111229 0.980380 183.966095
0.980555 0.087947 -0.175437 59.882713 -0.106341 0.989454 -0.098348 -12.678490 0.164938 0.115092 0.979566 184.792892
0.980278 0.085873 -0.177991 59.737202 -0.103860 0.990110 -0.094318 -12.779353 0.168132 0.110944 0.979501 185.651596
0.980010 0.086637 -0.179096 59.584545 -0.103456 0.990840 -0.086792 -12.876787 0.169936 0.103585 0.979996 186.508163
0.979860 0.087080 -0.179696 59.423073 -0.103070 0.991318 -0.081637 -12.974573 0.171027 0.098514 0.980329 187.366501
0.979667 0.084762 -0.181846 59.264713 -0.101016 0.991495 -0.082053 -13.071245 0.173344 0.098754 0.979898 188.217468
0.979777 0.076574 -0.184861 59.118740 -0.094662 0.991334 -0.091083 -13.161396 0.176285 0.106740 0.978535 189.050446
0.979921 0.065312 -0.188384 58.993053 -0.085560 0.991157 -0.101427 -13.259896 0.180093 0.115508 0.976844 189.878479
0.979990 0.055305 -0.191208 58.857201 -0.076648 0.991398 -0.106091 -13.369007 0.183695 0.118624 0.975799 190.724182
0.979703 0.056024 -0.192466 58.681171 -0.076873 0.991746 -0.102620 -13.484116 0.185128 0.115332 0.975923 191.572235
0.979307 0.058427 -0.193763 58.499199 -0.077902 0.992476 -0.094457 -13.591126 0.186786 0.107597 0.976491 192.421097
0.979128 0.055991 -0.195378 58.330315 -0.075062 0.992962 -0.091610 -13.693122 0.188874 0.104363 0.976440 193.244354
0.979111 0.052011 -0.196561 58.173912 -0.071681 0.992958 -0.094317 -13.794426 0.190272 0.106437 0.975945 194.049591
0.979129 0.050114 -0.196966 58.006802 -0.070851 0.992494 -0.099680 -13.898500 0.190492 0.111555 0.975330 194.842087
0.978756 0.054286 -0.197712 57.819958 -0.075313 0.992090 -0.100429 -14.000560 0.190696 0.113185 0.975102 195.655182
0.978495 0.056361 -0.198423 57.641476 -0.077098 0.992158 -0.098379 -14.099948 0.191322 0.111561 0.975167 196.476364
0.978209 0.060337 -0.198661 57.459301 -0.080776 0.992056 -0.096437 -14.194993 0.191264 0.110382 0.975312 197.296051
0.977840 0.064854 -0.199054 57.280327 -0.085092 0.991848 -0.094855 -14.285456 0.191279 0.109691 0.975387 198.110519
0.977502 0.068575 -0.199466 57.099869 -0.088923 0.991507 -0.094904 -14.371879 0.191264 0.110506 0.975298 198.917328
0.977342 0.069325 -0.199991 56.929390 -0.090408 0.991043 -0.098282 -14.464159 0.191387 0.114136 0.974856 199.719193
0.976865 0.071266 -0.201632 56.753494 -0.093426 0.990325 -0.102606 -14.555647 0.192369 0.119070 0.974072 200.513336
0.976218 0.075794 -0.203111 56.567768 -0.098107 0.989921 -0.102132 -14.646018 0.193323 0.119630 0.973815 201.311081
0.975563 0.079892 -0.204679 56.388908 -0.100982 0.990367 -0.094744 -14.730973 0.195138 0.113097 0.974233 202.129059
0.975433 0.079517 -0.205446 56.228161 -0.099025 0.991321 -0.086470 -14.832700 0.196787 0.104690 0.974841 202.930008
0.975890 0.072453 -0.205886 56.083229 -0.091684 0.992116 -0.085444 -14.925218 0.198072 0.102260 0.974839 203.714096
