1.000000 0.000000 0.000000 0.000000 0.000000 1.000000 0.000000 0.000000 0.000000 0.000000 1.000000 0.000000
0.999995 -0.002892 -0.001035 0.070961 0.002896 0.999991 0.003012 -0.000277 0.001026 -0.003015 0.999995 0.214789
0.999993 -0.003530 -0.001355 0.140496 0.003535 0.999986 0.003969 -0.012066 0.001341 -0.003974 0.999991 0.616726
0.999995 -0.002289 -0.002129 0.196744 0.002297 0.999990 0.003857 -0.019764 0.002121 -0.003862 0.999990 1.185184
0.999996 -0.002078 -0.002047 0.259054 0.002086 0.999990 0.003923 -0.032529 0.002039 -0.003928 0.999990 1.993861
0.999997 -0.001399 -0.001980 0.294498 0.001407 0.999989 0.004457 -0.048801 0.001973 -0.004460 0.999988 2.976231
0.999997 -0.001827 -0.001388 0.309653 0.001833 0.999987 0.004711 -0.068080 0.001380 -0.004714 0.999988 4.156544
0.999993 -0.002724 -0.002395 0.328670 0.002735 0.999986 0.004565 -0.096325 0.002382 -0.004572 0.999987 5.529402
0.999988 -0.003687 -0.003206 0.328915 0.003703 0.999981 0.004912 -0.119902 0.003188 -0.004924 0.999983 6.991367
0.999985 -0.003863 -0.003798 0.319402 0.003883 0.999979 0.005158 -0.151118 0.003778 -0.005173 0.999979 8.466667
0.999984 -0.003412 -0.004415 0.311179 0.003435 0.999980 0.005358 -0.173206 0.004397 -0.005373 0.999976 9.949832
0.999983 -0.001849 -0.005467 0.292200 0.001883 0.999979 0.006212 -0.200880 0.005456 -0.006223 0.999966 11.446148
0.999982 -0.000794 -0.005974 0.266678 0.000836 0.999975 0.007012 -0.218891 0.005969 -0.007017 0.999958 12.937186
0.999983 0.000123 -0.005874 0.243384 -0.000077 0.999969 0.007860 -0.237208 0.005875 -0.007859 0.999952 14.422397
0.999979 0.000415 -0.006508 0.226288 -0.000362 0.999966 0.008240 -0.256436 0.006511 -0.008237 0.999945 15.898399
0.999976 0.001177 -0.006774 0.216631 -0.001119 0.999962 0.008637 -0.278689 0.006784 -0.008629 0.999940 17.368320
0.999976 0.002098 -0.006601 0.194070 -0.002035 0.999953 0.009449 -0.300342 0.006621 -0.009435 0.999934 18.809967
0.999975 0.002428 -0.006654 0.170082 -0.002358 0.999943 0.010428 -0.318080 0.006679 -0.010412 0.999923 20.257982
0.999976 0.002705 -0.006393 0.155347 -0.002642 0.999948 0.009803 -0.339104 0.006419 -0.009785 0.999932 21.695730
0.999978 0.002772 -0.006017 0.135020 -0.002723 0.999964 0.008085 -0.359000 0.006040 -0.008069 0.999949 23.110945
0.999986 0.001372 -0.005177 0.119573 -0.001330 0.999966 0.008085 -0.377150 0.005188 -0.008078 0.999954 24.534220
0.999987 0.000476 -0.004981 0.109293 -0.000425 0.999947 0.010284 -0.396011 0.004986 -0.010281 0.999935 25.944717
0.999989 -0.001249 -0.004512 0.108123 0.001302 0.999928 0.011931 -0.414441 0.004497 -0.011937 0.999919 27.346968
0.999988 -0.002107 -0.004514 0.101214 0.002159 0.999931 0.011546 -0.436353 0.004490 -0.011555 0.999923 28.725531
0.999991 -0.001860 -0.003783 0.100551 0.001899 0.999944 0.010389 -0.454190 0.003763 -0.010396 0.999939 30.094196
0.999994 -0.001378 -0.003295 0.087969 0.001409 0.999956 0.009323 -0.469688 0.003282 -0.009328 0.999951 31.437878
0.999997 -0.000839 -0.002422 0.074338 0.000861 0.999959 0.009054 -0.495040 0.002414 -0.009056 0.999956 32.780117
1.000000 -0.000209 -0.000745 0.066060 0.000216 0.999950 0.010036 -0.512891 0.000743 -0.010036 0.999949 34.111713
1.000000 0.000119 0.000880 0.056752 -0.000129 0.999926 0.012159 -0.530924 -0.000878 -0.012159 0.999926 35.426998
0.999996 -0.000102 0.002765 0.050149 0.000065 0.999911 0.013344 -0.552191 -0.002766 -0.013344 0.999907 36.725899
0.999988 -0.000248 0.004786 0.046019 0.000180 0.999900 0.014107 -0.565942 -0.004789 -0.014106 0.999889 37.987347
0.999967 -0.000776 0.008124 0.045184 0.000663 0.999902 0.013953 -0.580786 -0.008134 -0.013947 0.999870 39.236160
0.999928 -0.001515 0.011867 0.054094 0.001365 0.999919 0.012617 -0.595103 -0.011885 -0.012600 0.999850 40.473331
0.999878 -0.001566 0.015556 0.060568 0.001390 0.999934 0.011368 -0.609315 -0.015573 -0.011345 0.999814 41.692215
0.999805 -0.001460 0.019674 0.079263 0.001224 0.999927 0.011983 -0.621665 -0.019690 -0.011956 0.999735 42.903915
0.999691 -0.001498 0.024804 0.093151 0.001197 0.999926 0.012136 -0.639219 -0.024820 -0.012102 0.999619 44.102852
0.999512 -0.000154 0.031240 0.116936 -0.000202 0.999935 0.011405 -0.653298 -0.031240 -0.011406 0.999447 45.282959
0.999265 0.001253 0.038321 0.143417 -0.001712 0.999927 0.011950 -0.668199 -0.038303 -0.012007 0.999194 46.457020
0.998906 0.002222 0.046716 0.177311 -0.002840 0.999909 0.013163 -0.679900 -0.046682 -0.013281 0.998821 47.606789
0.998391 0.003955 0.056561 0.212499 -0.004784 0.999883 0.014539 -0.696290 -0.056497 -0.014786 0.998293 48.754112
0.997612 0.005809 0.068829 0.261039 -0.006868 0.999861 0.015160 -0.709100 -0.068732 -0.015596 0.997513 49.879597
0.996529 0.007452 0.082909 0.321676 -0.008826 0.999830 0.016217 -0.720223 -0.082774 -0.016893 0.996425 50.994297
0.995105 0.009084 0.098408 0.382896 -0.010886 0.999782 0.017794 -0.727582 -0.098224 -0.018778 0.994987 52.104073
0.993250 0.009242 0.115622 0.483546 -0.011535 0.999749 0.019181 -0.732645 -0.115415 -0.020386 0.993108 53.190105
0.990968 0.008365 0.133836 0.605286 -0.010993 0.999761 0.018910 -0.740671 -0.133646 -0.020210 0.990823 54.264462
0.988114 0.007138 0.153554 0.749452 -0.010071 0.999781 0.018331 -0.742708 -0.153390 -0.019660 0.987970 55.339176
0.984603 0.004417 0.174747 0.917375 -0.007737 0.999802 0.018324 -0.741766 -0.174631 -0.019394 0.984443 56.398468
0.980490 0.000049 0.196571 1.114136 -0.004173 0.999780 0.020566 -0.746425 -0.196526 -0.020985 0.980274 57.440941
0.975828 -0.005572 0.218471 1.334375 0.000667 0.999746 0.022518 -0.745875 -0.218541 -0.021828 0.975584 58.451725
0.970294 -0.010996 0.241679 1.576047 0.005729 0.999731 0.022482 -0.748380 -0.241861 -0.020430 0.970096 59.458313
0.963824 -0.017034 0.265994 1.836916 0.011730 0.999700 0.021517 -0.751903 -0.266281 -0.017618 0.963734 60.442162
0.956459 -0.020637 0.291136 2.111749 0.014674 0.999636 0.022653 -0.754861 -0.291497 -0.017394 0.956414 61.419777
0.948060 -0.023556 0.317217 2.400266 0.016407 0.999548 0.025189 -0.752567 -0.317667 -0.018676 0.948018 62.359386
0.938717 -0.028496 0.343509 2.734019 0.019878 0.999394 0.028584 -0.748732 -0.344115 -0.020004 0.938714 63.278900
0.927764 -0.031764 0.371812 3.096750 0.022541 0.999322 0.029127 -0.750890 -0.372485 -0.018642 0.927851 64.195770
0.915959 -0.031939 0.399999 3.461789 0.023464 0.999385 0.026071 -0.741008 -0.400586 -0.014494 0.916144 65.086205
0.903276 -0.033201 0.427774 3.846959 0.026594 0.999417 0.021413 -0.728510 -0.428236 -0.007966 0.903632 65.953819
0.889214 -0.035376 0.456122 4.267211 0.029609 0.999366 0.019786 -0.723944 -0.456533 -0.004089 0.889697 66.797188
0.873746 -0.036031 0.485045 4.699781 0.028223 0.999328 0.023394 -0.730859 -0.485562 -0.006751 0.874176 67.660599
0.856822 -0.035611 0.514382 5.160537 0.023753 0.999279 0.029615 -0.731308 -0.515065 -0.013157 0.857050 68.525391
0.838207 -0.036310 0.544142 5.645245 0.021624 0.999209 0.033366 -0.720935 -0.544924 -0.016201 0.838329 69.366730
0.817872 -0.032168 0.574501 6.133568 0.018284 0.999385 0.029929 -0.715429 -0.575110 -0.013974 0.817957 70.160706
0.796517 -0.026153 0.604050 6.656394 0.014768 0.999608 0.023806 -0.705633 -0.604435 -0.010041 0.796591 70.922447
0.774604 -0.024217 0.631982 7.205016 0.013072 0.999666 0.022285 -0.688773 -0.632311 -0.009001 0.774662 71.660614
0.752023 -0.026991 0.658584 7.795022 0.013558 0.999583 0.025486 -0.683437 -0.658997 -0.010237 0.752076 72.390739
0.728444 -0.027889 0.684538 8.389137 0.013454 0.999561 0.026406 -0.673523 -0.684974 -0.010026 0.728499 73.073097
0.703265 -0.027487 0.710396 9.016643 0.014424 0.999598 0.024398 -0.674212 -0.710781 -0.006911 0.703379 73.725029
0.677127 -0.025933 0.735409 9.643119 0.013659 0.999650 0.022675 -0.665969 -0.735739 -0.005309 0.677244 74.354675
0.651141 -0.024216 0.758571 10.293224 0.011427 0.999690 0.022105 -0.657272 -0.758871 -0.005725 0.651216 74.962822
0.623723 -0.023523 0.781291 10.965034 0.011149 0.999713 0.021199 -0.647902 -0.781566 -0.004512 0.623807 75.545471
0.595778 -0.018414 0.802938 11.655708 0.009896 0.999830 0.015587 -0.647575 -0.803088 -0.001340 0.595859 76.105759
0.566582 -0.010244 0.823941 12.356591 0.008122 0.999944 0.006847 -0.640704 -0.823965 0.002812 0.566634 76.627617
0.536214 -0.003336 0.844076 13.087557 0.006516 0.999979 -0.000187 -0.645002 -0.844057 0.005600 0.536224 77.137886
0.505364 0.000473 0.862906 13.848026 0.003469 0.999991 -0.002580 -0.652996 -0.862899 0.004297 0.505358 77.628304
0.473857 -0.000446 0.880602 14.629628 0.000414 1.000000 0.000284 -0.664812 -0.880602 0.000230 0.473857 78.103592
0.442362 -0.002808 0.896832 15.445326 -0.003586 0.999982 0.004900 -0.681729 -0.896830 -0.005384 0.442343 78.559158
0.409451 -0.002468 0.912329 16.269249 -0.007926 0.999949 0.006262 -0.690748 -0.912298 -0.009795 0.409410 78.967827
0.374909 -0.000538 0.927062 17.098022 -0.014817 0.999869 0.006572 -0.706364 -0.926943 -0.016200 0.374852 79.363113
0.340208 0.001211 0.940350 17.954714 -0.020981 0.999760 0.006303 -0.705682 -0.940116 -0.021874 0.340152 79.721634
0.304916 0.000180 0.952379 18.846886 -0.024447 0.999672 0.007639 -0.711344 -0.952065 -0.025612 0.304821 80.049675
0.269741 -0.000678 0.962933 19.745108 -0.025932 0.999632 0.007968 -0.714083 -0.962584 -0.027120 0.269624 80.345123
0.234817 -0.001872 0.972038 20.667887 -0.025874 0.999632 0.008175 -0.719792 -0.971695 -0.027070 0.234682 80.600235
0.199902 -0.003221 0.979811 21.612486 -0.024468 0.999666 0.008279 -0.716287 -0.979510 -0.025629 0.199757 80.819016
0.165769 -0.004693 0.986153 22.568924 -0.018232 0.999803 0.007823 -0.722605 -0.985996 -0.019277 0.165651 80.997047
0.133051 -0.002599 0.991106 23.517056 -0.015323 0.999872 0.004679 -0.742111 -0.990991 -0.015809 0.132994 81.153839
0.102141 0.002293 0.994767 24.467403 -0.014978 0.999888 -0.000767 -0.738430 -0.994657 -0.014822 0.102164 81.275063
0.073430 0.004499 0.997290 25.439764 -0.011071 0.999932 -0.003696 -0.759084 -0.997239 -0.010770 0.073475 81.355927
0.048877 0.002343 0.998802 26.429150 -0.009544 0.999953 -0.001878 -0.778516 -0.998759 -0.009440 0.048898 81.427223
0.028052 -0.001108 0.999606 27.444342 -0.009396 0.999955 0.001372 -0.792191 -0.999562 -0.009431 0.028040 81.491409
0.009592 -0.003477 0.999948 28.457819 -0.007618 0.999965 0.003551 -0.805809 -0.999925 -0.007652 0.009565 81.527229
-0.004990 -0.001270 0.999987 29.444935 -0.005847 0.999982 0.001241 -0.817132 -0.999970 -0.005841 -0.004998 81.538605
-0.018745 0.003387 0.999819 30.424665 -0.002684 0.999990 -0.003437 -0.820639 -0.999821 -0.002748 -0.018736 81.530930
-0.030021 0.007366 0.999522 31.419430 -0.000150 0.999973 -0.007373 -0.839128 -0.999549 -0.000371 -0.030019 81.512054
-0.038428 0.011344 0.999197 32.414291 0.005821 0.999921 -0.011129 -0.849918 -0.999244 0.005388 -0.038491 81.467918
-0.044397 0.015608 0.998892 33.396053 0.009249 0.999842 -0.015212 -0.878691 -0.998971 0.008563 -0.044534 81.415001
-0.047667 0.020229 0.998658 34.386372 0.011369 0.999741 -0.019708 -0.901988 -0.998799 0.010414 -0.047885 81.357635
-0.049881 0.023488 0.998479 35.371964 0.012214 0.999663 -0.022906 -0.935646 -0.998680 0.011053 -0.050151 81.297066
-0.053113 0.026374 0.998240 36.357094 0.013601 0.999578 -0.025685 -0.968827 -0.998496 0.012213 -0.053450 81.238083
-0.054919 0.029443 0.998057 37.343403 0.014286 0.999486 -0.028699 -1.005534 -0.998389 0.012682 -0.055311 81.182167
-0.057261 0.032613 0.997826 38.333168 0.015566 0.999374 -0.031770 -1.045638 -0.998238 0.013713 -0.057733 81.122986
-0.059641 0.033339 0.997663 39.343399 0.016896 0.999333 -0.032385 -1.089641 -0.998077 0.014925 -0.060165 81.049721
-0.061532 0.032217 0.997585 40.358978 0.016520 0.999375 -0.031256 -1.129142 -0.997968 0.014556 -0.062026 80.972137
-0.063447 0.031543 0.997487 41.381222 0.016704 0.999394 -0.030541 -1.179036 -0.997845 0.014724 -0.063936 80.904587
-0.065912 0.032635 0.997292 42.400169 0.017115 0.999355 -0.031571 -1.223720 -0.997679 0.014988 -0.066428 80.831367
-0.068326 0.034256 0.997075 43.422791 0.015569 0.999325 -0.033267 -1.264909 -0.997542 0.013250 -0.068813 80.760788
-0.071383 0.036339 0.996787 44.450329 0.014001 0.999274 -0.035427 -1.309490 -0.997351 0.011428 -0.071840 80.689980
-0.074343 0.039542 0.996449 45.461525 0.011725 0.999179 -0.038775 -1.357988 -0.997164 0.008800 -0.074745 80.611099
-0.077067 0.043430 0.996080 46.492588 0.008656 0.999042 -0.042889 -1.412927 -0.996988 0.005317 -0.077369 80.526573
-0.079641 0.045641 0.995778 47.534756 0.006092 0.998955 -0.045299 -1.467452 -0.996805 0.002458 -0.079836 80.455002
-0.082556 0.044049 0.995613 48.586338 0.003223 0.999029 -0.043933 -1.524730 -0.996581 -0.000418 -0.082618 80.384865
-0.085884 0.040430 0.995484 49.649456 0.000702 0.999178 -0.040520 -1.578268 -0.996305 -0.002781 -0.085842 80.317482
-0.088968 0.038336 0.995296 50.702126 0.000720 0.999261 -0.038424 -1.636751 -0.996034 -0.002702 -0.088930 80.212158
-0.091200 0.038425 0.995091 51.754482 0.000602 0.999257 -0.038531 -1.690230 -0.995832 -0.002915 -0.091156 80.125092
-0.093060 0.040956 0.994818 52.801258 0.002341 0.999160 -0.040915 -1.743340 -0.995658 -0.001478 -0.093078 80.013275
-0.094128 0.042699 0.994644 53.854816 0.002059 0.999086 -0.042695 -1.798767 -0.995558 -0.001970 -0.094130 79.905273
-0.094083 0.043162 0.994628 54.915009 0.000700 0.999062 -0.043288 -1.860013 -0.995564 -0.003376 -0.094025 79.797882
-0.094105 0.042199 0.994668 55.975349 -0.002554 0.999088 -0.042628 -1.919389 -0.995559 -0.006552 -0.093911 79.693794
-0.094188 0.041690 0.994681 57.025566 -0.005663 0.999084 -0.042411 -1.981011 -0.995538 -0.009628 -0.093866 79.604881
-0.094502 0.042323 0.994625 58.103710 -0.009226 0.999016 -0.043386 -2.041932 -0.995482 -0.013277 -0.094019 79.517990
-0.095022 0.042594 0.994564 59.181843 -0.013332 0.998940 -0.044056 -2.103610 -0.995386 -0.017446 -0.094353 79.414894
-0.095177 0.041734 0.994585 60.263851 -0.016905 0.998909 -0.043533 -2.164451 -0.995317 -0.020957 -0.094368 79.306389
-0.095597 0.037003 0.994732 61.362549 -0.017599 0.999090 -0.038857 -2.216981 -0.995265 -0.021221 -0.094859 79.194740
-0.096055 0.028950 0.994955 62.470261 -0.014928 0.999423 -0.030521 -2.268322 -0.995264 -0.017784 -0.095568 79.066864
-0.095985 0.023486 0.995106 63.580307 -0.009133 0.999659 -0.024474 -2.310459 -0.995341 -0.011437 -0.095738 78.926231
-0.095618 0.024783 0.995110 64.669212 -0.000932 0.999687 -0.024987 -2.349589 -0.995418 -0.003317 -0.095565 78.781624
-0.094717 0.029434 0.995069 65.766693 0.004895 0.999564 -0.029101 -2.391979 -0.995492 0.002115 -0.094820 78.653183
-0.094425 0.034726 0.994926 66.859367 0.007917 0.999386 -0.034130 -2.432571 -0.995501 0.004654 -0.094642 78.520706
-0.094169 0.037475 0.994851 67.967285 0.008154 0.999287 -0.036870 -2.504606 -0.995523 0.004640 -0.094407 78.402641
-0.094337 0.036266 0.994880 69.072144 0.005857 0.999339 -0.035873 -2.552261 -0.995523 0.002443 -0.094487 78.285500
-0.095031 0.031714 0.994969 70.178551 0.004254 0.999496 -0.031452 -2.603703 -0.995465 0.001244 -0.095118 78.184158
-0.094738 0.029508 0.995065 71.308350 0.002317 0.999564 -0.029421 -2.654239 -0.995500 -0.000482 -0.094765 78.073509
-0.094143 0.030166 0.995102 72.450569 0.000726 0.999543 -0.030232 -2.697654 -0.995558 -0.002124 -0.094122 77.967209
-0.093511 0.034203 0.995031 73.591545 0.000164 0.999410 -0.034339 -2.747395 -0.995618 -0.003048 -0.093461 77.846901
-0.093845 0.037195 0.994892 74.716400 0.000801 0.999304 -0.037284 -2.804032 -0.995587 -0.002702 -0.093809 77.719879
-0.093359 0.035879 0.994986 75.854820 -0.000825 0.999347 -0.036113 -2.862496 -0.995632 -0.004193 -0.093268 77.598488
-0.093489 0.029887 0.995172 77.011528 0.000625 0.999551 -0.029959 -2.920973 -0.995620 -0.002179 -0.093465 77.453972
-0.093808 0.027721 0.995204 78.160141 0.000602 0.999614 -0.027787 -2.975968 -0.995590 -0.002008 -0.093789 77.335564
-0.093798 0.030345 0.995129 79.298538 -0.001197 0.999531 -0.030592 -3.019769 -0.995591 -0.004061 -0.093717 77.237709
-0.093761 0.033181 0.995042 80.429718 -0.002398 0.999434 -0.033553 -3.064528 -0.995592 -0.005532 -0.093628 77.132172
-0.093564 0.032561 0.995081 81.588089 -0.003349 0.999449 -0.033019 -3.121012 -0.995608 -0.006422 -0.093404 77.023643
-0.094194 0.029569 0.995115 82.755875 -0.004021 0.999539 -0.030081 -3.166736 -0.995546 -0.006835 -0.094032 76.928505
-0.093768 0.028391 0.995189 83.916710 -0.002823 0.999582 -0.028783 -3.215486 -0.995590 -0.005508 -0.093649 76.823013
-0.093459 0.028726 0.995209 85.081314 -0.001316 0.999579 -0.028976 -3.266157 -0.995622 -0.004018 -0.093381 76.693047
-0.092802 0.028682 0.995271 86.259239 0.000724 0.999587 -0.028739 -3.317889 -0.995684 -0.001946 -0.092785 76.563385
-0.091924 0.028268 0.995365 87.446785 0.001105 0.999599 -0.028286 -3.368392 -0.995765 -0.001500 -0.091919 76.447029
-0.091351 0.028308 0.995416 88.627213 0.001736 0.999599 -0.028268 -3.417268 -0.995817 -0.000854 -0.091364 76.337173
-0.090855 0.026453 0.995513 89.820900 0.002407 0.999650 -0.026343 -3.468490 -0.995861 0.000003 -0.090887 76.222198
-0.090853 0.025727 0.995532 91.004303 0.001099 0.999668 -0.025734 -3.515912 -0.995864 -0.001244 -0.090851 76.108391
-0.090134 0.025427 0.995605 92.202652 0.002193 0.999677 -0.025333 -3.559118 -0.995927 -0.000100 -0.090161 75.991600
-0.089078 0.025918 0.995687 93.400375 0.001193 0.999663 -0.025915 -3.606731 -0.996024 -0.001121 -0.089079 75.888641
-0.088543 0.028413 0.995667 94.594727 0.001663 0.999596 -0.028378 -3.651932 -0.996071 -0.000857 -0.088554 75.777885
-0.088409 0.027456 0.995706 95.817932 -0.001183 0.999616 -0.027669 -3.701210 -0.996084 -0.003624 -0.088343 75.672104
-0.087986 0.026011 0.995782 97.049629 -0.004252 0.999640 -0.026488 -3.755684 -0.996113 -0.006565 -0.087844 75.565353
-0.088500 0.026531 0.995723 98.284958 -0.006514 0.999608 -0.027213 -3.808007 -0.996055 -0.008895 -0.088292 75.452576
-0.089398 0.025792 0.995662 99.524155 -0.009743 0.999594 -0.026769 -3.857727 -0.995948 -0.012093 -0.089110 75.339577
-0.090498 0.023560 0.995618 100.767578 -0.012508 0.999614 -0.024792 -3.906636 -0.995818 -0.014696 -0.090168 75.230804
-0.091268 0.022008 0.995583 102.015663 -0.014605 0.999619 -0.023436 -3.953701 -0.995719 -0.016680 -0.090912 75.125977
-0.093061 0.021282 0.995433 103.252983 -0.016235 0.999606 -0.022889 -3.999256 -0.995528 -0.018291 -0.092679 75.006454
-0.094605 0.021511 0.995282 104.487907 -0.016351 0.999598 -0.023158 -4.045930 -0.995381 -0.018465 -0.094216 74.880661
-0.097953 0.019346 0.995003 105.737724 -0.017821 0.999617 -0.021190 -4.102596 -0.995031 -0.019808 -0.097571 74.746635
-0.101111 0.015584 0.994753 106.984283 -0.019226 0.999660 -0.017615 -4.144972 -0.994689 -0.020906 -0.100777 74.631004
-0.105316 0.014825 0.994328 108.227425 -0.020423 0.999646 -0.017067 -4.186094 -0.994229 -0.022105 -0.104976 74.508369
-0.110201 0.019321 0.993722 109.463425 -0.024350 0.999458 -0.022133 -4.238238 -0.993611 -0.026636 -0.109671 74.402733
-0.117850 0.022695 0.992772 110.685287 -0.025572 0.999338 -0.025880 -4.272633 -0.992702 -0.028437 -0.117192 74.261986
-0.127468 0.019118 0.991658 111.930450 -0.024527 0.999448 -0.022420 -4.325222 -0.991539 -0.027180 -0.126928 74.108208
-0.137801 0.016297 0.990326 113.172394 -0.022776 0.999548 -0.019618 -4.370846 -0.990198 -0.025259 -0.137368 73.965080
-0.149987 0.017019 0.988541 114.396294 -0.020320 0.999588 -0.020292 -4.419114 -0.988479 -0.023130 -0.149580 73.804504
-0.164097 0.016840 0.986301 115.630943 -0.019627 0.999601 -0.020333 -4.463709 -0.986249 -0.022695 -0.163701 73.624435
-0.178176 0.015418 0.983878 116.867378 -0.019074 0.999635 -0.019120 -4.498267 -0.983814 -0.022174 -0.177817 73.426544
-0.194359 0.016587 0.980790 118.081573 -0.016050 0.999669 -0.020086 -4.550210 -0.980799 -0.019646 -0.194028 73.191650
-0.209011 0.019987 0.977709 119.270737 -0.015068 0.999607 -0.023656 -4.595652 -0.977797 -0.019677 -0.208628 72.952675
-0.223936 0.022772 0.974338 120.454262 -0.015809 0.999511 -0.026994 -4.647798 -0.974476 -0.021448 -0.223466 72.709755
-0.240264 0.020435 0.970493 121.638054 -0.020232 0.999456 -0.026054 -4.703212 -0.970497 -0.025895 -0.239719 72.455307
-0.256505 0.014402 0.966436 122.839020 -0.026069 0.999422 -0.021812 -4.753408 -0.966191 -0.030789 -0.255982 72.183929
-0.271704 0.011038 0.962318 124.029305 -0.029657 0.999363 -0.019836 -4.792577 -0.961924 -0.033929 -0.271204 71.881798
-0.286535 0.011853 0.957996 125.184921 -0.031787 0.999255 -0.021871 -4.834615 -0.957542 -0.036719 -0.285945 71.566628
-0.300792 0.013853 0.953589 126.341011 -0.031715 0.999196 -0.024519 -4.874732 -0.953162 -0.037618 -0.300111 71.234695
-0.314949 0.015397 0.948984 127.479172 -0.030844 0.999174 -0.026448 -4.923380 -0.948607 -0.037600 -0.314214 70.881126
-0.328726 0.015290 0.944302 128.625992 -0.029039 0.999233 -0.026288 -4.971961 -0.943979 -0.036063 -0.328029 70.503838
-0.341534 0.013300 0.939775 129.768402 -0.029228 0.999266 -0.024764 -5.023768 -0.939415 -0.035925 -0.340895 70.134537
-0.353963 0.012000 0.935183 130.906815 -0.029642 0.999271 -0.024041 -5.075216 -0.934790 -0.036230 -0.353349 69.735023
-0.367835 0.013233 0.929797 132.018768 -0.030999 0.999169 -0.026483 -5.117748 -0.929374 -0.038564 -0.367119 69.339066
-0.382391 0.015148 0.923877 133.118195 -0.030188 0.999127 -0.028876 -5.162168 -0.923508 -0.038932 -0.381599 68.924850
-0.396357 0.016484 0.917949 134.226303 -0.029443 0.999096 -0.030654 -5.211262 -0.917624 -0.039177 -0.395513 68.484192
-0.410383 0.018799 0.911720 135.322937 -0.027228 0.999089 -0.032857 -5.261586 -0.911507 -0.038309 -0.409497 68.014450
-0.424867 0.022197 0.904983 136.400558 -0.027076 0.998940 -0.037214 -5.319116 -0.904851 -0.040314 -0.423816 67.536743
-0.439568 0.023416 0.897904 137.468628 -0.027283 0.998851 -0.039405 -5.373855 -0.897795 -0.041819 -0.438424 67.041962
-0.454571 0.020677 0.890470 138.548264 -0.028735 0.998870 -0.037862 -5.440639 -0.890247 -0.042799 -0.453463 66.527168
-0.469245 0.016456 0.882915 139.639496 -0.031687 0.998869 -0.035458 -5.494128 -0.882499 -0.044615 -0.468193 65.996208
-0.484603 0.016323 0.874582 140.722061 -0.032352 0.998807 -0.036568 -5.551789 -0.874136 -0.046016 -0.483497 65.434151
-0.500580 0.015527 0.865551 141.791199 -0.033873 0.998722 -0.037506 -5.605502 -0.865027 -0.048093 -0.499414 64.856247
-0.516352 0.014781 0.856249 142.853165 -0.034599 0.998675 -0.038104 -5.665104 -0.855677 -0.049301 -0.515156 64.265121
-0.531976 0.013948 0.846644 143.907639 -0.036224 0.998574 -0.039212 -5.726158 -0.845984 -0.051529 -0.530712 63.641136
-0.547213 0.013196 0.836889 144.944122 -0.037025 0.998515 -0.039953 -5.789842 -0.836174 -0.052849 -0.545912 62.993149
-0.562163 0.010373 0.826961 145.990112 -0.038300 0.998522 -0.038561 -5.851678 -0.826139 -0.053350 -0.560935 62.326668
-0.576558 0.006990 0.817027 147.017944 -0.038723 0.998606 -0.035870 -5.910614 -0.816138 -0.052319 -0.575483 61.643700
-0.590745 0.005025 0.806843 148.029099 -0.038634 0.998657 -0.034507 -5.971416 -0.805933 -0.051557 -0.589758 60.935768
-0.605006 0.003964 0.796211 149.023041 -0.039240 0.998624 -0.034789 -6.031077 -0.795253 -0.052291 -0.604018 60.217991
-0.619979 0.004031 0.784608 150.014160 -0.041591 0.998412 -0.037993 -6.095201 -0.783516 -0.056187 -0.618827 59.473572
-0.634696 0.003987 0.772752 150.997253 -0.043858 0.998189 -0.041172 -6.157302 -0.771516 -0.060023 -0.633372 58.699940
-0.649631 -0.000154 0.760250 151.982880 -0.047542 0.998051 -0.040422 -6.226076 -0.758762 -0.062403 -0.648372 57.903423
-0.665320 -0.006648 0.746529 152.975281 -0.050950 0.998033 -0.036520 -6.290907 -0.744818 -0.062333 -0.664350 57.083168
-0.681291 -0.009532 0.731951 153.921814 -0.052637 0.997965 -0.035997 -6.352165 -0.730118 -0.063052 -0.680406 56.249557
-0.698014 -0.010993 0.715999 154.869263 -0.053806 0.997861 -0.037134 -6.414038 -0.714059 -0.064446 -0.697113 55.403156
-0.715027 -0.015463 0.698925 155.809631 -0.058020 0.997619 -0.037286 -6.477926 -0.696685 -0.067212 -0.714222 54.534271
-0.731363 -0.016227 0.681795 156.716934 -0.057794 0.997595 -0.038252 -6.530715 -0.679535 -0.067380 -0.730542 53.636147
-0.747115 -0.015665 0.664510 157.607834 -0.057247 0.997524 -0.040849 -6.606340 -0.662225 -0.068560 -0.746162 52.711403
-0.762795 -0.014669 0.646474 158.464233 -0.053808 0.997715 -0.040850 -6.661658 -0.644397 -0.065945 -0.761842 51.753273
-0.777756 -0.014412 0.628401 159.294434 -0.050854 0.997903 -0.040055 -6.739536 -0.626505 -0.063110 -0.776858 50.779102
-0.792281 -0.012419 0.610030 160.094879 -0.048593 0.997901 -0.042795 -6.806595 -0.608218 -0.063549 -0.791222 49.794621
-0.806792 -0.011341 0.590727 160.877762 -0.048356 0.997729 -0.046888 -6.882437 -0.588854 -0.066394 -0.805508 48.803974
-0.820252 -0.011101 0.571894 161.654129 -0.046726 0.997771 -0.047649 -6.952200 -0.570090 -0.065806 -0.818942 47.785278
-0.832055 -0.012088 0.554561 162.404999 -0.045031 0.997935 -0.045811 -7.035549 -0.552862 -0.063090 -0.830881 46.737713
-0.843105 -0.010592 0.537645 163.121338 -0.042999 0.997932 -0.047770 -7.104377 -0.536028 -0.063393 -0.841817 45.678753
-0.853574 -0.007225 0.520922 163.801010 -0.039752 0.997892 -0.051297 -7.187297 -0.519453 -0.064494 -0.852062 44.615349
-0.863042 -0.009243 0.505047 164.476685 -0.041479 0.997753 -0.052621 -7.270335 -0.503426 -0.066363 -0.861486 43.551483
-0.871718 -0.011496 0.489874 165.135834 -0.042784 0.997692 -0.052721 -7.345312 -0.488137 -0.066916 -0.870198 42.465691
-0.879104 -0.014186 0.476418 165.778275 -0.044537 0.997629 -0.052475 -7.431360 -0.474544 -0.067350 -0.877651 41.359276
-0.886018 -0.014883 0.463412 166.378479 -0.044245 0.997637 -0.052554 -7.512422 -0.461535 -0.067068 -0.884583 40.263660
-0.892458 -0.017574 0.450788 166.986786 -0.045800 0.997608 -0.051781 -7.595393 -0.448799 -0.066858 -0.891128 39.155903
-0.898355 -0.021430 0.438747 167.589874 -0.047656 0.997669 -0.048848 -7.674161 -0.436677 -0.064792 -0.897282 38.028526
-0.903589 -0.025387 0.427648 168.182922 -0.049579 0.997732 -0.045527 -7.751774 -0.425522 -0.062340 -0.902798 36.883705
-0.908500 -0.024725 0.417153 168.726761 -0.047178 0.997935 -0.043600 -7.816719 -0.415213 -0.059291 -0.907790 35.726295
-0.912358 -0.021541 0.408826 169.236084 -0.043360 0.998082 -0.044176 -7.894364 -0.407091 -0.058031 -0.911542 34.569904
-0.914983 -0.016250 0.403165 169.733963 -0.038092 0.998205 -0.046216 -7.966391 -0.401691 -0.057644 -0.913959 33.397751
-0.917428 -0.014031 0.397654 170.236877 -0.035717 0.998248 -0.047181 -8.046730 -0.396296 -0.057488 -0.916321 32.249451
-0.919278 -0.016272 0.393273 170.755463 -0.037394 0.998236 -0.046106 -8.138443 -0.391829 -0.057090 -0.918265 31.083500
-0.921208 -0.023782 0.388342 171.286392 -0.043667 0.998144 -0.042458 -8.217438 -0.386611 -0.056070 -0.920537 29.916546
-0.922969 -0.029364 0.383754 171.809402 -0.048588 0.997998 -0.040497 -8.291948 -0.381796 -0.056023 -0.922547 28.743515
-0.924595 -0.035331 0.379310 172.316330 -0.055066 0.997628 -0.041303 -8.357969 -0.376951 -0.059075 -0.924348 27.582571
-0.925848 -0.037895 0.375991 172.806564 -0.058711 0.997302 -0.044057 -8.423524 -0.373307 -0.062865 -0.925575 26.404562
-0.926674 -0.038050 0.373936 173.298828 -0.059567 0.997157 -0.046151 -8.491334 -0.371117 -0.065041 -0.926305 25.227200
-0.926824 -0.036975 0.373670 173.790054 -0.059173 0.997088 -0.048106 -8.568563 -0.370803 -0.066697 -0.926313 24.047552
-0.927022 -0.034887 0.373381 174.266525 -0.057545 0.997105 -0.049708 -8.649777 -0.370566 -0.067567 -0.926345 22.859764
-0.926578 -0.033613 0.374597 174.749054 -0.056911 0.997060 -0.051305 -8.730507 -0.371771 -0.068857 -0.925767 21.672413
-0.926131 -0.032529 0.375796 175.233917 -0.056227 0.997049 -0.052265 -8.817151 -0.372987 -0.069534 -0.925227 20.490391
-0.925325 -0.031638 0.377853 175.711319 -0.055503 0.997081 -0.052433 -8.902800 -0.375091 -0.069490 -0.924380 19.299868
-0.924202 -0.031809 0.380577 176.196274 -0.055721 0.997092 -0.051978 -8.995644 -0.377817 -0.069245 -0.923287 18.112679
-0.922795 -0.032921 0.383882 176.689987 -0.057105 0.997025 -0.051769 -9.081563 -0.381036 -0.069694 -0.921930 16.934301
-0.921164 -0.035118 0.387586 177.180725 -0.058893 0.997030 -0.049632 -9.169501 -0.384692 -0.068545 -0.920496 15.765302
-0.919180 -0.037822 0.392017 177.662979 -0.060633 0.997101 -0.045968 -9.253481 -0.389142 -0.066022 -0.918809 14.611561
-0.917187 -0.039587 0.396486 178.154541 -0.061611 0.997175 -0.042962 -9.324416 -0.393665 -0.063832 -0.917035 13.474035
-0.914554 -0.038447 0.402631 178.627563 -0.060217 0.997320 -0.041548 -9.401610 -0.399955 -0.062243 -0.914419 12.322929
-0.911464 -0.037396 0.409677 179.105515 -0.059445 0.997380 -0.041214 -9.469901 -0.407062 -0.061919 -0.911299 11.203439
-0.907548 -0.036732 0.418338 179.576782 -0.059702 0.997334 -0.041947 -9.544607 -0.415682 -0.063045 -0.907322 10.094141
-0.902983 -0.035777 0.428184 180.065857 -0.059291 0.997369 -0.041703 -9.619287 -0.425565 -0.063045 -0.902729 8.968426
-0.898131 -0.034867 0.438344 180.559845 -0.058964 0.997398 -0.041476 -9.692549 -0.435758 -0.063097 -0.897850 7.847482
-0.893016 -0.034488 0.448701 181.072296 -0.059631 0.997336 -0.042021 -9.767725 -0.446057 -0.064281 -0.892693 6.748660
-0.887017 -0.033622 0.460512 181.593155 -0.059237 0.997390 -0.041280 -9.842857 -0.457922 -0.063895 -0.886693 5.665189
-0.881021 -0.033798 0.471867 182.141388 -0.058828 0.997530 -0.038389 -9.903285 -0.469404 -0.061580 -0.880833 4.586874
-0.875830 -0.032658 0.481514 182.678345 -0.057467 0.997667 -0.036862 -9.977716 -0.479187 -0.059956 -0.875663 3.541584
-0.870234 -0.031982 0.491599 183.219254 -0.056902 0.997737 -0.035819 -10.040868 -0.489341 -0.059144 -0.870085 2.502481
-0.864147 -0.031641 0.502244 183.774246 -0.055734 0.997899 -0.033027 -10.112679 -0.500144 -0.056532 -0.864095 1.469948
-0.857124 -0.031244 0.514162 184.343765 -0.054209 0.998087 -0.029717 -10.176678 -0.512250 -0.053343 -0.857178 0.426266
-0.850397 -0.030235 0.525272 184.908493 -0.052142 0.998276 -0.026956 -10.245365 -0.523551 -0.050312 -0.850508 -0.585957
-0.842877 -0.028026 0.537377 185.481659 -0.049185 0.998475 -0.025073 -10.301930 -0.535854 -0.047565 -0.842970 -1.567935
-0.834708 -0.026949 0.550033 186.063538 -0.047422 0.998609 -0.023039 -10.364285 -0.548647 -0.045315 -0.834825 -2.534911
-0.826308 -0.025323 0.562649 186.643799 -0.045295 0.998741 -0.021570 -10.418243 -0.561394 -0.043309 -0.826414 -3.474081
-0.817108 -0.024747 0.575953 187.230560 -0.044536 0.998802 -0.020267 -10.468405 -0.574762 -0.042211 -0.817231 -4.393161
-0.808058 -0.022704 0.588665 187.836441 -0.042316 0.998913 -0.019560 -10.510115 -0.587581 -0.040715 -0.808140 -5.303102
-0.798807 -0.022507 0.601166 188.455658 -0.042390 0.998922 -0.018927 -10.557069 -0.600092 -0.040602 -0.798900 -6.200956
-0.788562 -0.022295 0.614551 189.084290 -0.041346 0.999003 -0.016811 -10.604133 -0.613563 -0.038666 -0.788698 -7.083913
-0.777483 -0.021937 0.628522 189.729584 -0.039782 0.999106 -0.014338 -10.650632 -0.627645 -0.036151 -0.777660 -7.948562
-0.765152 -0.020155 0.643534 190.375137 -0.038132 0.999174 -0.014045 -10.693444 -0.642719 -0.035286 -0.765289 -8.798483
-0.751770 -0.018073 0.659177 191.046982 -0.037412 0.999183 -0.015272 -10.738106 -0.658363 -0.036142 -0.751833 -9.632659
-0.737546 -0.017972 0.675057 191.746246 -0.038169 0.999157 -0.015103 -10.780715 -0.674217 -0.036905 -0.737611 -10.454277
-0.722094 -0.018540 0.691546 192.455048 -0.038914 0.999147 -0.013847 -10.822676 -0.690700 -0.036910 -0.722199 -11.271030
-0.706435 -0.019396 0.707512 193.181076 -0.040061 0.999118 -0.012610 -10.862708 -0.706643 -0.037252 -0.706589 -12.047940
-0.689626 -0.019811 0.723894 193.938934 -0.041711 0.999053 -0.012395 -10.903702 -0.722963 -0.038742 -0.689800 -12.805830
-0.671851 -0.020813 0.740394 194.716003 -0.044389 0.998940 -0.012199 -10.941349 -0.739356 -0.041061 -0.672062 -13.555023
-0.652732 -0.021216 0.757292 195.524384 -0.045540 0.998899 -0.011266 -10.978123 -0.756219 -0.041841 -0.652980 -14.299702
-0.632908 -0.021650 0.773924 196.366669 -0.045129 0.998941 -0.008961 -11.012429 -0.772910 -0.040598 -0.633215 -15.042212
-0.611379 -0.020655 0.791068 197.241150 -0.043805 0.999010 -0.007770 -11.040788 -0.790125 -0.039403 -0.611678 -15.766754
-0.588911 -0.018086 0.807996 198.123596 -0.041652 0.999100 -0.007995 -11.072067 -0.807124 -0.038363 -0.589134 -16.466776
-0.564704 -0.016462 0.825129 199.045944 -0.039508 0.999194 -0.007104 -11.100074 -0.824347 -0.036611 -0.564899 -17.139343
-0.539615 -0.017444 0.841731 199.984299 -0.040363 0.999172 -0.005169 -11.124548 -0.840944 -0.036764 -0.539872 -17.779549
-0.512798 -0.019620 0.858285 200.946609 -0.041156 0.999151 -0.001749 -11.153998 -0.857522 -0.036221 -0.513171 -18.407034
-0.485888 -0.019125 0.873812 201.899750 -0.039704 0.999211 -0.000208 -11.175220 -0.873119 -0.034794 -0.486264 -18.998238
-0.457842 -0.016832 0.888874 202.886719 -0.038197 0.999270 -0.000752 -11.196640 -0.888213 -0.034297 -0.458151 -19.554708
-0.428679 -0.015054 0.903332 203.878189 -0.036541 0.999332 -0.000687 -11.217592 -0.902718 -0.033303 -0.428942 -20.092003
-0.399333 -0.014064 0.916698 204.882217 -0.034621 0.999400 0.000251 -11.241174 -0.916152 -0.031637 -0.399580 -20.575890
-0.369351 -0.014426 0.929178 205.901688 -0.033336 0.999442 0.002266 -11.262201 -0.928692 -0.030138 -0.369626 -21.037767
-0.338722 -0.014631 0.940773 206.946640 -0.031180 0.999504 0.004318 -11.279065 -0.940370 -0.027871 -0.339010 -21.461891
-0.305649 -0.016125 0.952008 208.027756 -0.029991 0.999524 0.007301 -11.293581 -0.951672 -0.026320 -0.305987 -21.856052
-0.273028 -0.016943 0.961857 209.107880 -0.027546 0.999573 0.009788 -11.302628 -0.961612 -0.023823 -0.273378 -22.212845
-0.240074 -0.017201 0.970602 210.185593 -0.025064 0.999620 0.011516 -11.313142 -0.970431 -0.021562 -0.240413 -22.515970
-0.206922 -0.016960 0.978210 211.276993 -0.022905 0.999660 0.012487 -11.321959 -0.978089 -0.019822 -0.207240 -22.797205
-0.173375 -0.016858 0.984712 212.374695 -0.021862 0.999673 0.013265 -11.335537 -0.984613 -0.019228 -0.173687 -23.031885
-0.139825 -0.016199 0.990044 213.472366 -0.021594 0.999678 0.013307 -11.344080 -0.989941 -0.019519 -0.140130 -23.228449
-0.107322 -0.015402 0.994105 214.581482 -0.020596 0.999700 0.013265 -11.349080 -0.994011 -0.019051 -0.107607 -23.378178
-0.075589 -0.015643 0.997016 215.706238 -0.020580 0.999688 0.014124 -11.352472 -0.996927 -0.019451 -0.075888 -23.490778
-0.044228 -0.015274 0.998905 216.822113 -0.019525 0.999705 0.014421 -11.354689 -0.998831 -0.018866 -0.044513 -23.561613
-0.013300 -0.014421 0.999808 217.934784 -0.017180 0.999752 0.014191 -11.353856 -0.999764 -0.016988 -0.013545 -23.607985
0.016760 -0.014963 0.999748 219.067139 -0.015221 0.999768 0.015219 -11.353411 -0.999744 -0.015473 0.016529 -23.620331
0.046430 -0.015845 0.998796 220.209732 -0.012077 0.999792 0.016423 -11.357422 -0.998849 -0.012825 0.046229 -23.600117
0.075982 -0.015144 0.996994 221.345840 -0.010509 0.999817 0.015987 -11.363292 -0.997054 -0.011692 0.075809 -23.550974
0.104704 -0.014116 0.994403 222.482773 -0.008395 0.999851 0.015077 -11.371002 -0.994468 -0.009927 0.104569 -23.475613
0.134027 -0.013639 0.990884 223.628082 -0.005635 0.999879 0.014525 -11.372163 -0.990962 -0.007531 0.133934 -23.360823
0.163643 -0.014213 0.986417 224.779068 -0.001804 0.999890 0.014706 -11.375504 -0.986518 -0.004186 0.163599 -23.213427
0.192645 -0.014557 0.981161 225.931015 0.001884 0.999894 0.014465 -11.377940 -0.981267 -0.000938 0.192652 -23.022879
0.220784 -0.014289 0.975218 227.069534 0.005786 0.999894 0.013340 -11.387583 -0.975306 0.002697 0.220843 -22.796564
0.248831 -0.014126 0.968444 228.206299 0.007486 0.999892 0.012661 -11.393628 -0.968518 0.004100 0.248910 -22.533285
0.276722 -0.014978 0.960833 229.325974 0.010384 0.999867 0.012596 -11.397803 -0.960894 0.006491 0.276840 -22.238251
0.304083 -0.015531 0.952519 230.444351 0.012736 0.999844 0.012237 -11.396975 -0.952560 0.008410 0.304233 -21.909489
0.332305 -0.014462 0.943061 231.559189 0.016747 0.999815 0.009432 -11.398771 -0.943023 0.012659 0.332486 -21.543648
0.360475 -0.012672 0.932683 232.671173 0.020598 0.999772 0.005622 -11.399009 -0.932541 0.017185 0.360654 -21.146805
0.388490 -0.012869 0.921363 233.776596 0.023085 0.999725 0.004229 -11.404222 -0.921164 0.019627 0.388680 -20.724091
0.415873 -0.014251 0.909311 234.878387 0.025091 0.999676 0.004192 -11.414796 -0.909077 0.021072 0.416096 -20.248896
0.442248 -0.016177 0.896747 235.951721 0.026370 0.999640 0.005028 -11.431425 -0.896505 0.021423 0.442516 -19.745199
0.466746 -0.015793 0.884250 237.014725 0.026637 0.999638 0.003794 -11.447040 -0.883990 0.021783 0.466998 -19.221909
0.488937 -0.015452 0.872182 238.059723 0.027007 0.999632 0.002570 -11.458630 -0.871901 0.022299 0.489174 -18.666477
0.509361 -0.015915 0.860406 239.103241 0.028150 0.999602 0.001825 -11.467569 -0.860093 0.023291 0.509606 -18.070650
0.528016 -0.018237 0.849039 240.135666 0.029609 0.999557 0.003056 -11.480950 -0.848718 0.023526 0.528322 -17.449257
0.545797 -0.021106 0.837651 241.156143 0.031381 0.999496 0.004736 -11.497148 -0.837329 0.023701 0.546185 -16.826372
0.561773 -0.023198 0.826966 242.155701 0.033701 0.999419 0.005142 -11.510183 -0.826605 0.024981 0.562228 -16.184963
0.576888 -0.024783 0.816447 243.140045 0.036269 0.999331 0.004707 -11.522397 -0.816018 0.026896 0.577401 -15.530493
0.591809 -0.024927 0.805693 244.122849 0.037226 0.999300 0.003574 -11.536233 -0.805219 0.027878 0.592323 -14.830892
0.606151 -0.025320 0.794946 245.095825 0.038096 0.999270 0.002780 -11.546043 -0.794437 0.028599 0.606673 -14.109304
0.620959 -0.026646 0.783390 246.058441 0.038417 0.999256 0.003538 -11.555923 -0.782901 0.027899 0.621520 -13.359470
0.635606 -0.029237 0.771460 247.021957 0.039622 0.999201 0.005223 -11.569754 -0.770997 0.027247 0.636256 -12.588846
0.650657 -0.030623 0.758754 247.967087 0.040840 0.999152 0.005304 -11.581900 -0.758272 0.027536 0.651356 -11.809358
0.665223 -0.030818 0.746008 248.896988 0.042191 0.999103 0.003652 -11.597462 -0.745451 0.029045 0.665927 -11.011652
0.678274 -0.031070 0.734152 249.812851 0.043263 0.999061 0.002312 -11.610433 -0.733534 0.030193 0.678982 -10.196857
0.690829 -0.031312 0.722340 250.735474 0.043354 0.999058 0.001845 -11.625009 -0.721717 0.030041 0.691536 -9.350489
0.703398 -0.033377 0.710012 251.646210 0.044525 0.999004 0.002852 -11.634370 -0.709400 0.029607 0.704184 -8.492275
0.715139 -0.035234 0.698094 252.546890 0.046328 0.998922 0.002957 -11.651925 -0.697445 0.030226 0.716000 -7.625701
0.726336 -0.036353 0.686377 253.424866 0.047793 0.998855 0.002328 -11.674999 -0.685676 0.031113 0.727242 -6.747151
0.736048 -0.037433 0.675893 254.282654 0.051213 0.998688 -0.000461 -11.681971 -0.674989 0.034954 0.736999 -5.864244
0.745818 -0.039537 0.664975 255.138153 0.052936 0.998598 0.000001 -11.698619 -0.664043 0.035200 0.746866 -4.949558
0.754636 -0.042619 0.654758 255.980804 0.056150 0.998422 0.000273 -11.711799 -0.653737 0.036559 0.755838 -4.015925
0.762695 -0.044202 0.645247 256.822601 0.058297 0.998299 -0.000520 -11.728886 -0.644126 0.038012 0.763974 -3.071043
0.769302 -0.045173 0.637286 257.661987 0.058886 0.998265 -0.000324 -11.749524 -0.636165 0.037777 0.770627 -2.093644
0.774491 -0.046539 0.630870 258.491516 0.059258 0.998242 0.000891 -11.766150 -0.629803 0.036694 0.775888 -1.096599
0.778139 -0.048231 0.626238 259.316681 0.060213 0.998183 0.002060 -11.782947 -0.625200 0.036105 0.779629 -0.091404
0.781179 -0.049047 0.622377 260.144806 0.060732 0.998151 0.002433 -11.798051 -0.621346 0.035898 0.782713 0.920641
0.783725 -0.049867 0.619103 260.962402 0.061136 0.998125 0.003004 -11.807628 -0.618092 0.035495 0.785304 1.935006
0.786200 -0.051430 0.615828 261.780426 0.061835 0.998077 0.004411 -11.819176 -0.614870 0.034612 0.787868 2.956176
0.788660 -0.053348 0.612510 262.598785 0.063518 0.997967 0.005134 -11.829419 -0.611539 0.034857 0.790446 3.978727
0.790898 -0.054222 0.609541 263.415314 0.064802 0.997887 0.004685 -11.842377 -0.608507 0.035794 0.792741 5.008662
0.793386 -0.055227 0.606209 264.230347 0.065340 0.997849 0.005390 -11.855817 -0.605202 0.035333 0.795287 6.048787
0.795771 -0.054698 0.603123 265.035706 0.064367 0.997911 0.005574 -11.870535 -0.602168 0.034385 0.797629 7.092375
0.798136 -0.055349 0.599929 265.839447 0.064719 0.997886 0.005963 -11.885378 -0.598991 0.034067 0.800031 8.146585
0.799990 -0.055489 0.597443 266.632935 0.064668 0.997888 0.006090 -11.900297 -0.596519 0.033763 0.801889 9.191086
