1.000000 0.000000 0.000000 0.000000 0.000000 1.000000 0.000000 0.000000 0.000000 0.000000 1.000000 0.000000
0.999996 0.002686 0.001157 -0.014392 -0.002687 0.999995 0.001383 -0.020757 -0.001154 -0.001386 0.999998 0.781811
0.999985 0.005330 0.001248 -0.022559 -0.005332 0.999983 0.002133 -0.041367 -0.001237 -0.002140 0.999997 1.543147
0.999977 0.006548 0.001780 -0.028599 -0.006551 0.999977 0.001747 -0.059662 -0.001769 -0.001759 0.999997 2.292658
0.999967 0.007864 0.002095 -0.035235 -0.007868 0.999967 0.001875 -0.077066 -0.002081 -0.001892 0.999996 3.033056
0.999964 0.008101 0.002587 -0.046987 -0.008106 0.999965 0.001815 -0.094318 -0.002572 -0.001836 0.999995 3.744752
0.999959 0.008628 0.002849 -0.058355 -0.008636 0.999959 0.002765 -0.113647 -0.002825 -0.002789 0.999992 4.442009
0.999953 0.008929 0.003714 -0.072558 -0.008948 0.999948 0.004941 -0.129039 -0.003670 -0.004974 0.999981 5.134454
0.999946 0.009107 0.005099 -0.076404 -0.009150 0.999921 0.008576 -0.141574 -0.005021 -0.008622 0.999950 5.797961
0.999941 0.008694 0.006482 -0.076219 -0.008772 0.999888 0.012095 -0.158889 -0.006376 -0.012151 0.999906 6.447176
0.999941 0.007869 0.007453 -0.067255 -0.007973 0.999870 0.013992 -0.170695 -0.007342 -0.014051 0.999874 7.050888
0.999935 0.007847 0.008229 -0.064240 -0.007963 0.999869 0.014109 -0.184719 -0.008118 -0.014174 0.999867 7.632363
0.999923 0.008627 0.008950 -0.055727 -0.008734 0.999889 0.012030 -0.198278 -0.008845 -0.012107 0.999888 8.175936
0.999915 0.008382 0.010003 -0.047046 -0.008478 0.999918 0.009580 -0.204533 -0.009922 -0.009664 0.999904 8.702104
0.999910 0.006938 0.011524 -0.038214 -0.007033 0.999941 0.008239 -0.210304 -0.011466 -0.008319 0.999900 9.197054
0.999900 0.003812 0.013589 -0.022668 -0.003897 0.999973 0.006254 -0.220485 -0.013565 -0.006306 0.999888 9.662371
0.999885 0.002265 0.015006 -0.017052 -0.002345 0.999983 0.005321 -0.238349 -0.014994 -0.005355 0.999873 10.100282
0.999833 0.005681 0.017395 -0.023246 -0.005747 0.999976 0.003790 -0.254981 -0.017373 -0.003889 0.999842 10.510106
0.999739 0.009574 0.020726 -0.021776 -0.009645 0.999948 0.003357 -0.266276 -0.020693 -0.003556 0.999780 10.894042
0.999658 0.010303 0.024037 -0.014085 -0.010397 0.999939 0.003792 -0.261434 -0.023996 -0.004040 0.999704 11.247862
0.999597 0.007114 0.027476 0.001332 -0.007230 0.999965 0.004107 -0.263346 -0.027446 -0.004304 0.999614 11.575197
0.999542 0.002676 0.030134 0.028499 -0.002796 0.999988 0.003934 -0.268565 -0.030123 -0.004017 0.999538 11.871640
0.999461 -0.000469 0.032825 0.052479 0.000294 0.999986 0.005354 -0.281332 -0.032827 -0.005341 0.999447 12.139535
0.999368 -0.001151 0.035540 0.064314 0.000925 0.999979 0.006387 -0.292545 -0.035547 -0.006350 0.999348 12.370901
0.999293 -0.000353 0.037603 0.065576 0.000136 0.999983 0.005785 -0.297517 -0.037604 -0.005776 0.999276 12.566630
0.999203 0.000530 0.039917 0.062600 -0.000723 0.999988 0.004803 -0.302134 -0.039914 -0.004828 0.999191 12.735605
0.999093 0.002227 0.042515 0.056316 -0.002407 0.999988 0.004191 -0.307797 -0.042505 -0.004290 0.999087 12.895233
0.999006 0.004505 0.044349 0.051235 -0.004667 0.999983 0.003551 -0.313876 -0.044332 -0.003754 0.999010 13.053811
0.998922 0.005659 0.046073 0.053746 -0.005773 0.999981 0.002342 -0.313764 -0.046059 -0.002606 0.998935 13.199770
0.998850 0.004921 0.047684 0.066806 -0.004966 0.999987 0.000816 -0.314613 -0.047679 -0.001052 0.998862 13.338285
0.998776 0.003861 0.049304 0.082294 -0.003845 0.999992 -0.000426 -0.317263 -0.049305 0.000236 0.998784 13.472569
0.998723 0.003350 0.050404 0.091102 -0.003286 0.999994 -0.001354 -0.320896 -0.050408 0.001186 0.998728 13.594570
0.998645 0.003720 0.051904 0.095168 -0.003611 0.999991 -0.002196 -0.326349 -0.051912 0.002006 0.998650 13.716647
0.998554 0.004140 0.053593 0.097492 -0.003956 0.999986 -0.003534 -0.326888 -0.053607 0.003317 0.998557 13.837324
0.998504 0.004200 0.054510 0.105513 -0.003917 0.999978 -0.005302 -0.325577 -0.054531 0.005080 0.998499 13.941326
0.998456 0.003506 0.055444 0.118628 -0.003106 0.999969 -0.007287 -0.324981 -0.055468 0.007104 0.998435 14.053686
0.998478 0.002986 0.055068 0.135462 -0.002510 0.999959 -0.008723 -0.325140 -0.055092 0.008571 0.998444 14.167686
0.998585 0.002734 0.053102 0.144097 -0.002208 0.999948 -0.009963 -0.327814 -0.053127 0.009832 0.998539 14.281035
0.998742 0.002946 0.050062 0.150852 -0.002412 0.999940 -0.010726 -0.329550 -0.050090 0.010592 0.998689 14.399583
0.998910 0.003530 0.046535 0.157562 -0.002998 0.999929 -0.011505 -0.330780 -0.046572 0.011353 0.998850 14.528133
0.999132 0.004037 0.041451 0.160772 -0.003525 0.999917 -0.012416 -0.328705 -0.041497 0.012259 0.999063 14.654671
0.999381 0.004036 0.034942 0.170257 -0.003583 0.999909 -0.013004 -0.329797 -0.034992 0.012871 0.999305 14.772639
0.999599 0.004120 0.028014 0.179258 -0.003740 0.999900 -0.013631 -0.331999 -0.028067 0.013520 0.999515 14.895802
0.999788 0.004311 0.020115 0.184466 -0.004016 0.999884 -0.014678 -0.333433 -0.020176 0.014594 0.999690 15.021051
0.999940 0.003660 0.010370 0.203993 -0.003493 0.999865 -0.016043 -0.332253 -0.010427 0.016005 0.999818 15.162569
0.999995 0.002482 -0.001898 0.211719 -0.002515 0.999846 -0.017397 -0.334396 0.001854 0.017402 0.999847 15.316123
0.999843 0.001802 -0.017631 0.221484 -0.002136 0.999818 -0.018957 -0.342990 0.017594 0.018991 0.999665 15.478470
0.999326 0.002181 -0.036643 0.212813 -0.002909 0.999800 -0.019807 -0.350025 0.036593 0.019900 0.999132 15.650791
0.998276 0.003168 -0.058601 0.198143 -0.004340 0.999793 -0.019894 -0.355755 0.058526 0.020114 0.998083 15.848121
0.996628 0.003803 -0.081960 0.172706 -0.005385 0.999803 -0.019098 -0.362183 0.081871 0.019475 0.996453 16.072935
0.994103 0.004874 -0.108329 0.138081 -0.006873 0.999813 -0.018083 -0.371772 0.108221 0.018721 0.993951 16.317467
0.990414 0.005844 -0.138007 0.083408 -0.008229 0.999826 -0.016713 -0.382836 0.137885 0.017689 0.990290 16.582642
0.985232 0.006300 -0.171109 0.041760 -0.008865 0.999860 -0.014227 -0.395887 0.170995 0.015534 0.985149 16.873917
0.978090 0.007252 -0.208057 -0.028328 -0.009756 0.999892 -0.011010 -0.404983 0.207954 0.012799 0.978055 17.174849
0.968811 0.009027 -0.247635 -0.123084 -0.011005 0.999918 -0.006604 -0.421261 0.247555 0.009123 0.968831 17.482035
0.957305 0.012842 -0.288796 -0.242284 -0.014228 0.999895 -0.002702 -0.428643 0.288731 0.006696 0.957387 17.793365
0.943667 0.016362 -0.330491 -0.376286 -0.017010 0.999855 0.000931 -0.436190 0.330458 0.004743 0.943809 18.113754
0.927436 0.018908 -0.373503 -0.513469 -0.018316 0.999819 0.005134 -0.439947 0.373532 0.002080 0.927615 18.438179
0.908762 0.022248 -0.416721 -0.680687 -0.019242 0.999750 0.011413 -0.449546 0.416871 -0.002353 0.908963 18.771841
0.887516 0.026264 -0.460028 -0.865404 -0.020622 0.999638 0.017286 -0.459414 0.460315 -0.005855 0.887736 19.106857
0.863480 0.030471 -0.503462 -1.076308 -0.022917 0.999513 0.021188 -0.466719 0.503862 -0.006758 0.863758 19.420788
0.836075 0.033342 -0.547602 -1.295318 -0.024346 0.999423 0.023681 -0.468347 0.548075 -0.006467 0.836404 19.737133
0.805866 0.036228 -0.590989 -1.541941 -0.026589 0.999334 0.025004 -0.463566 0.591501 -0.004436 0.806292 20.051741
0.772906 0.038378 -0.633359 -1.815873 -0.027649 0.999258 0.026809 -0.458515 0.633918 -0.003210 0.773393 20.368893
0.736625 0.041609 -0.675021 -2.111772 -0.029353 0.999132 0.029556 -0.448247 0.675665 -0.001958 0.737207 20.681482
0.698146 0.042318 -0.714703 -2.416034 -0.028032 0.999102 0.031776 -0.434886 0.715406 -0.002150 0.698706 20.980801
0.657687 0.042144 -0.752112 -2.756695 -0.026470 0.999110 0.032838 -0.430112 0.752826 -0.001688 0.658217 21.274273
0.615434 0.040822 -0.787131 -3.123025 -0.022695 0.999162 0.034073 -0.418900 0.787862 -0.003106 0.615844 21.574102
0.571169 0.040673 -0.819824 -3.520073 -0.019223 0.999160 0.036178 -0.420355 0.820608 -0.004905 0.571471 21.868240
0.524754 0.041598 -0.850237 -3.943099 -0.018098 0.999125 0.037712 -0.413310 0.851061 -0.004402 0.525048 22.134964
0.475512 0.040722 -0.878766 -4.399598 -0.017063 0.999167 0.037068 -0.396464 0.879544 -0.002631 0.475810 22.377657
0.423545 0.039610 -0.905009 -4.872864 -0.013754 0.999210 0.037297 -0.378965 0.905771 -0.003350 0.423755 22.602394
0.370174 0.037874 -0.928190 -5.372549 -0.009547 0.999271 0.036966 -0.370831 0.928913 -0.004822 0.370266 22.812483
0.315728 0.036994 -0.948128 -5.901577 -0.008143 0.999309 0.036279 -0.370304 0.948815 -0.003734 0.315811 22.981636
0.262707 0.040506 -0.964025 -6.469622 -0.008484 0.999177 0.039671 -0.343172 0.964838 -0.002243 0.262834 23.131350
0.211279 0.044367 -0.976418 -7.055116 -0.006121 0.999010 0.044069 -0.324975 0.977407 -0.003334 0.211341 23.277985
0.162743 0.045383 -0.985624 -7.658271 -0.001861 0.998954 0.045689 -0.315725 0.986667 -0.005601 0.162657 23.397890
0.117678 0.046202 -0.991976 -8.267416 0.000168 0.998916 0.046545 -0.311037 0.993052 -0.005644 0.117542 23.479734
0.076981 0.044580 -0.996035 -8.897963 0.000465 0.998998 0.044748 -0.302140 0.997032 -0.003908 0.076884 23.517984
0.041328 0.040320 -0.998332 -9.549517 -0.002440 0.999187 0.040253 -0.277365 0.999143 0.000772 0.041393 23.551701
0.012851 0.039648 -0.999131 -10.221068 -0.005462 0.999201 0.039581 -0.250180 0.999902 0.004949 0.013057 23.553017
-0.008691 0.042925 -0.999040 -10.911415 -0.007213 0.999050 0.042988 -0.227655 0.999936 0.007579 -0.008373 23.535278
-0.022739 0.047910 -0.998593 -11.624091 -0.006482 0.998823 0.048069 -0.200731 0.999720 0.007566 -0.022402 23.524176
-0.031232 0.050699 -0.998226 -12.370220 -0.005419 0.998689 0.050892 -0.184956 0.999497 0.006999 -0.030916 23.510759
-0.035839 0.048483 -0.998181 -13.116332 -0.004311 0.998806 0.048668 -0.157628 0.999348 0.006048 -0.035587 23.480724
-0.035934 0.043791 -0.998394 -13.871523 0.001898 0.999041 0.043751 -0.105149 0.999352 -0.000323 -0.035983 23.459538
-0.032065 0.042802 -0.998569 -14.677721 0.012560 0.999021 0.042418 -0.088919 0.999407 -0.011182 -0.032571 23.460756
-0.027164 0.043490 -0.998685 -15.517821 0.013816 0.998974 0.043127 -0.077455 0.999536 -0.012626 -0.027737 23.429008
-0.021937 0.042054 -0.998874 -16.384899 0.012323 0.999050 0.041791 -0.044482 0.999683 -0.011392 -0.022434 23.382526
-0.019202 0.036440 -0.999151 -17.259233 0.016444 0.999212 0.036126 -0.018746 0.999680 -0.015736 -0.019786 23.370049
-0.017609 0.026706 -0.999488 -18.127375 0.014641 0.999543 0.026450 -0.012214 0.999738 -0.014168 -0.017992 23.350052
-0.017164 0.018703 -0.999678 -19.026077 0.007514 0.999799 0.018577 0.003313 0.999824 -0.007193 -0.017301 23.318113
-0.017811 0.015955 -0.999714 -19.955364 0.000678 0.999873 0.015946 0.008080 0.999841 -0.000394 -0.017820 23.318903
-0.022105 0.021064 -0.999534 -20.930662 -0.008438 0.999738 0.021255 0.012882 0.999720 0.008904 -0.021922 23.313665
-0.027765 0.028687 -0.999203 -21.930616 -0.013955 0.999480 0.029083 0.029226 0.999517 0.014751 -0.027350 23.307852
-0.032649 0.037667 -0.998757 -22.943144 -0.016481 0.999133 0.038220 0.044469 0.999331 0.017708 -0.032000 23.289946
-0.034829 0.047307 -0.998273 -23.960064 -0.017617 0.998695 0.047941 0.074978 0.999238 0.019257 -0.033950 23.259039
-0.036147 0.054923 -0.997836 -24.987297 -0.015817 0.998332 0.055523 0.105246 0.999221 0.017789 -0.035218 23.246319
-0.036999 0.056813 -0.997699 -26.015636 -0.014264 0.998251 0.057373 0.135823 0.999214 0.016354 -0.036124 23.216663
-0.038711 0.054517 -0.997762 -27.034355 -0.015269 0.998362 0.055142 0.177437 0.999134 0.017369 -0.037815 23.181074
-0.041446 0.050382 -0.997870 -28.073294 -0.015837 0.998569 0.051075 0.217137 0.999015 0.017920 -0.040589 23.146471
-0.046106 0.045476 -0.997901 -29.098520 -0.015973 0.998802 0.046255 0.243999 0.998809 0.018072 -0.045325 23.110783
-0.051795 0.041349 -0.997801 -30.140760 -0.016128 0.998978 0.042235 0.272833 0.998528 0.018280 -0.051075 23.058653
-0.057707 0.038996 -0.997572 -31.188749 -0.017992 0.999034 0.040094 0.299108 0.998171 0.020262 -0.056950 23.001881
-0.064448 0.041035 -0.997077 -32.249855 -0.018781 0.998927 0.042325 0.324995 0.997744 0.021454 -0.063608 22.931318
-0.070965 0.045147 -0.996457 -33.326443 -0.020603 0.998696 0.046716 0.347731 0.997266 0.023845 -0.069942 22.853727
-0.077584 0.048288 -0.995816 -34.399147 -0.023204 0.998468 0.050225 0.373076 0.996716 0.027003 -0.076345 22.760485
-0.081975 0.050103 -0.995374 -35.470730 -0.025671 0.998298 0.052364 0.407028 0.996304 0.029845 -0.080550 22.659191
-0.085298 0.051458 -0.995026 -36.537674 -0.029895 0.998084 0.054179 0.438494 0.995907 0.034367 -0.083597 22.554441
-0.087075 0.052608 -0.994812 -37.607193 -0.033463 0.997887 0.055700 0.477819 0.995640 0.038140 -0.085131 22.446522
-0.088587 0.052610 -0.994678 -38.672447 -0.034870 0.997828 0.055882 0.513564 0.995458 0.039635 -0.086560 22.344835
-0.089559 0.051825 -0.994632 -39.749725 -0.035891 0.997829 0.055223 0.551054 0.995335 0.040645 -0.087504 22.239056
-0.090845 0.051133 -0.994551 -40.822945 -0.037149 0.997812 0.054694 0.583419 0.995172 0.041915 -0.088747 22.133469
-0.092051 0.050694 -0.994463 -41.906017 -0.039280 0.997741 0.054497 0.618708 0.994979 0.044079 -0.089852 22.022587
-0.093129 0.049136 -0.994441 -42.978958 -0.043469 0.997629 0.053364 0.649496 0.994705 0.048197 -0.090772 21.903923
-0.093686 0.045179 -0.994576 -44.050533 -0.048896 0.997556 0.049920 0.682019 0.994400 0.053307 -0.091248 21.780722
-0.093148 0.043294 -0.994711 -45.136589 -0.052116 0.997473 0.048294 0.722854 0.994287 0.056339 -0.090657 21.666225
-0.092367 0.046775 -0.994626 -46.251427 -0.053401 0.997226 0.051856 0.759973 0.994292 0.057904 -0.089613 21.558243
-0.091125 0.049990 -0.994584 -47.365471 -0.053108 0.997074 0.054981 0.798147 0.994422 0.057830 -0.088204 21.448986
-0.089803 0.050179 -0.994695 -48.466545 -0.051179 0.997178 0.054925 0.834555 0.994644 0.055840 -0.086982 21.348160
-0.087461 0.049719 -0.994926 -49.569016 -0.050804 0.997231 0.054301 0.870232 0.994872 0.055295 -0.084693 21.249065
-0.083860 0.050399 -0.995202 -50.664520 -0.053813 0.997034 0.055026 0.908982 0.995023 0.058170 -0.080899 21.132307
-0.078558 0.051155 -0.995596 -51.779091 -0.057425 0.996792 0.055747 0.952418 0.995254 0.061551 -0.075369 21.012197
-0.073718 0.051061 -0.995971 -52.905769 -0.060387 0.996627 0.055564 0.998043 0.995449 0.064240 -0.070386 20.902166
-0.068738 0.050172 -0.996372 -54.030514 -0.061693 0.996609 0.054440 1.041574 0.995725 0.065211 -0.065410 20.810659
-0.063625 0.049608 -0.996740 -55.143379 -0.061483 0.996672 0.053529 1.081915 0.996078 0.064688 -0.060364 20.722775
-0.058803 0.049454 -0.997044 -56.259647 -0.061168 0.996717 0.053046 1.119226 0.996394 0.064107 -0.055585 20.646341
-0.054410 0.050182 -0.997257 -57.396465 -0.060586 0.996730 0.053461 1.156868 0.996679 0.063328 -0.051192 20.576817
-0.049914 0.052556 -0.997370 -58.536934 -0.059138 0.996707 0.055480 1.189713 0.997001 0.061752 -0.046641 20.507872
-0.045235 0.053291 -0.997554 -59.668797 -0.060121 0.996621 0.055967 1.235115 0.997166 0.062505 -0.041878 20.436407
-0.040168 0.052891 -0.997792 -60.816677 -0.059982 0.996669 0.055246 1.274925 0.997391 0.062068 -0.036862 20.373352
-0.035423 0.048607 -0.998190 -61.948212 -0.060129 0.996903 0.050678 1.315286 0.997562 0.061815 -0.032391 20.318111
-0.031460 0.044687 -0.998506 -63.089706 -0.059769 0.997128 0.046509 1.342141 0.997716 0.061143 -0.028699 20.268122
-0.028219 0.043766 -0.998643 -64.225441 -0.060948 0.997107 0.045421 1.374283 0.997742 0.062147 -0.025470 20.213209
-0.025357 0.045554 -0.998640 -65.367218 -0.060202 0.997079 0.047011 1.404293 0.997864 0.061312 -0.022541 20.175467
-0.023183 0.045870 -0.998678 -66.530518 -0.059833 0.997093 0.047186 1.432376 0.997939 0.060848 -0.020371 20.140816
-0.021868 0.045653 -0.998718 -67.691025 -0.061496 0.997004 0.046921 1.464453 0.997868 0.062443 -0.018995 20.094950
-0.021067 0.046800 -0.998682 -68.847534 -0.062817 0.996868 0.048040 1.494782 0.997803 0.063746 -0.018062 20.053324
-0.020505 0.046456 -0.998710 -70.006958 -0.063031 0.996873 0.047664 1.523826 0.997801 0.063928 -0.017513 20.014811
-0.019661 0.045090 -0.998789 -71.177139 -0.063545 0.996906 0.046256 1.555089 0.997785 0.064377 -0.016735 19.976969
-0.019080 0.044340 -0.998834 -72.354507 -0.062709 0.996996 0.045456 1.588045 0.997849 0.063503 -0.016243 19.947105
-0.019098 0.044259 -0.998838 -73.535782 -0.060063 0.997165 0.045334 1.616051 0.998012 0.060859 -0.016386 19.931742
-0.019195 0.045392 -0.998785 -74.721733 -0.057800 0.997248 0.046433 1.640468 0.998144 0.058621 -0.016519 19.911804
-0.019581 0.048165 -0.998647 -75.911385 -0.057627 0.997124 0.049221 1.666748 0.998146 0.058513 -0.016749 19.884354
-0.019763 0.051290 -0.998488 -77.111893 -0.059439 0.996857 0.052383 1.703852 0.998036 0.060385 -0.016652 19.849201
-0.019704 0.051652 -0.998471 -78.300117 -0.061579 0.996706 0.052776 1.741196 0.997908 0.062524 -0.016459 19.810427
-0.019877 0.049572 -0.998573 -79.482246 -0.062942 0.996727 0.050733 1.779840 0.997819 0.063860 -0.016692 19.773039
-0.019812 0.048004 -0.998651 -80.659218 -0.062863 0.996810 0.049163 1.814835 0.997826 0.063752 -0.016731 19.739492
-0.019483 0.047224 -0.998694 -81.833618 -0.062372 0.996881 0.048355 1.848247 0.997863 0.063233 -0.016477 19.714117
-0.019169 0.048370 -0.998646 -83.005783 -0.061218 0.996898 0.049461 1.875327 0.997940 0.062083 -0.016148 19.688271
-0.019601 0.050861 -0.998513 -84.199997 -0.061331 0.996763 0.051975 1.907201 0.997925 0.062259 -0.016418 19.656788
-0.019584 0.052902 -0.998408 -85.376335 -0.061786 0.996627 0.054019 1.937041 0.997897 0.062745 -0.016249 19.626432
-0.019832 0.053053 -0.998395 -86.550453 -0.062887 0.996548 0.054204 1.972349 0.997824 0.063861 -0.016428 19.598843
-0.020225 0.051472 -0.998470 -87.720840 -0.062693 0.996643 0.052648 2.004073 0.997828 0.063662 -0.016930 19.573908
-0.020234 0.050491 -0.998519 -88.885834 -0.062317 0.996718 0.051663 2.035012 0.997851 0.063270 -0.017021 19.550014
-0.020645 0.051254 -0.998472 -90.057289 -0.061663 0.996719 0.052439 2.058809 0.997883 0.062651 -0.017417 19.528612
-0.020915 0.054111 -0.998316 -91.232841 -0.061527 0.996572 0.055306 2.089433 0.997886 0.062580 -0.017514 19.507835
-0.020881 0.056422 -0.998189 -92.411240 -0.059620 0.996559 0.057577 2.118927 0.998003 0.060714 -0.017445 19.489599
-0.020817 0.057688 -0.998118 -93.580132 -0.060219 0.996449 0.058848 2.161030 0.997968 0.061331 -0.017269 19.461550
-0.020747 0.059267 -0.998027 -94.748810 -0.062481 0.996213 0.060458 2.200778 0.997831 0.063612 -0.016965 19.428627
-0.021254 0.058697 -0.998050 -95.910316 -0.063802 0.996161 0.059945 2.240051 0.997736 0.064952 -0.017427 19.394186
-0.021647 0.055359 -0.998232 -97.063293 -0.066691 0.996162 0.056691 2.272998 0.997539 0.067800 -0.017872 19.362249
-0.021545 0.053615 -0.998329 -98.225044 -0.069005 0.996100 0.054985 2.310765 0.997384 0.070074 -0.017762 19.330797
-0.022120 0.052408 -0.998381 -99.382927 -0.069820 0.996106 0.053836 2.346906 0.997314 0.070897 -0.018375 19.309092
-0.022405 0.052521 -0.998369 -100.537613 -0.069069 0.996152 0.053954 2.377853 0.997360 0.070165 -0.018691 19.289604
-0.023149 0.054291 -0.998257 -101.707329 -0.069734 0.996005 0.055786 2.414577 0.997297 0.070904 -0.019270 19.259214
-0.023648 0.055587 -0.998174 -102.893028 -0.068441 0.996020 0.057089 2.450888 0.997375 0.069667 -0.019750 19.233334
-0.024526 0.055530 -0.998156 -104.062523 -0.071485 0.995803 0.057156 2.487371 0.997140 0.072755 -0.020454 19.191414
-0.025128 0.055708 -0.998131 -105.231995 -0.075107 0.995519 0.057453 2.535314 0.996859 0.076410 -0.020831 19.142157
-0.026152 0.054709 -0.998160 -106.405281 -0.078137 0.995335 0.056601 2.586347 0.996600 0.079474 -0.021755 19.098976
-0.026658 0.051208 -0.998332 -107.575264 -0.078374 0.995506 0.053156 2.624440 0.996568 0.079661 -0.022525 19.057600
-0.027439 0.047110 -0.998513 -108.765213 -0.080018 0.995580 0.049171 2.661885 0.996416 0.081248 -0.023548 19.018488
-0.028517 0.046257 -0.998522 -109.960609 -0.077721 0.995802 0.048350 2.700093 0.996567 0.078985 -0.024803 18.986355
-0.029532 0.045865 -0.998511 -111.158958 -0.074625 0.996058 0.047960 2.728072 0.996774 0.075930 -0.025993 18.960461
-0.030423 0.047296 -0.998418 -112.373566 -0.074608 0.995986 0.049454 2.758984 0.996749 0.075994 -0.026772 18.921621
-0.031925 0.050832 -0.998197 -113.597404 -0.074560 0.995802 0.053094 2.794867 0.996705 0.076121 -0.028001 18.879709
-0.033120 0.051387 -0.998129 -114.808563 -0.073210 0.995870 0.053700 2.832534 0.996767 0.074851 -0.029221 18.847002
-0.034743 0.047766 -0.998254 -116.009750 -0.073237 0.996050 0.050210 2.866076 0.996709 0.074853 -0.031108 18.810595
-0.035814 0.044683 -0.998359 -117.228981 -0.074230 0.996121 0.047246 2.908224 0.996598 0.075800 -0.032359 18.760342
-0.037673 0.043548 -0.998341 -118.463295 -0.073452 0.996227 0.046227 2.941994 0.996587 0.075071 -0.034332 18.716410
-0.038955 0.044487 -0.998250 -119.703445 -0.075387 0.996030 0.047330 2.974769 0.996393 0.077099 -0.035447 18.660254
-0.040238 0.048449 -0.998015 -120.960152 -0.079300 0.995518 0.051525 3.016162 0.996038 0.081216 -0.036215 18.590862
-0.040937 0.051660 -0.997825 -122.226784 -0.084608 0.994896 0.054980 3.058752 0.995573 0.086675 -0.036357 18.515072
-0.041854 0.051378 -0.997802 -123.483887 -0.090746 0.994354 0.055007 3.106595 0.994994 0.092849 -0.036955 18.428707
-0.042884 0.049591 -0.997849 -124.741257 -0.094439 0.994094 0.053463 3.152691 0.994607 0.096528 -0.037947 18.350613
-0.043808 0.048538 -0.997860 -125.996399 -0.096737 0.993919 0.052594 3.194905 0.994345 0.098834 -0.038846 18.276318
-0.045170 0.047962 -0.997827 -127.252724 -0.097284 0.993888 0.052177 3.235032 0.994231 0.099430 -0.040227 18.210804
-0.046102 0.047569 -0.997804 -128.506927 -0.096488 0.993983 0.051845 3.271808 0.994266 0.098667 -0.041234 18.155094
-0.047256 0.048169 -0.997721 -129.770386 -0.096594 0.993935 0.052562 3.309310 0.994201 0.098857 -0.042317 18.082138
-0.048031 0.052291 -0.997476 -131.027710 -0.096970 0.993667 0.056761 3.356940 0.994128 0.099451 -0.042656 18.012753
-0.049176 0.056053 -0.997216 -132.288376 -0.096142 0.993522 0.060586 3.401524 0.994152 0.098854 -0.043469 17.948885
-0.049120 0.055465 -0.997252 -133.546524 -0.095928 0.993579 0.059986 3.444492 0.994176 0.098610 -0.043484 17.871103
-0.048860 0.054102 -0.997339 -134.792374 -0.097088 0.993546 0.058652 3.488567 0.994076 0.099695 -0.043292 17.801779
-0.048315 0.053707 -0.997387 -136.046280 -0.097970 0.993484 0.058242 3.530211 0.994016 0.100528 -0.042738 17.735350
-0.047164 0.053314 -0.997463 -137.297592 -0.098249 0.993485 0.057747 3.569831 0.994044 0.100724 -0.041619 17.678963
-0.046834 0.055548 -0.997357 -138.558182 -0.098117 0.993369 0.059934 3.612980 0.994072 0.100664 -0.041073 17.616329
-0.046286 0.058557 -0.997210 -139.803726 -0.098786 0.993119 0.062902 3.664718 0.994032 0.101422 -0.040182 17.558039
-0.045901 0.059687 -0.997161 -141.045837 -0.099812 0.992944 0.064029 3.713824 0.993947 0.102468 -0.039620 17.489546
-0.045661 0.057360 -0.997309 -142.273666 -0.101492 0.992918 0.061754 3.763629 0.993788 0.104038 -0.039517 17.422192
-0.045617 0.054458 -0.997474 -143.496429 -0.101133 0.993131 0.058846 3.818986 0.993827 0.103562 -0.039796 17.357498
-0.045910 0.053664 -0.997503 -144.732315 -0.098897 0.993406 0.057995 3.862563 0.994038 0.101312 -0.040300 17.298807
-0.046104 0.053348 -0.997511 -145.961929 -0.096861 0.993629 0.057617 3.903582 0.994230 0.099276 -0.040643 17.242867
-0.046438 0.053379 -0.997494 -147.188385 -0.095644 0.993746 0.057631 3.948888 0.994332 0.098080 -0.041042 17.187115
-0.047005 0.052694 -0.997504 -148.414902 -0.093891 0.993953 0.056931 3.986652 0.994472 0.096332 -0.041774 17.130442
-0.047358 0.052687 -0.997487 -149.639587 -0.093546 0.993985 0.056943 4.034091 0.994488 0.096008 -0.042145 17.069756
-0.047829 0.054784 -0.997352 -150.877930 -0.092198 0.993990 0.059021 4.080434 0.994591 0.094777 -0.042491 17.012901
-0.048342 0.056227 -0.997247 -152.102829 -0.089176 0.994184 0.060377 4.127691 0.994842 0.091849 -0.043047 16.955845
-0.049264 0.054992 -0.997271 -153.318680 -0.087182 0.994435 0.059143 4.168192 0.994974 0.089858 -0.044196 16.896727
-0.050253 0.055122 -0.997214 -154.538315 -0.088095 0.994339 0.059403 4.215453 0.994844 0.090835 -0.045113 16.829788
-0.050540 0.059465 -0.996950 -155.775589 -0.089223 0.993966 0.063810 4.261890 0.994729 0.092176 -0.044929 16.752247
-0.050851 0.064523 -0.996620 -156.988541 -0.091863 0.993378 0.069000 4.324678 0.994472 0.095062 -0.044587 16.667343
-0.050226 0.064333 -0.996664 -158.208908 -0.095350 0.993056 0.068905 4.385676 0.994176 0.098492 -0.043743 16.580271
-0.049461 0.060558 -0.996938 -159.412476 -0.098352 0.993014 0.065199 4.448735 0.993922 0.101275 -0.043160 16.494192
-0.049017 0.055450 -0.997258 -160.606583 -0.100869 0.993078 0.060176 4.497324 0.993692 0.103542 -0.043085 16.410093
-0.048880 0.053583 -0.997366 -161.811813 -0.102260 0.993044 0.058362 4.551390 0.993556 0.104844 -0.043061 16.337406
-0.048868 0.050758 -0.997515 -163.015625 -0.099673 0.993475 0.055435 4.596742 0.993819 0.102135 -0.043490 16.286320
-0.049752 0.047084 -0.997651 -164.217575 -0.095859 0.994052 0.051694 4.638701 0.994151 0.098206 -0.044942 16.232037
-0.051152 0.044836 -0.997684 -165.426712 -0.092368 0.994497 0.049429 4.668426 0.994410 0.094682 -0.046730 16.173544
-0.052565 0.047039 -0.997509 -166.641510 -0.090469 0.994558 0.051668 4.706222 0.994511 0.092960 -0.048023 16.105789
-0.052832 0.052815 -0.997206 -167.855347 -0.090447 0.994243 0.057450 4.746071 0.994499 0.093229 -0.047751 16.029398
-0.052300 0.054923 -0.997120 -169.070770 -0.091014 0.994069 0.059528 4.797307 0.994475 0.093865 -0.046991 15.952063
-0.051439 0.052720 -0.997284 -170.276215 -0.091864 0.994122 0.057291 4.838607 0.994442 0.094561 -0.046293 15.866632
-0.051075 0.052273 -0.997326 -171.491699 -0.093042 0.994037 0.056866 4.886535 0.994351 0.095697 -0.045906 15.789636
-0.050733 0.053073 -0.997301 -172.684998 -0.092527 0.994042 0.057607 4.933676 0.994417 0.095200 -0.045520 15.724293
-0.049943 0.051856 -0.997405 -173.879822 -0.092257 0.994142 0.056306 4.969618 0.994482 0.094830 -0.044866 15.661031
-0.048940 0.050829 -0.997508 -175.049026 -0.092880 0.994145 0.055215 5.009520 0.994474 0.095351 -0.043932 15.594410
-0.047574 0.052236 -0.997501 -176.197678 -0.094200 0.993946 0.056543 5.045788 0.994416 0.096655 -0.042365 15.522326
-0.046962 0.053785 -0.997448 -177.329147 -0.094406 0.993841 0.058036 5.078795 0.994425 0.096890 -0.041596 15.458579
-0.046971 0.054921 -0.997385 -178.426743 -0.094684 0.993747 0.059180 5.109822 0.994399 0.097216 -0.041477 15.397195
-0.046750 0.055701 -0.997352 -179.494720 -0.095383 0.993633 0.059964 5.145571 0.994342 0.097934 -0.041140 15.337519
-0.046932 0.056352 -0.997307 -180.527557 -0.094259 0.993703 0.060584 5.174873 0.994441 0.096849 -0.041325 15.283417
-0.046542 0.055862 -0.997353 -181.525116 -0.095035 0.993659 0.060090 5.200554 0.994385 0.097580 -0.040938 15.223062
-0.044979 0.055995 -0.997417 -182.507339 -0.095923 0.993572 0.060105 5.225271 0.994372 0.098379 -0.039319 15.164371
-0.044285 0.056370 -0.997427 -183.464951 -0.097007 0.993446 0.060452 5.255994 0.994298 0.099434 -0.038527 15.117109
-0.045390 0.055155 -0.997446 -184.409653 -0.096133 0.993599 0.059317 5.282126 0.994333 0.098580 -0.039798 15.076261
-0.049656 0.052863 -0.997366 -185.339508 -0.094773 0.993843 0.057394 5.303453 0.994260 0.097373 -0.044340 15.029644
-0.054606 0.050121 -0.997249 -186.255356 -0.093892 0.994056 0.055102 5.325320 0.994084 0.096643 -0.049576 14.983939
-0.059441 0.047613 -0.997096 -187.148758 -0.095112 0.994047 0.053137 5.353865 0.993690 0.097995 -0.054558 14.921562
-0.063367 0.046680 -0.996898 -188.063370 -0.096327 0.993955 0.052665 5.385436 0.993331 0.099366 -0.058487 14.856481
-0.066606 0.047041 -0.996670 -188.969498 -0.097596 0.993791 0.053427 5.416993 0.992995 0.100829 -0.061601 14.785993
-0.069211 0.048431 -0.996426 -189.879837 -0.096336 0.993828 0.054996 5.451755 0.992940 0.099798 -0.064118 14.720683
-0.071229 0.050073 -0.996202 -190.795715 -0.093450 0.994011 0.056645 5.478493 0.993073 0.097130 -0.066123 14.663847
-0.072623 0.050679 -0.996071 -191.704895 -0.092247 0.994086 0.057303 5.506699 0.993084 0.096046 -0.067518 14.597735
-0.073697 0.050070 -0.996023 -192.606598 -0.092678 0.994073 0.056829 5.531169 0.992965 0.096497 -0.068620 14.523660
-0.074548 0.048800 -0.996023 -193.497971 -0.094073 0.994004 0.055742 5.563842 0.992770 0.097854 -0.069510 14.449610
-0.074631 0.048029 -0.996054 -194.377853 -0.096448 0.993809 0.055148 5.596364 0.992536 0.100183 -0.069537 14.367578
-0.074091 0.046826 -0.996152 -195.261826 -0.097985 0.993722 0.054000 5.627607 0.992426 0.101609 -0.069037 14.283122
-0.073770 0.044592 -0.996278 -196.149643 -0.098238 0.993816 0.051756 5.661521 0.992425 0.101690 -0.068934 14.204324
-0.073561 0.042355 -0.996391 -197.052353 -0.098171 0.993938 0.049499 5.694172 0.992447 0.101458 -0.068957 14.135399
-0.073184 0.042315 -0.996420 -197.965408 -0.098234 0.993935 0.049424 5.723981 0.992469 0.101500 -0.068583 14.061584
-0.072761 0.044608 -0.996351 -198.887650 -0.096550 0.993992 0.051553 5.759141 0.992665 0.099949 -0.068017 13.996801
-0.072968 0.045814 -0.996282 -199.812286 -0.096083 0.993975 0.052745 5.789135 0.992695 0.099574 -0.068126 13.933200
-0.072753 0.042008 -0.996465 -200.744003 -0.092086 0.994562 0.048651 5.821051 0.993090 0.095300 -0.068489 13.878246
-0.072777 0.039429 -0.996569 -201.676041 -0.091143 0.994774 0.046014 5.846113 0.993175 0.094179 -0.068803 13.807974
-0.073113 0.040027 -0.996520 -202.625122 -0.095501 0.994322 0.046945 5.870446 0.992741 0.098601 -0.068875 13.713811
-0.072270 0.042918 -0.996461 -203.586380 -0.097047 0.994031 0.049852 5.909572 0.992652 0.100306 -0.067673 13.632243
-0.071538 0.042952 -0.996513 -204.545486 -0.095898 0.994148 0.049734 5.942039 0.992817 0.099121 -0.067001 13.566412
-0.070093 0.043929 -0.996573 -205.523117 -0.095462 0.994149 0.050537 5.974298 0.992962 0.098677 -0.065489 13.494328
-0.069205 0.048179 -0.996438 -206.519760 -0.096315 0.993844 0.054743 6.011729 0.992942 0.099760 -0.064139 13.412321
-0.068012 0.052360 -0.996310 -207.520157 -0.094108 0.993833 0.058654 6.051493 0.993236 0.097750 -0.062665 13.345838
-0.067332 0.053191 -0.996312 -208.509689 -0.093522 0.993845 0.059380 6.080997 0.993338 0.097175 -0.061943 13.271289
-0.065565 0.053863 -0.996394 -209.501389 -0.095829 0.993587 0.060017 6.119443 0.993236 0.099418 -0.059983 13.190668
-0.063059 0.054926 -0.996497 -210.506592 -0.097392 0.993380 0.060917 6.170317 0.993246 0.100892 -0.057292 13.105803
-0.060234 0.054835 -0.996677 -211.521698 -0.097893 0.993352 0.060568 6.211801 0.993372 0.101216 -0.054466 13.029076
-0.057462 0.052255 -0.996979 -212.540863 -0.100650 0.993238 0.057860 6.257204 0.993261 0.103670 -0.051814 12.947515
-0.054729 0.049356 -0.997281 -213.566437 -0.101100 0.993371 0.054711 6.300571 0.993370 0.103819 -0.049377 12.877672
-0.053619 0.048198 -0.997398 -214.597092 -0.100930 0.993458 0.053434 6.336072 0.993448 0.103533 -0.048404 12.818949
-0.052273 0.050274 -0.997367 -215.644409 -0.102004 0.993240 0.055412 6.367310 0.993410 0.104632 -0.046791 12.760986
-0.051164 0.052581 -0.997305 -216.701416 -0.102856 0.993025 0.057632 6.414832 0.993379 0.105528 -0.045399 12.695071
-0.050613 0.052223 -0.997352 -217.760437 -0.103030 0.993031 0.057226 6.456080 0.993390 0.105654 -0.044880 12.640757
-0.050384 0.049316 -0.997512 -218.819672 -0.102187 0.993284 0.054268 6.497588 0.993488 0.104667 -0.045006 12.589092
-0.050895 0.046846 -0.997605 -219.874542 -0.100214 0.993618 0.051771 6.533706 0.993663 0.102609 -0.045876 12.538879
-0.050951 0.045900 -0.997646 -220.946274 -0.098610 0.993831 0.050760 6.564885 0.993821 0.100964 -0.046110 12.485167
-0.051283 0.044887 -0.997675 -222.032593 -0.099377 0.993802 0.049821 6.601883 0.993728 0.101701 -0.046504 12.426378
-0.051111 0.045012 -0.997678 -223.122101 -0.098705 0.993865 0.049896 6.632048 0.993803 0.101027 -0.046355 12.370377
-0.052009 0.045583 -0.997606 -224.213791 -0.101126 0.993582 0.050672 6.670235 0.993513 0.103519 -0.047065 12.306145
-0.052919 0.047186 -0.997483 -225.315887 -0.102116 0.993391 0.052410 6.710646 0.993364 0.104633 -0.047751 12.237946
-0.054539 0.048724 -0.997322 -226.434021 -0.102432 0.993266 0.054127 6.748412 0.993244 0.105110 -0.049181 12.175836
-0.055724 0.050296 -0.997179 -227.555435 -0.103478 0.993061 0.055871 6.787334 0.993070 0.106299 -0.050133 12.105778
-0.057603 0.050937 -0.997039 -228.684799 -0.104855 0.992865 0.056781 6.828076 0.992818 0.107815 -0.051851 12.030691
-0.059199 0.049603 -0.997013 -229.821014 -0.106592 0.992740 0.055720 6.875813 0.992539 0.109572 -0.053482 11.946465
-0.061313 0.044985 -0.997104 -230.961746 -0.105538 0.993092 0.051293 6.919237 0.992523 0.108377 -0.056142 11.876909
-0.064080 0.039087 -0.997179 -232.100281 -0.103288 0.993606 0.045584 6.955543 0.992585 0.105918 -0.059633 11.814661
-0.066580 0.035226 -0.997159 -233.251221 -0.100311 0.994077 0.041815 6.985854 0.992726 0.102810 -0.062652 11.749666
-0.068907 0.035217 -0.997001 -234.433258 -0.098413 0.994262 0.041922 7.010651 0.992757 0.101006 -0.065046 11.683821
-0.072782 0.038845 -0.996591 -235.625122 -0.094653 0.994462 0.045675 7.033480 0.992846 0.097655 -0.068702 11.614437
-0.075422 0.041535 -0.996286 -236.825012 -0.093399 0.994445 0.048529 7.065868 0.992768 0.096713 -0.071124 11.531862
-0.077392 0.041114 -0.996153 -238.015503 -0.091754 0.994615 0.048179 7.099638 0.992770 0.095130 -0.073203 11.443001
-0.080001 0.041333 -0.995937 -239.208374 -0.092151 0.994555 0.048678 7.136867 0.992526 0.095671 -0.075757 11.343954
-0.082754 0.042305 -0.995672 -240.414047 -0.091719 0.994535 0.049879 7.176787 0.992340 0.095449 -0.078421 11.245430
-0.085447 0.041927 -0.995460 -241.631180 -0.091254 0.994586 0.049723 7.212768 0.992155 0.095088 -0.081159 11.141379
-0.087693 0.040496 -0.995324 -242.849060 -0.091126 0.994658 0.048498 7.250811 0.991971 0.094953 -0.083534 11.030573
-0.090265 0.040093 -0.995110 -244.076859 -0.091997 0.994581 0.048417 7.288261 0.991660 0.095918 -0.086087 10.919800
-0.092346 0.040875 -0.994888 -245.313278 -0.092149 0.994518 0.049413 7.328469 0.991454 0.096241 -0.088073 10.802211
-0.094323 0.041220 -0.994688 -246.546371 -0.092935 0.994415 0.050022 7.363456 0.991194 0.097160 -0.089965 10.680636
-0.097194 0.042319 -0.994365 -247.781403 -0.094182 0.994221 0.051518 7.403264 0.990799 0.098659 -0.092647 10.553448
-0.099698 0.043423 -0.994070 -249.025742 -0.095508 0.994017 0.052999 7.443525 0.990423 0.100226 -0.094954 10.423342
-0.101208 0.043817 -0.993900 -250.267105 -0.096864 0.993849 0.053678 7.486355 0.990139 0.101705 -0.096341 10.287120
-0.102444 0.043957 -0.993767 -251.509644 -0.099286 0.993583 0.054183 7.529452 0.989771 0.104218 -0.097422 10.138661
-0.103197 0.044078 -0.993684 -252.752899 -0.100340 0.993460 0.054489 7.575211 0.989587 0.105329 -0.098099 9.996836
-0.104089 0.043169 -0.993631 -253.987823 -0.099703 0.993572 0.053611 7.617140 0.989558 0.104648 -0.099116 9.855217
-0.104837 0.042081 -0.993599 -255.231461 -0.098007 0.993804 0.052430 7.656909 0.989648 0.102876 -0.100063 9.715097
-0.106209 0.041995 -0.993457 -256.473267 -0.096728 0.993933 0.052356 7.692804 0.989628 0.101656 -0.101502 9.579951
-0.106883 0.042081 -0.993381 -257.730316 -0.097278 0.993868 0.052568 7.729902 0.989501 0.102253 -0.102134 9.447385
-0.107642 0.042029 -0.993301 -258.990723 -0.097074 0.993888 0.052574 7.767537 0.989439 0.102083 -0.102904 9.305673
-0.108753 0.042470 -0.993161 -260.258850 -0.096811 0.993885 0.053102 7.798715 0.989343 0.101924 -0.103976 9.167374
-0.108956 0.042800 -0.993125 -261.525635 -0.095372 0.994014 0.053302 7.839166 0.989461 0.100524 -0.104222 9.029616
-0.110256 0.044776 -0.992894 -262.774384 -0.091453 0.994290 0.054994 7.878188 0.989687 0.096866 -0.105531 8.905156
-0.111556 0.048081 -0.992594 -264.025452 -0.088307 0.994398 0.058093 7.917496 0.989827 0.094133 -0.106685 8.776301
-0.112620 0.050507 -0.992354 -265.278717 -0.086673 0.994401 0.060447 7.956164 0.989851 0.092818 -0.107612 8.645376
-0.112461 0.049568 -0.992419 -266.522705 -0.085964 0.994525 0.059415 7.997939 0.989931 0.091995 -0.107584 8.497682
-0.113296 0.048405 -0.992381 -267.752075 -0.087826 0.994415 0.058531 8.041725 0.989672 0.093788 -0.108412 8.350798
-0.113568 0.050254 -0.992258 -268.988922 -0.092494 0.993848 0.060921 8.088640 0.989215 0.098697 -0.108221 8.187729
-0.113558 0.054859 -0.992016 -270.235626 -0.096270 0.993168 0.065943 8.149994 0.988856 0.102990 -0.107501 8.022272
-0.113775 0.054136 -0.992031 -271.461243 -0.098427 0.992988 0.065476 8.208178 0.988619 0.105093 -0.107649 7.861845
-0.114134 0.047886 -0.992311 -272.687256 -0.099714 0.993242 0.059400 8.261150 0.988449 0.105727 -0.108588 7.714659
-0.114521 0.042758 -0.992500 -273.913666 -0.098254 0.993687 0.054146 8.301882 0.988550 0.103718 -0.109597 7.577714
-0.115048 0.042193 -0.992464 -275.150421 -0.094805 0.994071 0.053251 8.335027 0.988826 0.100217 -0.110365 7.442488
-0.114158 0.043749 -0.992499 -276.387878 -0.092066 0.994265 0.054416 8.362042 0.989187 0.097587 -0.109476 7.299985
-0.113245 0.045921 -0.992505 -277.621277 -0.091692 0.994186 0.056461 8.398014 0.989327 0.097398 -0.108376 7.157302
-0.112875 0.047682 -0.992464 -278.843079 -0.092224 0.994033 0.058246 8.434777 0.989320 0.098103 -0.107804 7.017837
-0.112177 0.049134 -0.992473 -280.066376 -0.093302 0.993843 0.059748 8.481846 0.989298 0.099302 -0.106903 6.869919
-0.111921 0.050128 -0.992452 -281.282440 -0.094024 0.993712 0.060795 8.527377 0.989259 0.100118 -0.106504 6.721490
-0.111679 0.049660 -0.992503 -282.495026 -0.094131 0.993731 0.060313 8.569831 0.989276 0.100161 -0.106304 6.585783
-0.111932 0.047962 -0.992558 -283.698120 -0.094743 0.993769 0.058705 8.611092 0.989189 0.100609 -0.106690 6.439644
-0.112468 0.047129 -0.992537 -284.928131 -0.094903 0.993799 0.057943 8.647153 0.989113 0.100711 -0.107298 6.300576
-0.112954 0.046852 -0.992495 -286.159973 -0.095544 0.993747 0.057785 8.688354 0.988996 0.101354 -0.107771 6.161001
-0.112957 0.046699 -0.992502 -287.373901 -0.095978 0.993711 0.057679 8.729350 0.988953 0.101773 -0.107765 6.018628
-0.113039 0.047125 -0.992472 -288.596100 -0.096856 0.993595 0.058210 8.768959 0.988859 0.102706 -0.107750 5.869056
-0.113421 0.047245 -0.992423 -289.825043 -0.096563 0.993616 0.058338 8.814258 0.988843 0.102448 -0.108135 5.722332
-0.113302 0.046258 -0.992483 -291.028961 -0.096375 0.993693 0.057317 8.854389 0.988875 0.102144 -0.108130 5.587042
-0.113766 0.043830 -0.992540 -292.243469 -0.096448 0.993820 0.054941 8.898960 0.988815 0.101979 -0.108836 5.442415
-0.114420 0.041423 -0.992568 -293.456604 -0.096494 0.993942 0.052604 8.939846 0.988735 0.101796 -0.109730 5.292372
-0.115021 0.040132 -0.992552 -294.671234 -0.097825 0.993869 0.051522 8.977416 0.988535 0.103022 -0.110390 5.138550
-0.115615 0.039777 -0.992497 -295.887268 -0.101069 0.993541 0.051593 9.016658 0.988139 0.106276 -0.110848 4.983440
-0.116117 0.040291 -0.992418 -297.109589 -0.104084 0.993182 0.052500 9.057115 0.987767 0.109391 -0.111132 4.820219
-0.117359 0.040638 -0.992258 -298.332275 -0.106641 0.992869 0.053276 9.098704 0.987347 0.112068 -0.112189 4.665606
-0.117891 0.040353 -0.992206 -299.554138 -0.108371 0.992683 0.053248 9.145036 0.987095 0.113803 -0.112656 4.500167
-0.118433 0.038707 -0.992207 -300.764404 -0.107714 0.992843 0.051589 9.183466 0.987103 0.112984 -0.113416 4.345746
-0.119266 0.036709 -0.992183 -301.975220 -0.106205 0.993111 0.049510 9.221760 0.987166 0.111280 -0.114546 4.203951
-0.120588 0.036498 -0.992032 -303.190704 -0.104029 0.993357 0.049192 9.257695 0.987237 0.109132 -0.115990 4.063905
-0.121665 0.038080 -0.991841 -304.423096 -0.101821 0.993513 0.050634 9.298346 0.987335 0.107151 -0.116998 3.918717
-0.122799 0.039439 -0.991648 -305.649475 -0.100286 0.993602 0.051936 9.332047 0.987351 0.105826 -0.118059 3.771922
-0.123526 0.038964 -0.991576 -306.872925 -0.100207 0.993631 0.051528 9.368718 0.987269 0.105728 -0.118835 3.610050
-0.123511 0.037693 -0.991627 -308.094635 -0.101845 0.993520 0.050451 9.410275 0.987103 0.107224 -0.118872 3.442969
-0.123349 0.037103 -0.991670 -309.330566 -0.101904 0.993545 0.049848 9.450953 0.987117 0.107203 -0.118771 3.279308
-0.123432 0.037218 -0.991655 -310.573608 -0.100938 0.993643 0.049857 9.486544 0.987206 0.106249 -0.118890 3.120293
