1.000000 0.000000 0.000000 0.000000 0.000000 1.000000 0.000000 0.000000 0.000000 0.000000 1.000000 0.000000
0.999993 -0.001772 -0.003299 0.008801 0.001767 0.999997 -0.001499 -0.012527 0.003301 0.001493 0.999993 0.685534
0.999970 -0.000948 -0.007651 0.003063 0.000928 0.999996 -0.002615 -0.018944 0.007654 0.002608 0.999967 1.388356
0.999925 -0.000449 -0.012252 -0.002500 0.000401 0.999992 -0.003940 -0.026881 0.012254 0.003934 0.999917 2.118872
0.999842 0.001431 -0.017701 -0.013168 -0.001517 0.999987 -0.004822 -0.034236 0.017694 0.004848 0.999832 2.855619
0.999754 0.000897 -0.022146 -0.023984 -0.001009 0.999987 -0.005018 -0.047894 0.022141 0.005039 0.999742 3.608668
0.999631 0.001992 -0.027104 -0.047337 -0.002149 0.999981 -0.005735 -0.062003 0.027092 0.005791 0.999616 4.378092
0.999485 0.004554 -0.031772 -0.082733 -0.004748 0.999970 -0.006043 -0.074032 0.031744 0.006191 0.999477 5.170437
0.999327 0.005989 -0.036186 -0.117079 -0.006176 0.999968 -0.005080 -0.086229 0.036154 0.005300 0.999332 5.982794
0.999158 0.006131 -0.040568 -0.151154 -0.006239 0.999977 -0.002524 -0.103738 0.040552 0.002775 0.999174 6.805915
0.998990 0.005784 -0.044553 -0.182085 -0.005822 0.999983 -0.000718 -0.122604 0.044549 0.000977 0.999007 7.635588
0.998859 0.006609 -0.047305 -0.228132 -0.006652 0.999978 -0.000738 -0.134934 0.047299 0.001052 0.998880 8.461080
0.998770 0.006516 -0.049155 -0.276002 -0.006596 0.999977 -0.001484 -0.144626 0.049145 0.001806 0.998790 9.290816
0.998711 0.004619 -0.050538 -0.309613 -0.004714 0.999987 -0.001774 -0.159724 0.050529 0.002010 0.998721 10.134126
0.998578 0.004230 -0.053147 -0.352149 -0.004295 0.999990 -0.001118 -0.170029 0.053142 0.001345 0.998586 10.994286
0.998473 0.003097 -0.055147 -0.391826 -0.003177 0.999994 -0.001368 -0.187394 0.055143 0.001541 0.998477 11.861878
0.998317 0.004130 -0.057852 -0.448746 -0.004306 0.999986 -0.002915 -0.204741 0.057839 0.003159 0.998321 12.740047
0.998186 0.005062 -0.059998 -0.509648 -0.005370 0.999973 -0.004978 -0.222216 0.059971 0.005291 0.998186 13.634275
0.998104 0.008212 -0.060999 -0.579535 -0.008615 0.999943 -0.006339 -0.239863 0.060943 0.006852 0.998118 14.517260
0.998010 0.009194 -0.062384 -0.641467 -0.009610 0.999934 -0.006357 -0.254510 0.062321 0.006944 0.998032 15.424733
0.997878 0.009093 -0.064480 -0.698285 -0.009441 0.999942 -0.005097 -0.277221 0.064430 0.005695 0.997906 16.358507
0.997733 0.009449 -0.066631 -0.760033 -0.009725 0.999945 -0.003828 -0.298712 0.066592 0.004467 0.997770 17.285152
0.997642 0.009575 -0.067959 -0.823948 -0.009829 0.999946 -0.003401 -0.321676 0.067922 0.004061 0.997682 18.213354
0.997512 0.009583 -0.069842 -0.890013 -0.009936 0.999940 -0.004715 -0.336233 0.069793 0.005397 0.997547 19.122780
0.997447 0.008782 -0.070861 -0.953504 -0.009193 0.999943 -0.005473 -0.357818 0.070809 0.006110 0.997471 20.044889
0.997408 0.008958 -0.071398 -1.020721 -0.009271 0.999949 -0.004056 -0.382627 0.071358 0.004707 0.997440 20.981956
0.997416 0.010562 -0.071063 -1.100238 -0.010686 0.999942 -0.001359 -0.403199 0.071045 0.002115 0.997471 21.927727
0.997470 0.010606 -0.070290 -1.173907 -0.010542 0.999944 0.001284 -0.423291 0.070300 -0.000540 0.997526 22.878391
0.997596 0.009491 -0.068645 -1.234321 -0.009261 0.999950 0.003667 -0.435630 0.068677 -0.003023 0.997634 23.834789
0.997710 0.009010 -0.067032 -1.300148 -0.008754 0.999953 0.004120 -0.450383 0.067066 -0.003524 0.997742 24.792543
0.997803 0.009660 -0.065547 -1.369672 -0.009582 0.999953 0.001500 -0.467307 0.065559 -0.000868 0.997848 25.751257
0.997897 0.009426 -0.064129 -1.441622 -0.009654 0.999948 -0.003247 -0.480696 0.064095 0.003860 0.997936 26.703337
0.998009 0.008920 -0.062431 -1.506356 -0.009335 0.999936 -0.006362 -0.496894 0.062370 0.006932 0.998029 27.659801
0.998071 0.007399 -0.061642 -1.564651 -0.007775 0.999953 -0.005869 -0.518533 0.061595 0.006337 0.998081 28.632010
0.998074 0.005638 -0.061774 -1.620422 -0.005767 0.999982 -0.001925 -0.540991 0.061762 0.002278 0.998088 29.622707
0.998047 0.003110 -0.062385 -1.673586 -0.003057 0.999995 0.000953 -0.561524 0.062387 -0.000760 0.998052 30.625505
0.997991 -0.004432 -0.063197 -1.707690 0.004446 0.999990 0.000080 -0.580163 0.063196 -0.000361 0.998001 31.606594
0.997876 -0.006617 -0.064799 -1.761923 0.006417 0.999974 -0.003286 -0.598028 0.064819 0.002863 0.997893 32.591187
0.997763 -0.006329 -0.066555 -1.829306 0.005890 0.999960 -0.006786 -0.614459 0.066595 0.006379 0.997760 33.574867
0.997606 -0.005312 -0.068944 -1.901278 0.004786 0.999958 -0.007799 -0.630972 0.068983 0.007450 0.997590 34.573227
0.997556 -0.005010 -0.069689 -1.973912 0.004558 0.999968 -0.006636 -0.659025 0.069720 0.006302 0.997547 35.590397
0.997445 -0.003376 -0.071363 -2.056131 0.003057 0.999985 -0.004580 -0.676149 0.071377 0.004350 0.997440 36.629181
0.997371 -0.003022 -0.072395 -2.137355 0.002771 0.999990 -0.003570 -0.698053 0.072406 0.003360 0.997370 37.640049
0.997289 -0.003335 -0.073502 -2.212363 0.003212 0.999993 -0.001794 -0.713522 0.073508 0.001553 0.997293 38.658955
0.997284 -0.003686 -0.073555 -2.292091 0.003758 0.999993 0.000843 -0.738211 0.073551 -0.001117 0.997291 39.678944
0.997267 -0.000124 -0.073881 -2.384404 0.000289 0.999997 0.002225 -0.748894 0.073880 -0.002240 0.997265 40.696701
0.997273 0.000241 -0.073795 -2.465343 -0.000133 0.999999 0.001465 -0.761449 0.073795 -0.001452 0.997272 41.701290
0.997311 0.000109 -0.073285 -2.540446 -0.000117 1.000000 -0.000096 -0.785275 0.073285 0.000104 0.997311 42.695721
0.997361 0.002848 -0.072544 -2.631519 -0.003017 0.999993 -0.002215 -0.807983 0.072537 0.002428 0.997363 43.688831
0.997299 0.003798 -0.073345 -2.712799 -0.004003 0.999988 -0.002646 -0.827421 0.073334 0.002933 0.997303 44.695271
0.997233 0.002639 -0.074293 -2.786620 -0.002802 0.999994 -0.002084 -0.847616 0.074287 0.002286 0.997234 45.690823
0.997179 0.003504 -0.074975 -2.865425 -0.003593 0.999993 -0.001055 -0.873569 0.074971 0.001321 0.997185 46.693611
0.997101 0.005849 -0.075861 -2.947593 -0.006142 0.999975 -0.003636 -0.908163 0.075838 0.004092 0.997112 47.691463
0.997032 0.007283 -0.076639 -3.030623 -0.007921 0.999937 -0.008015 -0.921439 0.076576 0.008599 0.997027 48.668015
0.996977 0.008509 -0.077227 -3.115840 -0.009241 0.999916 -0.009120 -0.949420 0.077143 0.009806 0.996972 49.657860
0.996934 0.007856 -0.077846 -3.194591 -0.008406 0.999942 -0.006741 -0.970886 0.077789 0.007375 0.996943 50.648438
0.996886 0.005559 -0.078656 -3.268075 -0.005897 0.999974 -0.004070 -1.002650 0.078632 0.004521 0.996893 51.645603
0.996851 0.004413 -0.079176 -3.347651 -0.004734 0.999981 -0.003858 -1.021988 0.079158 0.004221 0.996853 52.621326
0.996822 0.000851 -0.079658 -3.418320 -0.001277 0.999985 -0.005294 -1.042621 0.079652 0.005379 0.996808 53.589642
0.996768 -0.001596 -0.080320 -3.487677 0.001063 0.999977 -0.006673 -1.067224 0.080329 0.006566 0.996747 54.552547
0.996710 -0.002771 -0.081004 -3.566497 0.002305 0.999980 -0.005839 -1.086494 0.081018 0.005633 0.996697 55.512367
0.996628 -0.004193 -0.081942 -3.639167 0.003989 0.999988 -0.002654 -1.103379 0.081952 0.002318 0.996634 56.468971
0.996522 -0.006266 -0.083098 -3.711791 0.006420 0.999978 0.001580 -1.128674 0.083086 -0.002108 0.996540 57.445618
0.996464 -0.005309 -0.083857 -3.800177 0.005602 0.999979 0.003257 -1.141943 0.083838 -0.003715 0.996472 58.407017
0.996343 -0.005425 -0.085275 -3.884980 0.005417 0.999985 -0.000320 -1.160376 0.085275 -0.000143 0.996357 59.347282
0.996263 -0.004848 -0.086238 -3.968884 0.004186 0.999960 -0.007845 -1.176796 0.086273 0.007454 0.996244 60.270741
0.996200 -0.002587 -0.087053 -4.060739 0.001518 0.999923 -0.012335 -1.204184 0.087078 0.012156 0.996127 61.187729
0.996110 0.001767 -0.088097 -4.161057 -0.002848 0.999922 -0.012147 -1.224323 0.088069 0.012350 0.996038 62.112885
0.995994 0.003961 -0.089331 -4.249423 -0.004893 0.999936 -0.010218 -1.254067 0.089285 0.010614 0.995950 63.024979
0.995870 0.005818 -0.090606 -4.339316 -0.006637 0.999940 -0.008739 -1.285649 0.090549 0.009304 0.995849 63.916096
0.995776 0.006336 -0.091600 -4.424649 -0.007147 0.999938 -0.008525 -1.312647 0.091541 0.009144 0.995759 64.785400
0.995596 0.007591 -0.093442 -4.504763 -0.008360 0.999934 -0.007838 -1.337617 0.093377 0.008585 0.995594 65.647095
0.995448 0.008095 -0.094963 -4.590280 -0.008844 0.999933 -0.007471 -1.362591 0.094897 0.008277 0.995453 66.494835
0.995287 0.008423 -0.096612 -4.667721 -0.009163 0.999932 -0.007222 -1.388752 0.096544 0.008073 0.995296 67.328064
0.995137 0.008342 -0.098144 -4.747291 -0.009036 0.999937 -0.006627 -1.410879 0.098083 0.007482 0.995150 68.156326
0.994937 0.010567 -0.099944 -4.836497 -0.011075 0.999928 -0.004528 -1.434538 0.099889 0.005612 0.994983 68.972809
0.994745 0.012126 -0.101659 -4.931805 -0.012380 0.999922 -0.001871 -1.453158 0.101628 0.003120 0.994818 69.775803
0.994492 0.013475 -0.103947 -5.019647 -0.013598 0.999907 -0.000476 -1.472839 0.103931 0.001887 0.994583 70.559555
0.994279 0.014997 -0.105755 -5.112180 -0.015505 0.999872 -0.003976 -1.498105 0.105682 0.005593 0.994384 71.311623
0.994115 0.014718 -0.107328 -5.197229 -0.016029 0.999807 -0.011365 -1.513744 0.107140 0.013018 0.994159 72.031876
0.993997 0.013832 -0.108527 -5.268742 -0.015755 0.999733 -0.016888 -1.536216 0.108264 0.018497 0.993950 72.740952
0.993927 0.015147 -0.108998 -5.351503 -0.017285 0.999676 -0.018698 -1.556898 0.108680 0.020469 0.993866 73.437714
0.993804 0.017648 -0.109737 -5.437191 -0.019535 0.999679 -0.016140 -1.584625 0.109417 0.018184 0.993830 74.131767
0.993659 0.017400 -0.111082 -5.513159 -0.019125 0.999712 -0.014482 -1.611925 0.110798 0.016515 0.993706 74.800308
0.993518 0.014646 -0.112731 -5.579109 -0.016710 0.999709 -0.017380 -1.637661 0.112443 0.019151 0.993474 75.443367
0.993596 0.007832 -0.112716 -5.626309 -0.010433 0.999692 -0.022499 -1.666668 0.112505 0.023531 0.993372 76.060249
0.993701 0.004278 -0.111980 -5.684696 -0.007347 0.999608 -0.027011 -1.696642 0.111821 0.027663 0.993343 76.662437
0.994006 0.006368 -0.109136 -5.759339 -0.009426 0.999577 -0.027524 -1.725951 0.108914 0.028388 0.993646 77.254959
0.994386 0.010332 -0.105306 -5.839479 -0.013080 0.999591 -0.025446 -1.748707 0.105000 0.026680 0.994114 77.844582
0.994873 0.009809 -0.100660 -5.896597 -0.012172 0.999664 -0.022894 -1.773587 0.100402 0.024002 0.994657 78.423325
0.995453 0.007251 -0.094973 -5.939751 -0.009128 0.999771 -0.019344 -1.799237 0.094811 0.020123 0.995292 78.976631
0.996185 0.003894 -0.087176 -5.979776 -0.005315 0.999857 -0.016069 -1.830353 0.087100 0.016471 0.996063 79.521599
0.997027 0.006153 -0.076811 -6.031703 -0.007405 0.999844 -0.016028 -1.858849 0.076700 0.016550 0.996917 80.036011
0.997972 0.010886 -0.062724 -6.092638 -0.011919 0.999799 -0.016117 -1.879579 0.062536 0.016832 0.997901 80.539223
0.998861 0.015027 -0.045285 -6.138285 -0.015748 0.999754 -0.015609 -1.894431 0.045040 0.016304 0.998852 81.039917
0.999600 0.014584 -0.024252 -6.159778 -0.014962 0.999769 -0.015444 -1.906748 0.024021 0.015800 0.999587 81.522202
0.999935 0.011414 0.000681 -6.153757 -0.011403 0.999825 -0.014797 -1.924032 -0.000849 0.014788 0.999890 81.987549
0.999525 0.009765 0.029221 -6.145506 -0.009380 0.999868 -0.013262 -1.944377 -0.029347 0.012982 0.999485 82.451118
0.998075 0.008710 0.061408 -6.120332 -0.008006 0.999899 -0.011704 -1.959875 -0.061504 0.011190 0.998044 82.910576
0.995152 0.008057 0.098019 -6.080592 -0.006988 0.999912 -0.011242 -1.974367 -0.098101 0.010502 0.995121 83.352882
0.990232 0.007369 0.139231 -6.021231 -0.005940 0.999925 -0.010673 -1.988189 -0.139300 0.009742 0.990202 83.788818
0.983016 0.006492 0.183405 -5.945889 -0.004662 0.999935 -0.010408 -2.001611 -0.183461 0.009376 0.982982 84.212646
0.972725 0.007504 0.231839 -5.855222 -0.005093 0.999927 -0.010998 -2.018212 -0.231904 0.009517 0.972692 84.617355
0.958888 0.007578 0.283683 -5.743221 -0.004284 0.999916 -0.012231 -2.032280 -0.283752 0.010513 0.958840 85.011063
0.940831 0.006761 0.338808 -5.609592 -0.002646 0.999917 -0.012605 -2.043345 -0.338865 0.010963 0.940771 85.390434
0.918431 0.006184 0.395534 -5.453307 -0.001296 0.999919 -0.012625 -2.054276 -0.395580 0.011083 0.918365 85.747398
0.891534 0.005315 0.452922 -5.278095 0.000517 0.999919 -0.012753 -2.058276 -0.452953 0.011604 0.891459 86.091530
0.860313 0.002870 0.509758 -5.075336 0.004025 0.999915 -0.012422 -2.071437 -0.509750 0.012739 0.860228 86.415207
0.825709 0.001766 0.564093 -4.852476 0.005822 0.999915 -0.011654 -2.083799 -0.564066 0.012907 0.825629 86.720177
0.787922 -0.000402 0.615775 -4.609969 0.007605 0.999930 -0.009079 -2.100115 -0.615728 0.011837 0.787870 87.011505
0.747157 -0.001895 0.664645 -4.358281 0.007620 0.999955 -0.005715 -2.108958 -0.664604 0.009335 0.747138 87.297508
0.704385 -0.003022 0.709812 -4.090712 0.008274 0.999958 -0.003954 -2.113039 -0.709770 0.008658 0.704380 87.564064
0.659812 -0.004751 0.751416 -3.801672 0.011395 0.999928 -0.003683 -2.117978 -0.751345 0.010992 0.659818 87.798149
0.614880 -0.007913 0.788581 -3.491364 0.016130 0.999867 -0.002544 -2.130450 -0.788455 0.014285 0.614926 88.013885
0.569823 -0.007852 0.821730 -3.190294 0.015401 0.999881 -0.001125 -2.147048 -0.821623 0.013296 0.569876 88.225716
0.524534 -0.006614 0.851364 -2.876886 0.012972 0.999916 -0.000224 -2.155196 -0.851291 0.011161 0.524576 88.427864
0.480221 -0.005420 0.877131 -2.549091 0.012530 0.999921 -0.000681 -2.155919 -0.877058 0.011317 0.480251 88.605591
0.438956 -0.007789 0.898475 -2.204305 0.017917 0.999839 -0.000086 -2.145377 -0.898330 0.016136 0.439025 88.746361
0.400274 -0.015854 0.916258 -1.831773 0.031292 0.999504 0.003624 -2.150820 -0.915861 0.027221 0.400571 88.852890
0.365984 -0.020547 0.930394 -1.462892 0.035749 0.999329 0.008007 -2.164568 -0.929934 0.030330 0.366473 88.968964
0.333352 -0.018818 0.942614 -1.102331 0.033701 0.999400 0.008033 -2.180832 -0.942200 0.029089 0.333786 89.105789
0.303234 -0.012348 0.952836 -0.745795 0.024727 0.999681 0.005086 -2.190307 -0.952595 0.022019 0.303443 89.256195
0.275618 -0.007675 0.961236 -0.371957 0.019723 0.999803 0.002328 -2.189335 -0.961065 0.018317 0.275715 89.384026
0.250388 -0.006338 0.968125 0.023681 0.020836 0.999782 0.001156 -2.191785 -0.967921 0.019882 0.250465 89.480110
0.227644 -0.005801 0.973727 0.435615 0.027418 0.999624 -0.000455 -2.186649 -0.973358 0.026801 0.227718 89.551544
0.207203 -0.001173 0.978297 0.847760 0.034360 0.999391 -0.006079 -2.184759 -0.977694 0.034874 0.207117 89.610939
0.187973 0.004769 0.982163 1.267760 0.034943 0.999323 -0.011540 -2.184032 -0.981552 0.036489 0.187679 89.690994
0.170630 0.005475 0.985320 1.718682 0.032095 0.999423 -0.011112 -2.193454 -0.984812 0.033520 0.170356 89.778229
0.155752 0.002143 0.987794 2.194224 0.030156 0.999521 -0.006923 -2.206724 -0.987336 0.030866 0.155613 89.864220
0.141803 -0.001203 0.989894 2.676380 0.030954 0.999516 -0.003220 -2.221325 -0.989411 0.031098 0.141772 89.937500
0.129278 -0.003614 0.991602 3.177661 0.032573 0.999469 -0.000604 -2.230058 -0.991073 0.032377 0.129327 89.997597
0.118322 -0.004929 0.992963 3.695073 0.035199 0.999380 0.000766 -2.235700 -0.992351 0.034861 0.118422 90.047066
0.108570 -0.004786 0.994077 4.218279 0.038131 0.999273 0.000646 -2.246198 -0.993357 0.037835 0.108673 90.095627
0.101209 -0.004559 0.994855 4.764895 0.039690 0.999212 0.000541 -2.255321 -0.994073 0.039431 0.101311 90.143776
0.095938 -0.004199 0.995378 5.326022 0.040902 0.999163 0.000273 -2.262219 -0.994547 0.040687 0.096029 90.192070
0.090744 -0.003504 0.995868 5.897478 0.042846 0.999082 -0.000389 -2.271028 -0.994952 0.042705 0.090811 90.242279
0.085198 -0.002821 0.996360 6.498103 0.043576 0.999050 -0.000897 -2.278340 -0.995411 0.043494 0.085240 90.294220
0.081293 -0.002579 0.996687 7.119303 0.045553 0.998961 -0.001131 -2.283800 -0.995649 0.045494 0.081326 90.342896
0.078580 -0.002859 0.996904 7.755367 0.046538 0.998916 -0.000804 -2.298901 -0.995821 0.046458 0.078628 90.391373
0.075789 -0.003410 0.997118 8.409919 0.046741 0.998907 -0.000136 -2.313102 -0.996028 0.046617 0.075865 90.442307
0.073855 -0.003831 0.997262 9.082892 0.048197 0.998838 0.000268 -2.321911 -0.996104 0.048045 0.073953 90.487251
0.073901 -0.004221 0.997257 9.771149 0.051379 0.998679 0.000420 -2.328890 -0.995941 0.051207 0.074020 90.525551
0.075278 -0.004624 0.997152 10.474374 0.054201 0.998530 0.000539 -2.337919 -0.995688 0.054006 0.075418 90.565208
0.078093 -0.004795 0.996935 11.184848 0.055792 0.998442 0.000432 -2.350315 -0.995384 0.055587 0.078239 90.607147
0.082550 -0.004807 0.996575 11.912291 0.057448 0.998348 0.000057 -2.359047 -0.994930 0.057247 0.082690 90.656601
0.086920 -0.005143 0.996202 12.658725 0.057947 0.998320 0.000098 -2.369828 -0.994529 0.057718 0.087072 90.719414
0.091712 -0.006239 0.995766 13.421383 0.057384 0.998352 0.000970 -2.381026 -0.994131 0.057052 0.091919 90.782356
0.095970 -0.007587 0.995355 14.204387 0.057454 0.998346 0.002070 -2.393105 -0.993725 0.056988 0.096247 90.855530
0.100563 -0.009175 0.994888 14.994852 0.055700 0.998441 0.003577 -2.406136 -0.993370 0.055055 0.100917 90.936432
0.105063 -0.009967 0.994416 15.789014 0.055716 0.998438 0.004121 -2.416085 -0.992904 0.054971 0.105454 91.016144
0.109520 -0.009326 0.993941 16.601963 0.054982 0.998482 0.003310 -2.432867 -0.992463 0.054286 0.109867 91.101006
0.113042 -0.006461 0.993569 17.413403 0.055105 0.998481 0.000224 -2.454890 -0.992061 0.054725 0.113227 91.192192
0.115047 -0.001182 0.993359 18.229446 0.050757 0.998700 -0.004691 -2.466375 -0.992062 0.050960 0.114957 91.303284
0.115428 0.001634 0.993315 19.052977 0.048665 0.998789 -0.007298 -2.487578 -0.992123 0.049182 0.115209 91.408798
0.116763 0.001517 0.993159 19.879780 0.046833 0.998878 -0.007032 -2.506329 -0.992055 0.047333 0.116561 91.516167
0.117799 0.000214 0.993037 20.712215 0.045664 0.998941 -0.005632 -2.533165 -0.991987 0.046009 0.117664 91.621933
0.118275 -0.000958 0.992980 21.544806 0.047020 0.998883 -0.004637 -2.554048 -0.991867 0.047239 0.118188 91.724945
0.119225 -0.001176 0.992867 22.375799 0.045347 0.998962 -0.004262 -2.579085 -0.991831 0.045531 0.119155 91.832436
0.119910 -0.000589 0.992785 23.192383 0.044739 0.998987 -0.004811 -2.599236 -0.991776 0.044993 0.119815 91.935921
0.119830 0.000031 0.992794 24.017538 0.044030 0.999016 -0.005345 -2.619555 -0.991818 0.044353 0.119710 92.044762
0.118878 0.001163 0.992908 24.829659 0.041845 0.999105 -0.006180 -2.639220 -0.992027 0.042282 0.118723 92.156418
0.116887 0.000861 0.993145 25.650667 0.040883 0.999148 -0.005677 -2.654713 -0.992303 0.041266 0.116752 92.270668
0.113984 -0.000076 0.993483 26.480639 0.040490 0.999169 -0.004569 -2.670019 -0.992657 0.040747 0.113893 92.377525
0.109400 -0.002251 0.993995 27.296600 0.040891 0.999161 -0.002238 -2.683499 -0.993156 0.040890 0.109400 92.481194
0.104070 -0.004202 0.994561 28.114044 0.040947 0.999161 -0.000063 -2.695324 -0.993727 0.040731 0.104155 92.573471
0.097403 -0.004128 0.995236 28.935749 0.040793 0.999168 0.000152 -2.708614 -0.994409 0.040584 0.097491 92.666328
0.089882 -0.003620 0.995946 29.743511 0.041676 0.999131 -0.000129 -2.719173 -0.995080 0.041519 0.089954 92.746902
0.080936 -0.003205 0.996714 30.556591 0.042479 0.999097 -0.000237 -2.730343 -0.995814 0.042359 0.080999 92.820831
0.072255 -0.003840 0.997379 31.369642 0.043059 0.999072 0.000727 -2.743474 -0.996456 0.042893 0.072353 92.893021
0.062751 -0.004450 0.998019 32.175488 0.041949 0.999118 0.001817 -2.760418 -0.997147 0.041752 0.062882 92.961319
0.052436 -0.004903 0.998612 32.977142 0.042590 0.999089 0.002669 -2.771078 -0.997716 0.042391 0.052597 93.011353
0.041982 -0.004728 0.999107 33.769650 0.042534 0.999091 0.002940 -2.784030 -0.998213 0.042372 0.042145 93.049370
0.031674 -0.004060 0.999490 34.553215 0.042110 0.999109 0.002724 -2.801171 -0.998611 0.042002 0.031817 93.082802
0.021406 -0.002662 0.999767 35.338055 0.041906 0.999120 0.001763 -2.815246 -0.998892 0.041858 0.021499 93.106155
0.011565 -0.001712 0.999932 36.133717 0.042305 0.999104 0.001221 -2.828956 -0.999038 0.042288 0.011627 93.123482
0.002512 -0.000736 0.999997 36.904922 0.041830 0.999125 0.000630 -2.844127 -0.999122 0.041828 0.002540 93.129196
-0.006562 -0.000095 0.999978 37.678669 0.042070 0.999115 0.000371 -2.860173 -0.999093 0.042071 -0.006552 93.124619
-0.014909 0.000166 0.999889 38.436092 0.042458 0.999098 0.000467 -2.874421 -0.998987 0.042460 -0.014902 93.115570
-0.022997 -0.000087 0.999736 39.192139 0.043074 0.999071 0.001078 -2.889411 -0.998807 0.043088 -0.022972 93.098351
-0.029803 -0.001041 0.999555 39.942772 0.044190 0.999020 0.002358 -2.904869 -0.998579 0.044240 -0.029728 93.072250
-0.035209 -0.002313 0.999377 40.677299 0.046370 0.998917 0.003946 -2.920448 -0.998304 0.046480 -0.035064 93.043221
-0.039027 -0.003601 0.999232 41.415157 0.048884 0.998789 0.005509 -2.936836 -0.998042 0.049061 -0.038804 93.008789
-0.041627 -0.004722 0.999122 42.130100 0.050915 0.998680 0.006841 -2.948082 -0.997835 0.051155 -0.041331 92.972977
-0.043324 -0.005404 0.999046 42.833752 0.051407 0.998649 0.007631 -2.962935 -0.997738 0.051689 -0.042988 92.943794
-0.044047 -0.005372 0.999015 43.527573 0.052070 0.998614 0.007666 -2.974985 -0.997672 0.052356 -0.043706 92.912514
-0.042915 -0.004495 0.999069 44.195026 0.053207 0.998560 0.006778 -2.988560 -0.997661 0.053448 -0.042614 92.876785
-0.040591 -0.003155 0.999171 44.842434 0.054148 0.998519 0.005353 -2.999736 -0.997708 0.054321 -0.040360 92.850258
-0.035802 -0.002510 0.999356 45.479027 0.055099 0.998471 0.004482 -3.011463 -0.997839 0.055224 -0.035609 92.824791
-0.028275 -0.001809 0.999599 46.094147 0.054444 0.998511 0.003347 -3.026748 -0.998116 0.054516 -0.028134 92.806984
-0.017547 -0.001555 0.999845 46.688648 0.053347 0.998573 0.002490 -3.042818 -0.998422 0.053383 -0.017439 92.797165
-0.003863 -0.001389 0.999992 47.259018 0.053286 0.998578 0.001592 -3.061200 -0.998572 0.053292 -0.003784 92.794579
0.013000 0.000207 0.999915 47.812302 0.053477 0.998569 -0.000902 -3.074013 -0.998484 0.053484 0.012970 92.801834
0.033528 0.003119 0.999433 48.355968 0.053035 0.998581 -0.004896 -3.088080 -0.998030 0.053169 0.033315 92.819572
0.057639 0.006062 0.998319 48.892883 0.051567 0.998629 -0.009041 -3.101992 -0.997005 0.052002 0.057247 92.851685
0.084660 0.008724 0.996372 49.431274 0.050199 0.998654 -0.013009 -3.114998 -0.995145 0.051118 0.084108 92.891434
0.116628 0.009116 0.993134 49.968792 0.048780 0.998698 -0.014895 -3.131360 -0.991977 0.050183 0.116032 92.955025
0.154213 0.007876 0.988006 50.500458 0.047415 0.998757 -0.015362 -3.144567 -0.986899 0.049215 0.153648 93.035934
0.195982 0.005459 0.980592 51.018562 0.045540 0.998855 -0.014663 -3.163189 -0.979549 0.047530 0.195509 93.145256
0.241326 0.002595 0.970441 51.534451 0.043817 0.998947 -0.013567 -3.180750 -0.969454 0.045796 0.240959 93.276962
0.289495 0.000627 0.957179 52.034309 0.039979 0.999119 -0.012746 -3.202270 -0.956344 0.041957 0.289215 93.440063
0.340098 0.000204 0.940390 52.521133 0.037101 0.999219 -0.013635 -3.222827 -0.939658 0.039526 0.339824 93.623337
0.393822 0.000921 0.919186 52.994358 0.035587 0.999234 -0.016248 -3.235005 -0.918497 0.039110 0.393488 93.828316
0.450610 0.002391 0.892718 53.442184 0.036787 0.999097 -0.021245 -3.257563 -0.891963 0.042414 0.450115 94.046280
0.508802 0.005987 0.860863 53.862431 0.036575 0.998923 -0.028565 -3.278994 -0.860106 0.046020 0.508035 94.285980
0.566323 0.009993 0.824123 54.260975 0.036134 0.998664 -0.036940 -3.303380 -0.823391 0.050699 0.565205 94.549149
0.622150 0.015200 0.782751 54.639545 0.030503 0.998582 -0.043636 -3.330289 -0.782304 0.051024 0.620804 94.853302
0.675230 0.019308 0.737355 54.986591 0.025136 0.998474 -0.049165 -3.351705 -0.737179 0.051732 0.673714 95.182861
0.724927 0.021074 0.688504 55.315182 0.021909 0.998321 -0.053625 -3.380199 -0.688478 0.053959 0.723248 95.524841
0.770863 0.020853 0.636659 55.624039 0.019141 0.998254 -0.055872 -3.408106 -0.636713 0.055256 0.769118 95.892784
0.812897 0.019321 0.582087 55.908871 0.014898 0.998433 -0.053947 -3.447536 -0.582217 0.052525 0.811335 96.293396
0.850657 0.016410 0.525464 56.164639 0.011968 0.998649 -0.050562 -3.481566 -0.525584 0.049300 0.849312 96.708496
0.883524 0.015255 0.468137 56.386848 0.007549 0.998876 -0.046798 -3.518686 -0.468324 0.044881 0.882416 97.150436
0.911175 0.013948 0.411783 56.575905 0.003976 0.999083 -0.042640 -3.548437 -0.412000 0.040490 0.910284 97.596603
0.933223 0.014776 0.358994 56.733109 -0.000958 0.999253 -0.038638 -3.587725 -0.359297 0.035714 0.932540 98.044624
0.950140 0.017198 0.311348 56.866112 -0.005963 0.999297 -0.037001 -3.626780 -0.311766 0.033299 0.949575 98.500534
0.962564 0.022288 0.270137 56.968353 -0.013018 0.999265 -0.036059 -3.657191 -0.270742 0.031192 0.962146 98.959579
0.971964 0.026109 0.233675 57.061718 -0.017815 0.999137 -0.037535 -3.685025 -0.234454 0.032319 0.971590 99.424736
0.978929 0.028224 0.202240 57.146397 -0.020747 0.999024 -0.038997 -3.700604 -0.203144 0.033979 0.978559 99.887856
0.983523 0.023593 0.179237 57.243156 -0.016733 0.999072 -0.039691 -3.731857 -0.180007 0.036038 0.983005 100.357529
0.986345 0.022142 0.163197 57.327896 -0.015861 0.999086 -0.039695 -3.768356 -0.163927 0.036564 0.985795 100.840950
0.988312 0.024009 0.150543 57.392590 -0.018213 0.999043 -0.039765 -3.808504 -0.151354 0.036559 0.987803 101.340492
0.989653 0.029246 0.140467 57.447201 -0.023842 0.998915 -0.040003 -3.837521 -0.141485 0.036240 0.989277 101.848785
0.990319 0.034991 0.134324 57.490456 -0.029648 0.998696 -0.041567 -3.870445 -0.135603 0.037182 0.990065 102.366196
0.990523 0.039770 0.131462 57.534313 -0.034061 0.998388 -0.045398 -3.905187 -0.133055 0.040490 0.990281 102.889572
0.990646 0.040501 0.130309 57.598530 -0.034429 0.998229 -0.048512 -3.945412 -0.132043 0.043572 0.990286 103.421364
0.990538 0.037485 0.132023 57.673534 -0.030842 0.998170 -0.052006 -3.981615 -0.133731 0.047442 0.989881 103.964203
0.990232 0.034413 0.135114 57.760395 -0.026750 0.997951 -0.058130 -4.015555 -0.136837 0.053948 0.989123 104.507652
0.989715 0.035065 0.138687 57.834274 -0.026615 0.997701 -0.062321 -4.057673 -0.140554 0.057989 0.988373 105.070503
0.988975 0.039370 0.142755 57.899666 -0.030776 0.997607 -0.061912 -4.110616 -0.144850 0.056836 0.987820 105.659004
0.988185 0.042288 0.147315 57.970184 -0.033852 0.997666 -0.059308 -4.160083 -0.149479 0.053620 0.987310 106.270103
0.987573 0.040130 0.151949 58.064205 -0.031867 0.997898 -0.056428 -4.206897 -0.153894 0.050884 0.986776 106.897247
0.987142 0.037016 0.155503 58.166748 -0.029287 0.998233 -0.051702 -4.253264 -0.157143 0.046483 0.986481 107.532211
0.986742 0.036513 0.158133 58.266735 -0.029210 0.998407 -0.048266 -4.298198 -0.159644 0.043007 0.986237 108.176804
0.986488 0.033405 0.160394 58.377403 -0.025980 0.998501 -0.048166 -4.338598 -0.161762 0.043349 0.985877 108.823830
0.986589 0.030563 0.160339 58.495972 -0.022578 0.998424 -0.051388 -4.379900 -0.161657 0.047078 0.985723 109.486305
0.986839 0.030034 0.158893 58.605221 -0.021030 0.998092 -0.058050 -4.421787 -0.160333 0.053945 0.985588 110.145035
0.986975 0.033018 0.157448 58.709423 -0.023024 0.997627 -0.064880 -4.459879 -0.159216 0.060410 0.985394 110.822723
0.987325 0.036753 0.154399 58.807423 -0.026451 0.997317 -0.068256 -4.505060 -0.156493 0.063307 0.985648 111.516380
0.987769 0.036895 0.151497 58.919510 -0.027188 0.997472 -0.065655 -4.553840 -0.153537 0.060734 0.986275 112.232635
0.988173 0.034299 0.149460 59.038521 -0.025617 0.997892 -0.059629 -4.609571 -0.151190 0.055095 0.986968 112.968460
0.988595 0.035227 0.146422 59.148376 -0.027541 0.998150 -0.054198 -4.670707 -0.148061 0.049547 0.987736 113.713890
0.988652 0.039370 0.144975 59.246372 -0.031653 0.997976 -0.055158 -4.729991 -0.146854 0.049943 0.987897 114.457077
0.988752 0.044948 0.142652 59.337101 -0.036706 0.997530 -0.059891 -4.780803 -0.144991 0.053981 0.987959 115.207932
0.989115 0.048058 0.139077 59.436310 -0.039238 0.997082 -0.065484 -4.835829 -0.141818 0.059314 0.988114 115.956680
0.989790 0.047422 0.134413 59.547314 -0.038432 0.996896 -0.068711 -4.892576 -0.137254 0.062844 0.988540 116.723160
0.990437 0.044753 0.130507 59.658470 -0.036019 0.996998 -0.068536 -4.961647 -0.133183 0.063180 0.989076 117.514030
0.991071 0.041300 0.126782 59.771461 -0.033012 0.997221 -0.066794 -5.034708 -0.129188 0.062012 0.989679 118.315712
0.991384 0.039482 0.124898 59.876049 -0.031595 0.997417 -0.064508 -5.107875 -0.127122 0.060006 0.990070 119.126183
0.991681 0.036615 0.123399 59.988701 -0.028994 0.997593 -0.062993 -5.174607 -0.125409 0.058891 0.990356 119.951332
0.991941 0.031030 0.122839 60.102306 -0.023549 0.997805 -0.061893 -5.251411 -0.124490 0.058501 0.990495 120.774696
0.992013 0.030965 0.122278 60.202126 -0.023634 0.997861 -0.060955 -5.326069 -0.123904 0.057578 0.990622 121.613029
0.991874 0.034841 0.122364 60.288025 -0.027346 0.997676 -0.062405 -5.401866 -0.124254 0.058552 0.990521 122.451759
0.991638 0.039777 0.122765 60.368099 -0.031845 0.997317 -0.065911 -5.466845 -0.125057 0.061450 0.990245 123.294571
0.991156 0.048542 0.123506 60.443924 -0.040400 0.996894 -0.067596 -5.533824 -0.126404 0.062009 0.990039 124.138763
0.990441 0.055025 0.126486 60.522373 -0.046759 0.996629 -0.067416 -5.608253 -0.129769 0.060857 0.989675 124.991219
0.989813 0.058344 0.129868 60.616455 -0.050002 0.996527 -0.066592 -5.676633 -0.133302 0.059420 0.989293 125.853912
0.989428 0.060294 0.131894 60.722607 -0.051667 0.996354 -0.067887 -5.750432 -0.135507 0.060355 0.988936 126.721382
0.989288 0.060424 0.132882 60.834866 -0.051418 0.996207 -0.070193 -5.819208 -0.136619 0.062608 0.988643 127.586090
0.989482 0.055698 0.133507 60.971195 -0.046592 0.996431 -0.070390 -5.893868 -0.136951 0.063429 0.988545 128.446350
0.989645 0.051636 0.133928 61.107433 -0.042340 0.996552 -0.071354 -5.967700 -0.137150 0.064945 0.988419 129.309525
0.989511 0.052264 0.134673 61.227077 -0.042876 0.996504 -0.071697 -6.057649 -0.137949 0.065171 0.988293 130.173874
0.989098 0.056477 0.135995 61.334175 -0.047223 0.996404 -0.070343 -6.132620 -0.139479 0.063154 0.988209 131.049805
0.988881 0.060085 0.136027 61.438808 -0.051386 0.996457 -0.066587 -6.205816 -0.139546 0.058857 0.988465 131.927094
0.988536 0.064375 0.136577 61.539425 -0.055993 0.996355 -0.064350 -6.281017 -0.140222 0.055965 0.988537 132.792358
0.988458 0.064445 0.137103 61.651634 -0.055167 0.995990 -0.070431 -6.349713 -0.141092 0.062055 0.988050 133.622040
0.988881 0.059572 0.136256 61.780834 -0.048258 0.995221 -0.084885 -6.418674 -0.140661 0.077365 0.987030 134.420700
0.989185 0.057267 0.135029 61.902946 -0.044853 0.994632 -0.093251 -6.508257 -0.139644 0.086186 0.986444 135.239059
0.989360 0.056592 0.134029 62.020298 -0.045288 0.995270 -0.085945 -6.601796 -0.138258 0.078961 0.987244 136.099152
0.989753 0.052626 0.132735 62.146519 -0.044011 0.996780 -0.067024 -6.697215 -0.135835 0.060496 0.988883 136.994995
0.990067 0.049451 0.131610 62.264111 -0.042768 0.997671 -0.053130 -6.790804 -0.133931 0.046974 0.989877 137.863327
0.990204 0.050951 0.130001 62.363121 -0.043668 0.997345 -0.058277 -6.861352 -0.132626 0.052030 0.989800 138.681122
0.990142 0.057206 0.127856 62.444813 -0.048009 0.996110 -0.073888 -6.934939 -0.131586 0.067021 0.989037 139.478134
0.990423 0.057511 0.125517 62.544277 -0.047247 0.995406 -0.083270 -6.993124 -0.129729 0.076542 0.988591 140.277298
0.990813 0.055510 0.123324 62.651772 -0.045201 0.995366 -0.084875 -7.090188 -0.127464 0.078521 0.988730 141.095978
0.991173 0.055863 0.120229 62.754250 -0.045888 0.995392 -0.084197 -7.195271 -0.124379 0.077937 0.989169 141.922897
0.991735 0.055779 0.115542 62.855610 -0.046019 0.995276 -0.085483 -7.290604 -0.119764 0.079460 0.989617 142.746719
0.992290 0.056604 0.110254 62.943432 -0.047052 0.995062 -0.087389 -7.382552 -0.114656 0.081527 0.990054 143.560654
0.992437 0.061111 0.106460 63.011635 -0.051815 0.994772 -0.087998 -7.480536 -0.111281 0.081816 0.990415 144.368530
0.992490 0.065519 0.103297 63.076775 -0.056454 0.994488 -0.088358 -7.574060 -0.108517 0.081863 0.990718 145.187195
0.992671 0.066161 0.101125 63.152756 -0.057406 0.994539 -0.087161 -7.666903 -0.106339 0.080717 0.991048 146.005997
0.992954 0.064700 0.099278 63.240070 -0.056358 0.994816 -0.084648 -7.758096 -0.104240 0.078456 0.991453 146.823837
0.993225 0.063200 0.097518 63.323795 -0.054915 0.994830 -0.085428 -7.844910 -0.102413 0.079494 0.991561 147.629166
0.993589 0.061022 0.095168 63.407387 -0.052669 0.994732 -0.087947 -7.929864 -0.100033 0.082370 0.991569 148.425629
0.994296 0.056567 0.090422 63.495697 -0.048277 0.994646 -0.091373 -8.015653 -0.095107 0.086487 0.991703 149.221695
0.994955 0.054134 0.084463 63.571835 -0.046254 0.994627 -0.092618 -8.105995 -0.089023 0.088244 0.992113 150.021423
0.995496 0.053966 0.077950 63.638115 -0.046957 0.994915 -0.089105 -8.193538 -0.082362 0.085044 0.992967 150.832260
0.995989 0.052715 0.072304 63.699261 -0.046775 0.995574 -0.081518 -8.281071 -0.076282 0.077809 0.994046 151.662628
0.996251 0.052309 0.068899 63.753307 -0.047243 0.996197 -0.073211 -8.372007 -0.072467 0.069681 0.994934 152.493973
0.996229 0.057363 0.065100 63.782269 -0.052724 0.996091 -0.070874 -8.447815 -0.068911 0.067174 0.995359 153.305603
0.996396 0.059332 0.060612 63.825325 -0.054712 0.995664 -0.075232 -8.517118 -0.064812 0.071645 0.995322 154.103470
0.996766 0.059702 0.053785 63.869106 -0.054978 0.994830 -0.085391 -8.590419 -0.058605 0.082158 0.994895 154.905670
0.997253 0.057264 0.046980 63.917068 -0.052819 0.994455 -0.090940 -8.665936 -0.051927 0.088209 0.994748 155.701782
0.997407 0.059515 0.040454 63.945499 -0.055646 0.994310 -0.090835 -8.753571 -0.045630 0.088349 0.995044 156.529007
0.997174 0.067493 0.033007 63.947964 -0.064356 0.994014 -0.088287 -8.840792 -0.038768 0.085913 0.995548 157.366989
0.996976 0.073568 0.025039 63.950272 -0.071063 0.993457 -0.089407 -8.930025 -0.031453 0.087357 0.995680 158.200912
0.996940 0.076680 0.015204 63.956421 -0.074922 0.992740 -0.094091 -9.011388 -0.022309 0.092664 0.995447 159.026306
0.997114 0.075694 0.005757 63.970592 -0.074788 0.992520 -0.096491 -9.100150 -0.013018 0.095782 0.995317 159.852081
0.997096 0.076129 -0.001942 63.964302 -0.075972 0.992636 -0.094348 -9.194926 -0.005255 0.094222 0.995537 160.691849
0.996815 0.079200 -0.009365 63.940559 -0.079717 0.992951 -0.087713 -9.287236 0.002352 0.088180 0.996102 161.543442
0.996411 0.082756 -0.017784 63.910866 -0.083955 0.993010 -0.082964 -9.372757 0.010793 0.084159 0.996394 162.389145
0.996202 0.083231 -0.025585 63.884216 -0.085038 0.993132 -0.080355 -9.456005 0.018721 0.082225 0.996438 163.221390
0.995991 0.083575 -0.031893 63.854969 -0.085855 0.993210 -0.078507 -9.541531 0.025115 0.080930 0.996403 164.052338
0.995857 0.083240 -0.036604 63.825180 -0.085953 0.993069 -0.080166 -9.624009 0.029677 0.082980 0.996109 164.872147
0.995401 0.086332 -0.041509 63.775414 -0.089624 0.992309 -0.085386 -9.710030 0.033818 0.088714 0.995483 165.686722
0.994773 0.091518 -0.045297 63.709732 -0.095360 0.991226 -0.091524 -9.792088 0.036524 0.095365 0.994772 166.493561
0.994511 0.092696 -0.048540 63.656151 -0.096952 0.990817 -0.094248 -9.871698 0.039358 0.098436 0.994365 167.312180
0.994178 0.094553 -0.051663 63.599846 -0.098905 0.991068 -0.089453 -9.964950 0.042743 0.094041 0.994650 168.151917
0.993786 0.097417 -0.053842 63.537827 -0.101581 0.991529 -0.080940 -10.048790 0.045501 0.085907 0.995264 168.997742
0.993376 0.099333 -0.057771 63.477104 -0.103473 0.991897 -0.073719 -10.139141 0.049980 0.079209 0.995604 169.844803
0.993678 0.092951 -0.062954 63.441116 -0.097653 0.992295 -0.076255 -10.215462 0.055381 0.081920 0.995099 170.654343
0.994274 0.082031 -0.068484 63.409393 -0.087728 0.992529 -0.084798 -10.303205 0.061017 0.090321 0.994042 171.452972
0.993892 0.080244 -0.075763 63.350643 -0.086923 0.992195 -0.089410 -10.391609 0.067997 0.095449 0.993109 172.267532
0.992987 0.084103 -0.083086 63.268002 -0.091448 0.991829 -0.088948 -10.481800 0.074926 0.095922 0.992565 173.086151
0.992397 0.082759 -0.091096 63.196709 -0.090469 0.992347 -0.084038 -10.569175 0.083444 0.091641 0.992290 173.930603
0.992060 0.078540 -0.098227 63.129166 -0.086619 0.992953 -0.080883 -10.663523 0.091182 0.088749 0.991872 174.774445
0.991988 0.071995 -0.103806 63.062229 -0.080217 0.993773 -0.077333 -10.743504 0.097592 0.085040 0.991587 175.624695
0.991571 0.069403 -0.109405 62.978333 -0.078079 0.993959 -0.077126 -10.831385 0.103391 0.085018 0.991001 176.478043
0.990981 0.067373 -0.115834 62.889915 -0.077212 0.993582 -0.082665 -10.916597 0.109521 0.090864 0.989823 177.297958
0.990643 0.058855 -0.123138 62.812511 -0.070501 0.993217 -0.092463 -10.994440 0.116861 0.100279 0.988073 178.112518
0.990197 0.051712 -0.129750 62.736923 -0.064517 0.993239 -0.096510 -11.083089 0.123882 0.103935 0.986839 178.936188
0.989079 0.056835 -0.135988 62.613937 -0.069526 0.993469 -0.090469 -11.171886 0.129958 0.098936 0.986571 179.790619
0.987729 0.068319 -0.140440 62.457806 -0.079836 0.993746 -0.078071 -11.259182 0.134228 0.088325 0.987006 180.662079
0.986739 0.073818 -0.144561 62.316162 -0.084700 0.993900 -0.070624 -11.344117 0.138466 0.081932 0.986972 181.515045
0.986372 0.071816 -0.148030 62.190853 -0.083299 0.993856 -0.072885 -11.421813 0.141886 0.084222 0.986293 182.346832
0.985940 0.072149 -0.150720 62.050858 -0.085288 0.992926 -0.082601 -11.500985 0.143694 0.094295 0.985120 183.157684
0.984801 0.080213 -0.154053 61.886627 -0.095083 0.991236 -0.091706 -11.575580 0.145347 0.104960 0.983798 183.971054
0.984587 0.078252 -0.156414 61.754692 -0.093883 0.991024 -0.095175 -11.662904 0.147562 0.108392 0.983095 184.804565
0.984500 0.074587 -0.158734 61.628605 -0.089771 0.991821 -0.090736 -11.762530 0.150668 0.103579 0.983143 185.667511
0.984285 0.075421 -0.159673 61.492317 -0.089533 0.992510 -0.083109 -11.854037 0.152209 0.096099 0.983665 186.526733
0.984160 0.076466 -0.159945 61.345131 -0.089823 0.992898 -0.078008 -11.946081 0.152845 0.091140 0.984039 187.388443
0.983958 0.074486 -0.162105 61.203060 -0.088111 0.993009 -0.078544 -12.039288 0.155122 0.091567 0.983643 188.243164
0.983985 0.067243 -0.165083 61.075806 -0.082596 0.992693 -0.087966 -12.122102 0.157961 0.100193 0.982349 189.073059
0.984184 0.055251 -0.168311 60.968472 -0.072590 0.992469 -0.098666 -12.213057 0.161592 0.109323 0.980784 189.901443
0.984210 0.045550 -0.171046 60.848984 -0.063852 0.992622 -0.103073 -12.312840 0.165089 0.112367 0.979857 190.749069
0.983889 0.048512 -0.172073 60.686546 -0.066281 0.992871 -0.099068 -12.417104 0.166040 0.108877 0.980090 191.598358
0.983494 0.052868 -0.173043 60.514851 -0.069272 0.993514 -0.090170 -12.520743 0.167154 0.100669 0.980778 192.459793
0.983303 0.051563 -0.174520 60.359657 -0.067619 0.993881 -0.087338 -12.619900 0.168949 0.097681 0.980773 193.295486
0.983250 0.048378 -0.175723 60.217705 -0.065038 0.993787 -0.090323 -12.714046 0.170262 0.100239 0.980287 194.110886
0.983207 0.048377 -0.175967 60.062325 -0.066045 0.993190 -0.095977 -12.807360 0.170126 0.105987 0.979706 194.920135
0.982765 0.054244 -0.176723 59.888710 -0.072174 0.992697 -0.096660 -12.901790 0.170190 0.107749 0.979503 195.744339
0.982553 0.056686 -0.177134 59.723885 -0.074305 0.992751 -0.094467 -12.998108 0.170495 0.105981 0.979643 196.578598
0.982216 0.061233 -0.177490 59.557022 -0.078576 0.992618 -0.092383 -13.089756 0.170523 0.104687 0.979777 197.411636
0.981879 0.065294 -0.177903 59.396271 -0.082422 0.992466 -0.090648 -13.177632 0.170644 0.103669 0.979864 198.235916
0.981537 0.069278 -0.178285 59.232960 -0.086518 0.992103 -0.090808 -13.260436 0.170586 0.104557 0.979780 199.056625
0.981471 0.068435 -0.178974 59.083393 -0.086329 0.991806 -0.094173 -13.352437 0.171063 0.107879 0.979336 199.872726
0.981003 0.070955 -0.180551 58.923573 -0.089881 0.991031 -0.098892 -13.436528 0.171915 0.113241 0.978581 200.673325
0.980486 0.074148 -0.182070 58.759079 -0.093197 0.990774 -0.098394 -13.524105 0.173095 0.113442 0.978350 201.477936
0.980041 0.076249 -0.183591 58.602200 -0.094057 0.991462 -0.090319 -13.611342 0.175137 0.105784 0.978845 202.296844
0.979962 0.075329 -0.184393 58.457935 -0.091692 0.992416 -0.081877 -13.709352 0.176827 0.097144 0.979436 203.103333
0.980393 0.068205 -0.184875 58.329338 -0.084330 0.993156 -0.080801 -13.797081 0.178098 0.094807 0.979435 203.886826
