1.000000 0.000000 0.000000 0.000000 0.000000 1.000000 0.000000 0.000000 0.000000 0.000000 1.000000 0.000000
0.999035 -0.001146 0.043902 0.003632 0.001227 0.999998 -0.001828 -0.020518 -0.043900 0.001880 0.999034 0.965751
0.996019 -0.005222 0.088984 0.059760 0.005727 0.999969 -0.005423 -0.033470 -0.088953 0.005911 0.996018 1.932606
0.990894 -0.005518 0.134533 0.148501 0.006631 0.999947 -0.007825 -0.074079 -0.134483 0.008646 0.990878 2.913860
0.983617 -0.003871 0.180228 0.269643 0.005688 0.999938 -0.009568 -0.094232 -0.180180 0.010436 0.983578 3.877195
0.974188 -0.005972 0.225661 0.453063 0.008268 0.999923 -0.009229 -0.118822 -0.225589 0.010856 0.974162 4.858081
0.962458 -0.007345 0.271331 0.672603 0.010273 0.999903 -0.009372 -0.148304 -0.271236 0.011807 0.962441 5.820222
0.949007 -0.010447 0.315083 0.942901 0.014727 0.999829 -0.011206 -0.168035 -0.314912 0.015275 0.948998 6.783356
0.933915 -0.012259 0.357285 1.253755 0.017529 0.999780 -0.011514 -0.218785 -0.357066 0.017015 0.933924 7.704954
0.916663 -0.012630 0.399462 1.604937 0.018654 0.999763 -0.011196 -0.240628 -0.399226 0.017714 0.916681 8.622747
0.897272 -0.013728 0.441264 1.994715 0.020012 0.999754 -0.009590 -0.273482 -0.441024 0.017435 0.897326 9.532247
0.875828 -0.014045 0.482419 2.414062 0.020283 0.999765 -0.007717 -0.311572 -0.482197 0.016544 0.875907 10.412023
0.852005 -0.014646 0.523329 2.872666 0.021263 0.999752 -0.006638 -0.334767 -0.523102 0.016783 0.852105 11.264315
0.826938 -0.015321 0.562084 3.367780 0.022400 0.999733 -0.005705 -0.358382 -0.561846 0.017308 0.827060 12.100666
0.800059 -0.017438 0.599668 3.900294 0.025240 0.999671 -0.004604 -0.388700 -0.599391 0.018819 0.800235 12.893724
0.771417 -0.017851 0.636079 4.460377 0.026418 0.999643 -0.003985 -0.408884 -0.635781 0.019878 0.771613 13.661177
0.741521 -0.021061 0.670598 5.077461 0.030461 0.999533 -0.002291 -0.430547 -0.670237 0.022126 0.741817 14.394269
0.709924 -0.020995 0.703965 5.720304 0.030378 0.999538 -0.000825 -0.459284 -0.703623 0.021971 0.710234 15.091450
0.676293 -0.021091 0.736331 6.369758 0.032023 0.999487 -0.000784 -0.468845 -0.735936 0.024110 0.676621 15.756466
0.641559 -0.022793 0.766735 7.065294 0.035941 0.999354 -0.000365 -0.488742 -0.766231 0.027791 0.641964 16.384579
0.605488 -0.022812 0.795528 7.776294 0.036440 0.999335 0.000921 -0.514771 -0.795020 0.028431 0.605916 16.985292
0.568406 -0.022828 0.822432 8.508999 0.039008 0.999239 0.000775 -0.532684 -0.821823 0.031641 0.568863 17.544716
0.530006 -0.022311 0.847700 9.283236 0.043029 0.999074 -0.000607 -0.544813 -0.846902 0.036797 0.530475 18.065378
0.491467 -0.022397 0.870608 10.065297 0.044541 0.999007 0.000556 -0.561081 -0.869756 0.038505 0.491977 18.570049
0.453853 -0.024875 0.890729 10.886160 0.048573 0.998815 0.003145 -0.568660 -0.889752 0.041838 0.454523 19.024324
0.416856 -0.026117 0.908597 11.721206 0.051705 0.998650 0.004984 -0.589761 -0.907501 0.044901 0.417644 19.459869
0.381421 -0.025270 0.924056 12.575010 0.052467 0.998607 0.005652 -0.605064 -0.922911 0.046327 0.382216 19.850687
0.348045 -0.026312 0.937108 13.444709 0.052782 0.998570 0.008434 -0.614080 -0.935991 0.046527 0.348937 20.225691
0.315218 -0.028395 0.948594 14.352578 0.054511 0.998444 0.011773 -0.614546 -0.947452 0.047997 0.316275 20.549267
0.282759 -0.029067 0.958751 15.285109 0.055081 0.998383 0.014024 -0.625744 -0.957608 0.048844 0.283903 20.852654
0.250784 -0.027180 0.967661 16.225016 0.051871 0.998547 0.014605 -0.638237 -0.966652 0.046531 0.251829 21.145170
0.220131 -0.026030 0.975123 17.160070 0.051606 0.998555 0.015005 -0.623018 -0.974104 0.047019 0.221156 21.398508
0.189266 -0.026339 0.981573 18.133585 0.052796 0.998467 0.016613 -0.619832 -0.980506 0.048679 0.190366 21.615042
0.158265 -0.027326 0.987018 19.123611 0.053848 0.998368 0.019006 -0.619083 -0.985927 0.050141 0.159478 21.809814
0.127765 -0.028201 0.991403 20.135683 0.052374 0.998393 0.021650 -0.622832 -0.990421 0.049158 0.129037 21.982380
0.098445 -0.028629 0.994731 21.174314 0.052527 0.998342 0.023535 -0.605550 -0.993755 0.049933 0.099786 22.129957
0.071168 -0.028848 0.997047 22.238173 0.054662 0.998192 0.024979 -0.583594 -0.995965 0.052723 0.072616 22.222858
0.046152 -0.028850 0.998518 23.319517 0.058304 0.997957 0.026139 -0.566766 -0.997231 0.057012 0.047739 22.286821
0.023829 -0.028820 0.999301 24.406956 0.062198 0.997691 0.027290 -0.545209 -0.997779 0.061504 0.025566 22.311840
0.003565 -0.029675 0.999553 25.525026 0.067014 0.997320 0.029370 -0.527496 -0.997746 0.066880 0.005544 22.317562
-0.014012 -0.030599 0.999434 26.658398 0.070635 0.997004 0.031515 -0.505590 -0.997404 0.071036 -0.011808 22.299324
-0.029449 -0.030877 0.999089 27.792751 0.073073 0.996782 0.032960 -0.484671 -0.996892 0.073977 -0.027098 22.270191
-0.043755 -0.031765 0.998537 28.936541 0.074850 0.996581 0.034983 -0.464931 -0.996234 0.076271 -0.041228 22.228086
-0.057177 -0.032892 0.997822 30.089848 0.074829 0.996505 0.037136 -0.444184 -0.995556 0.076789 -0.054516 22.183733
-0.069235 -0.032727 0.997063 31.239618 0.074582 0.996495 0.037887 -0.419445 -0.994809 0.076986 -0.066551 22.116476
-0.080049 -0.030051 0.996338 32.406658 0.074623 0.996560 0.036053 -0.386644 -0.993994 0.077235 -0.077531 22.031658
-0.089898 -0.026855 0.995589 33.594368 0.075104 0.996607 0.033664 -0.357147 -0.993115 0.077799 -0.087576 21.933743
-0.098882 -0.024908 0.994787 34.805565 0.075525 0.996615 0.032461 -0.326001 -0.992229 0.078342 -0.096666 21.823965
-0.106278 -0.024124 0.994044 36.037998 0.074876 0.996673 0.032193 -0.295557 -0.991513 0.077851 -0.104118 21.702284
-0.111894 -0.023698 0.993438 37.297855 0.074478 0.996704 0.032164 -0.260138 -0.990925 0.077588 -0.109760 21.575937
-0.116852 -0.022735 0.992889 38.584026 0.074827 0.996695 0.031629 -0.224599 -0.990327 0.077991 -0.114764 21.422697
-0.121036 -0.021278 0.992420 39.882889 0.073981 0.996796 0.030395 -0.191868 -0.989887 0.077099 -0.119074 21.271637
-0.124608 -0.020843 0.991987 41.214603 0.074044 0.996796 0.030245 -0.160679 -0.989439 0.077219 -0.122666 21.102774
-0.127825 -0.021681 0.991560 42.568573 0.073464 0.996808 0.031266 -0.130229 -0.989072 0.076840 -0.125824 20.939417
-0.129741 -0.023883 0.991260 43.964725 0.073733 0.996710 0.033665 -0.089992 -0.988803 0.077457 -0.127553 20.742283
-0.131836 -0.024566 0.990967 45.356503 0.073818 0.996674 0.034528 -0.048933 -0.988519 0.077703 -0.129584 20.553326
-0.133802 -0.024247 0.990711 46.747612 0.075345 0.996558 0.034566 -0.010014 -0.988140 0.079270 -0.131514 20.359371
-0.134813 -0.023924 0.990582 48.161041 0.075674 0.996540 0.034367 0.035937 -0.987977 0.079595 -0.132536 20.166544
-0.135471 -0.023326 0.990507 49.616730 0.076445 0.996497 0.033923 0.075914 -0.987828 0.080315 -0.133213 19.959166
-0.135454 -0.022729 0.990523 51.106529 0.076076 0.996547 0.033270 0.122767 -0.987859 0.079861 -0.133258 19.746017
-0.134697 -0.021860 0.990646 52.583344 0.075495 0.996624 0.032257 0.158530 -0.988007 0.079133 -0.132592 19.543177
-0.133119 -0.021881 0.990858 54.096653 0.075018 0.996666 0.032088 0.199745 -0.988257 0.078604 -0.131034 19.331509
-0.131366 -0.022411 0.991081 55.637035 0.074315 0.996709 0.032389 0.238391 -0.988545 0.077907 -0.129268 19.129311
-0.129988 -0.021786 0.991276 57.194477 0.074811 0.996693 0.031715 0.276078 -0.988689 0.078281 -0.127929 18.922935
-0.128607 -0.021021 0.991473 58.782120 0.074673 0.996732 0.030819 0.318787 -0.988880 0.078000 -0.126617 18.702141
-0.127398 -0.020345 0.991643 60.387691 0.074686 0.996754 0.030045 0.357392 -0.989036 0.077890 -0.125465 18.490747
-0.125952 -0.020590 0.991823 62.027168 0.074116 0.996795 0.030105 0.397488 -0.989264 0.077301 -0.124022 18.272425
-0.124282 -0.022136 0.992000 63.692913 0.074586 0.996714 0.031586 0.440422 -0.989440 0.077915 -0.122222 18.051809
-0.122881 -0.023581 0.992141 65.366119 0.075901 0.996566 0.033087 0.486059 -0.989515 0.079370 -0.120669 17.836483
-0.121420 -0.022606 0.992344 67.041061 0.077483 0.996474 0.032181 0.527629 -0.989572 0.080798 -0.119240 17.619692
-0.119429 -0.021720 0.992605 68.727646 0.078350 0.996437 0.031231 0.562029 -0.989746 0.081501 -0.117301 17.398260
-0.118021 -0.021895 0.992770 70.449837 0.076923 0.996551 0.031123 0.599657 -0.990027 0.080040 -0.115930 17.187197
-0.116355 -0.022699 0.992948 72.175789 0.076205 0.996588 0.031712 0.637058 -0.990280 0.079357 -0.114228 16.957975
-0.114708 -0.023163 0.993129 73.942123 0.075268 0.996652 0.031939 0.690373 -0.990544 0.078414 -0.112580 16.717789
-0.113196 -0.023097 0.993304 75.708809 0.076471 0.996562 0.031888 0.738761 -0.990625 0.079569 -0.111041 16.479429
-0.112048 -0.022927 0.993438 77.505928 0.076984 0.996529 0.031681 0.794945 -0.990716 0.080029 -0.109894 16.217335
-0.111022 -0.022206 0.993570 79.302368 0.077117 0.996543 0.030889 0.837028 -0.990821 0.080050 -0.108926 15.973199
-0.110590 -0.021359 0.993637 81.116707 0.076448 0.996624 0.029932 0.881038 -0.990922 0.079272 -0.108584 15.739393
-0.110702 -0.020706 0.993638 82.945305 0.076104 0.996671 0.029248 0.921956 -0.990936 0.078857 -0.108758 15.496285
-0.111057 -0.020228 0.993608 84.787354 0.075277 0.996749 0.028705 0.960336 -0.990959 0.077984 -0.109173 15.263055
-0.111168 -0.020784 0.993584 86.640434 0.074193 0.996818 0.029153 1.001165 -0.991028 0.076958 -0.109272 15.033832
-0.110624 -0.021294 0.993634 88.550240 0.073789 0.996835 0.029578 1.043244 -0.991119 0.076591 -0.108703 14.783038
-0.110397 -0.022050 0.993643 90.423485 0.071438 0.996992 0.030062 1.086713 -0.991317 0.074303 -0.108490 14.561055
-0.111222 -0.021203 0.993569 92.315086 0.070596 0.997078 0.029180 1.132141 -0.991285 0.073388 -0.109400 14.317488
-0.112787 -0.020331 0.993411 94.215248 0.069453 0.997184 0.028294 1.176237 -0.991189 0.072186 -0.111058 14.077688
-0.115831 -0.019677 0.993074 96.122513 0.069615 0.997184 0.027879 1.216704 -0.990826 0.072362 -0.114135 13.831922
-0.119522 -0.020193 0.992626 98.055908 0.067582 0.997309 0.028426 1.251980 -0.990529 0.070481 -0.117836 13.583222
-0.123521 -0.020882 0.992122 99.989014 0.065455 0.997430 0.029143 1.293437 -0.990181 0.068539 -0.121837 13.332179
-0.127647 -0.020227 0.991613 101.935921 0.064332 0.997518 0.028629 1.325769 -0.989731 0.067447 -0.126029 13.073758
-0.131913 -0.018941 0.991080 103.878342 0.064417 0.997540 0.027639 1.356569 -0.989166 0.067489 -0.130368 12.812902
-0.136301 -0.017401 0.990515 105.822319 0.064264 0.997585 0.026369 1.384845 -0.988581 0.067249 -0.134853 12.547519
-0.140667 -0.016999 0.989911 107.786354 0.063435 0.997643 0.026146 1.410959 -0.988023 0.066473 -0.139257 12.292753
-0.145000 -0.017712 0.989273 109.780205 0.061639 0.997736 0.026898 1.433755 -0.987510 0.064878 -0.143580 12.018912
-0.150188 -0.018184 0.988490 111.776321 0.059717 0.997838 0.027429 1.466699 -0.986852 0.063150 -0.148777 11.751933
-0.155330 -0.018941 0.987681 113.771706 0.059646 0.997812 0.028516 1.493808 -0.986060 0.063340 -0.153860 11.451484
-0.161065 -0.019013 0.986761 115.766136 0.060155 0.997766 0.029044 1.528065 -0.985109 0.064036 -0.159561 11.141826
-0.166853 -0.017779 0.985821 117.763382 0.061063 0.997732 0.028329 1.556308 -0.984089 0.064924 -0.165389 10.814297
-0.172498 -0.016988 0.984863 119.763802 0.060518 0.997780 0.027811 1.590879 -0.983149 0.064399 -0.171087 10.482878
-0.179384 -0.017155 0.983630 121.777077 0.061580 0.997691 0.028630 1.615865 -0.981850 0.065708 -0.177913 10.170893
-0.185714 -0.017457 0.982449 123.804771 0.061309 0.997688 0.029317 1.644327 -0.980689 0.065678 -0.184215 9.844544
-0.192344 -0.016853 0.981183 125.841415 0.060920 0.997719 0.029079 1.680180 -0.979435 0.065367 -0.190879 9.512223
-0.198020 -0.016737 0.980055 127.888763 0.059703 0.997792 0.029103 1.713389 -0.978378 0.064276 -0.196583 9.149105
-0.203342 -0.017321 0.978955 129.924271 0.061029 0.997675 0.030329 1.743857 -0.977204 0.065912 -0.201812 8.760933
-0.207631 -0.017888 0.978044 131.971878 0.063123 0.997504 0.031645 1.775931 -0.976169 0.068308 -0.205983 8.347912
-0.212165 -0.017136 0.977084 134.024323 0.064425 0.997426 0.031482 1.811374 -0.975108 0.069628 -0.210515 7.926754
-0.216400 -0.016887 0.976159 136.093155 0.064293 0.997434 0.031508 1.849893 -0.974185 0.069579 -0.214759 7.488443
-0.219311 -0.017285 0.975502 138.163971 0.063444 0.997474 0.031938 1.887486 -0.973590 0.068894 -0.217661 7.044538
-0.223115 -0.017160 0.974641 140.260040 0.062351 0.997546 0.031837 1.921219 -0.972796 0.067873 -0.221498 6.591736
-0.226891 -0.017150 0.973769 142.330460 0.060657 0.997655 0.031704 1.959232 -0.972029 0.066259 -0.225319 6.135307
-0.231056 -0.017302 0.972787 144.417648 0.059999 0.997685 0.031996 2.000969 -0.971089 0.065760 -0.229483 5.659265
-0.235874 -0.016718 0.971640 146.467499 0.060148 0.997684 0.031767 2.037605 -0.969920 0.065936 -0.234322 5.194110
-0.240392 -0.016141 0.970542 148.520660 0.060097 0.997696 0.031478 2.074397 -0.968814 0.065894 -0.238868 4.715828
-0.244580 -0.015994 0.969497 150.567719 0.059926 0.997703 0.031578 2.106835 -0.967776 0.065821 -0.243060 4.226279
-0.249399 -0.016466 0.968261 152.630859 0.059409 0.997712 0.032269 2.149274 -0.966577 0.065571 -0.247850 3.733068
-0.253715 -0.016176 0.967144 154.713089 0.059839 0.997683 0.032384 2.191893 -0.965426 0.066089 -0.252159 3.213648
-0.257374 -0.015821 0.966182 156.804077 0.060752 0.997623 0.032519 2.229227 -0.964400 0.067067 -0.255802 2.682541
-0.261705 -0.015312 0.965026 158.892456 0.061025 0.997611 0.032378 2.271640 -0.963217 0.067364 -0.260146 2.138486
-0.265371 -0.013892 0.964046 160.984604 0.061460 0.997619 0.031294 2.309908 -0.962185 0.067555 -0.263886 1.591764
-0.268895 -0.013287 0.963078 163.079544 0.061615 0.997619 0.030967 2.348951 -0.961197 0.067667 -0.267436 1.029379
-0.272381 -0.012872 0.962103 165.202148 0.061003 0.997668 0.030618 2.385807 -0.960254 0.067031 -0.270960 0.449878
-0.275735 -0.013041 0.961145 167.338791 0.060904 0.997662 0.031008 2.425719 -0.959302 0.067087 -0.274296 -0.141318
-0.279996 -0.012761 0.959916 169.478821 0.060737 0.997673 0.030979 2.464310 -0.958078 0.066977 -0.278569 -0.717319
-0.284297 -0.012336 0.958657 171.626587 0.062172 0.997575 0.031275 2.507686 -0.956718 0.068493 -0.282841 -1.311014
-0.287830 -0.012077 0.957605 173.795700 0.064167 0.997430 0.031866 2.547830 -0.955529 0.070619 -0.286316 -1.930525
-0.290353 -0.012605 0.956837 175.963150 0.064463 0.997384 0.032701 2.587612 -0.954746 0.071175 -0.288780 -2.566558
-0.292933 -0.013325 0.956040 178.167694 0.063984 0.997388 0.033506 2.628858 -0.953990 0.070986 -0.291315 -3.219041
-0.295306 -0.012922 0.955315 180.365540 0.062833 0.997481 0.032916 2.670959 -0.953334 0.069746 -0.293751 -3.863746
-0.298398 -0.011253 0.954375 182.561111 0.062184 0.997577 0.031205 2.714060 -0.952414 0.068659 -0.296975 -4.519805
-0.301194 -0.010111 0.953509 184.773178 0.061714 0.997641 0.030073 2.745612 -0.951564 0.067903 -0.299860 -5.194086
-0.303894 -0.009385 0.952660 186.984314 0.060455 0.997746 0.029114 2.786057 -0.950786 0.066441 -0.302641 -5.861841
-0.307122 -0.008651 0.951631 189.214447 0.059125 0.997854 0.028153 2.821962 -0.949832 0.064911 -0.305951 -6.548914
-0.310412 -0.008296 0.950566 191.440414 0.059768 0.997813 0.028225 2.857659 -0.948721 0.065575 -0.309238 -7.264508
-0.313822 -0.008934 0.949440 193.673325 0.059675 0.997793 0.029113 2.892673 -0.947605 0.065794 -0.312596 -7.970120
-0.317225 -0.009588 0.948302 195.898819 0.059432 0.997782 0.029970 2.930604 -0.946486 0.065866 -0.315952 -8.694530
-0.320826 -0.009950 0.947086 198.131271 0.059195 0.997779 0.030535 2.968188 -0.945287 0.065859 -0.319525 -9.425097
-0.324303 -0.009797 0.945902 200.355408 0.058506 0.997824 0.030394 3.003646 -0.944142 0.065198 -0.323024 -10.158605
-0.327668 -0.009131 0.944749 202.573929 0.058065 0.997868 0.029783 3.041132 -0.943007 0.064616 -0.326439 -10.900419
-0.330249 -0.008958 0.943851 204.812195 0.058029 0.997871 0.029775 3.075867 -0.942108 0.064604 -0.329026 -11.670562
-0.332482 -0.008335 0.943073 207.014648 0.059282 0.997799 0.029719 3.105270 -0.941245 0.065789 -0.331256 -12.443745
-0.335122 -0.008568 0.942136 209.226349 0.060788 0.997679 0.030696 3.142812 -0.940212 0.067557 -0.333823 -13.218058
-0.337338 -0.009056 0.941340 211.441833 0.062338 0.997544 0.031936 3.179149 -0.939317 0.069454 -0.335945 -13.999272
-0.339631 -0.008571 0.940520 213.666031 0.063408 0.997475 0.031988 3.217799 -0.938419 0.070501 -0.338229 -14.784993
-0.342486 -0.008122 0.939488 215.903473 0.063464 0.997479 0.031759 3.246714 -0.937377 0.070501 -0.341107 -15.580418
-0.345050 -0.007772 0.938552 218.167114 0.063531 0.997479 0.031617 3.282665 -0.936432 0.070537 -0.343687 -16.395119
-0.347339 -0.007127 0.937713 220.444839 0.063179 0.997521 0.030984 3.318399 -0.935609 0.070006 -0.346027 -17.226391
-0.350625 -0.006260 0.936495 222.685364 0.063112 0.997546 0.030297 3.348328 -0.934387 0.069727 -0.349370 -18.026783
-0.353418 -0.005997 0.935446 224.953873 0.061451 0.997671 0.029613 3.381294 -0.933445 0.067950 -0.352226 -18.840551
-0.356815 -0.005346 0.934160 227.203659 0.061969 0.997646 0.029380 3.411003 -0.932118 0.068372 -0.355643 -19.648411
-0.361016 -0.005682 0.932542 229.477051 0.063719 0.997494 0.030745 3.436510 -0.930380 0.070520 -0.359749 -20.464514
-0.365265 -0.006817 0.930879 231.680695 0.064013 0.997422 0.032422 3.466541 -0.928700 0.071431 -0.363887 -21.255573
-0.369751 -0.007473 0.929101 233.834518 0.063310 0.997441 0.033218 3.501103 -0.926971 0.071104 -0.368332 -22.055803
-0.373458 -0.007423 0.927617 236.011032 0.062431 0.997500 0.033117 3.536027 -0.925544 0.070280 -0.372061 -22.911573
-0.376299 -0.008075 0.926463 238.233276 0.061019 0.997575 0.033479 3.577394 -0.924487 0.069130 -0.374894 -23.798756
-0.379564 -0.008999 0.925122 240.454102 0.059767 0.997625 0.034226 3.619007 -0.923233 0.068282 -0.378125 -24.681337
-0.383129 -0.008936 0.923652 242.667984 0.059247 0.997656 0.034227 3.662886 -0.921793 0.067837 -0.381702 -25.589397
-0.386045 -0.009606 0.922430 244.900177 0.058280 0.997694 0.034781 3.709292 -0.920637 0.067186 -0.384595 -26.497080
-0.389858 -0.010068 0.920820 247.142242 0.057523 0.997721 0.035263 3.750812 -0.919076 0.066716 -0.388391 -27.404379
-0.393227 -0.010247 0.919384 249.339798 0.056566 0.997774 0.035315 3.799486 -0.917700 0.065892 -0.391772 -28.328657
-0.396829 -0.009931 0.917839 251.562988 0.056366 0.997791 0.035166 3.844652 -0.916160 0.065690 -0.395393 -29.262712
-0.399991 -0.009789 0.916467 253.761536 0.056991 0.997742 0.035531 3.887401 -0.914745 0.066443 -0.398530 -30.228683
-0.403753 -0.009988 0.914813 255.933365 0.056951 0.997727 0.036029 3.927610 -0.913094 0.066646 -0.402267 -31.158649
-0.407114 -0.009902 0.913324 258.130890 0.056065 0.997785 0.035809 3.973417 -0.911655 0.065784 -0.405657 -32.121464
-0.410602 -0.009742 0.911762 260.328217 0.056327 0.997762 0.036027 4.031078 -0.910073 0.066149 -0.409135 -33.092842
-0.414253 -0.009345 0.910114 262.541595 0.056842 0.997730 0.036117 4.087739 -0.908385 0.066694 -0.412782 -34.073662
-0.417825 -0.008420 0.908488 264.710388 0.057868 0.997680 0.035861 4.137553 -0.906683 0.067556 -0.416368 -35.075737
-0.421419 -0.007142 0.906838 266.869781 0.059448 0.997601 0.035483 4.190358 -0.904915 0.068863 -0.419983 -36.084820
-0.424335 -0.006702 0.905480 269.065247 0.060286 0.997545 0.035636 4.245429 -0.903496 0.069709 -0.422889 -37.119740
-0.427176 -0.005321 0.904153 271.190796 0.061712 0.997479 0.035027 4.299727 -0.902060 0.070760 -0.425771 -38.145763
-0.430002 -0.003633 0.902821 273.342529 0.063339 0.997407 0.034182 4.350527 -0.900603 0.071882 -0.428656 -39.210888
-0.432770 -0.003241 0.901499 275.522614 0.063926 0.997366 0.034273 4.411300 -0.899235 0.072462 -0.431423 -40.303196
-0.436486 -0.003112 0.899705 277.731445 0.063403 0.997401 0.034209 4.469246 -0.897474 0.071976 -0.435155 -41.385796
-0.439736 -0.003381 0.898121 279.954559 0.062205 0.997477 0.034212 4.533151 -0.895970 0.070912 -0.438416 -42.460732
-0.443075 -0.002398 0.896481 282.147125 0.062412 0.997488 0.033514 4.598425 -0.894309 0.070800 -0.441813 -43.570610
-0.445643 -0.002583 0.895207 284.362854 0.061102 0.997576 0.033296 4.658687 -0.893123 0.069537 -0.444405 -44.714512
-0.448321 -0.002985 0.893867 286.563690 0.059086 0.997708 0.032967 4.723954 -0.891917 0.067595 -0.447118 -45.843689
-0.450651 -0.002687 0.892696 288.794159 0.059949 0.997647 0.033267 4.785473 -0.890685 0.068508 -0.449429 -46.979557
-0.452502 -0.002988 0.891759 290.999054 0.060599 0.997580 0.034092 4.847977 -0.889702 0.069466 -0.451226 -48.141476
-0.454449 -0.003356 0.890766 293.227966 0.060946 0.997532 0.034852 4.905424 -0.888685 0.070127 -0.453123 -49.282303
-0.456378 -0.004006 0.889777 295.470154 0.060438 0.997541 0.035490 4.966122 -0.887731 0.069973 -0.455013 -50.429546
-0.458441 -0.004762 0.888712 297.700958 0.059618 0.997568 0.036099 5.037076 -0.886723 0.069533 -0.457042 -51.610886
-0.460161 -0.004998 0.887821 299.941437 0.059686 0.997548 0.036551 5.110444 -0.885827 0.069810 -0.458734 -52.824177
-0.462025 -0.005868 0.886848 302.196350 0.059315 0.997535 0.037502 5.177042 -0.884881 0.069930 -0.460537 -54.012093
-0.463132 -0.005622 0.886272 304.446289 0.058233 0.997626 0.036759 5.254216 -0.884374 0.068634 -0.461705 -55.256874
-0.465123 -0.004290 0.885235 306.674988 0.056690 0.997791 0.034621 5.315063 -0.883429 0.066287 -0.463853 -56.445595
-0.467277 -0.005560 0.884093 308.853058 0.053705 0.997955 0.034661 5.380657 -0.882478 0.063677 -0.466023 -57.627140
-0.470162 -0.008165 0.882542 311.106262 0.050222 0.998089 0.035989 5.449404 -0.881150 0.061244 -0.468854 -58.854557
-0.474008 -0.010816 0.880454 313.358612 0.046946 0.998192 0.037537 5.521424 -0.879268 0.059127 -0.472643 -60.068897
-0.477442 -0.012320 0.878577 315.642029 0.045219 0.998232 0.038571 5.605069 -0.877499 0.058144 -0.476041 -61.347805
-0.480589 -0.012751 0.876853 317.917145 0.044728 0.998236 0.039031 5.683601 -0.875805 0.057978 -0.479171 -62.601856
-0.483452 -0.012088 0.875287 320.138489 0.045321 0.998218 0.038818 5.764226 -0.874197 0.058436 -0.482043 -63.866970
-0.485984 -0.011580 0.873891 322.425323 0.045835 0.998198 0.038716 5.844635 -0.872765 0.058870 -0.484577 -65.186707
-0.485050 -0.013248 0.874386 324.503571 0.044661 0.998205 0.039899 5.933179 -0.873345 0.058404 -0.483588 -66.572113
-0.487381 -0.014868 0.873063 326.667450 0.043819 0.998179 0.041460 6.010032 -0.872089 0.058464 -0.485842 -67.839462
-0.489596 -0.017232 0.871779 328.867554 0.041756 0.998194 0.043181 6.080307 -0.870949 0.057544 -0.487993 -69.115120
-0.492065 -0.018080 0.870370 331.071716 0.040717 0.998212 0.043755 6.159653 -0.869606 0.056969 -0.490450 -70.392319
-0.494884 -0.019098 0.868749 333.204468 0.039588 0.998225 0.044495 6.240954 -0.868057 0.056411 -0.493250 -71.611267
-0.493508 -0.019903 0.869514 334.570618 0.038297 0.998271 0.044586 6.304184 -0.868898 0.055303 -0.491892 -72.500748
-0.493990 -0.021359 0.869205 335.689911 0.037170 0.998266 0.045655 6.346415 -0.868672 0.054861 -0.492340 -73.164085
-0.494761 -0.023009 0.868725 336.893982 0.034977 0.998312 0.046362 6.389219 -0.868325 0.053324 -0.493121 -73.877899
-0.494883 -0.024001 0.868628 338.087738 0.033720 0.998335 0.046797 6.443409 -0.868305 0.052449 -0.493249 -74.603310
-0.493500 -0.024860 0.869391 339.630859 0.034074 0.998271 0.047887 6.517225 -0.869078 0.053256 -0.491800 -75.615852
-0.490554 -0.025341 0.871042 341.131104 0.031766 0.998393 0.046936 6.594440 -0.870832 0.050694 -0.488961 -76.625748
-0.487760 -0.024704 0.872628 342.600861 0.029805 0.998545 0.044928 6.679398 -0.872469 0.047923 -0.486314 -77.601486
-0.489618 -0.024772 0.871585 343.862122 0.026632 0.998705 0.043345 6.740775 -0.871531 0.044435 -0.488324 -78.331497
-0.493846 -0.027490 0.869115 345.515228 0.023411 0.998718 0.044891 6.793104 -0.869234 0.042516 -0.492569 -79.247879
-0.498284 -0.027897 0.866565 347.113678 0.024963 0.998606 0.046502 6.863355 -0.866654 0.044803 -0.496893 -80.154221
-0.501323 -0.027199 0.864833 348.462982 0.025876 0.998588 0.046405 6.919714 -0.864873 0.045642 -0.499911 -80.965622
-0.500502 -0.027566 0.865296 349.100189 0.024768 0.998628 0.046139 6.950772 -0.865381 0.044524 -0.499132 -81.442200
-0.496825 -0.030697 0.867307 349.542694 0.022655 0.998575 0.048321 6.984932 -0.867555 0.043655 -0.495422 -81.894104
-0.493293 -0.032517 0.869255 349.979553 0.021135 0.998558 0.049348 7.013272 -0.869607 0.042714 -0.491894 -82.310265
-0.488645 -0.031830 0.871902 350.438904 0.021622 0.998586 0.048573 7.053068 -0.872215 0.042587 -0.487265 -82.808449
-0.482520 -0.030670 0.875348 350.857574 0.023299 0.998584 0.047831 7.086831 -0.875575 0.043475 -0.481122 -83.337700
-0.478643 -0.029971 0.877498 351.307312 0.023901 0.998602 0.047144 7.125616 -0.877684 0.043539 -0.477258 -83.820343
-0.474309 -0.030420 0.879833 351.589020 0.022729 0.998647 0.046781 7.151445 -0.880065 0.042186 -0.472976 -84.129395
-0.473527 -0.030479 0.880252 351.874146 0.021745 0.998692 0.046277 7.166531 -0.880511 0.041054 -0.472245 -84.373489
-0.473496 -0.031768 0.880223 352.084686 0.014014 0.998951 0.043591 7.166853 -0.880684 0.032975 -0.472554 -84.510513
-0.475235 -0.027896 0.879416 352.253021 0.005607 0.999381 0.034732 7.164641 -0.879841 0.021437 -0.474785 -84.582909
-0.476797 -0.018397 0.878821 352.350769 0.014063 0.999493 0.028552 7.146556 -0.878901 0.025972 -0.476297 -84.696503
-0.474651 -0.017209 0.880006 352.476501 0.022221 0.999256 0.031526 7.113544 -0.879894 0.034519 -0.473915 -84.846268
-0.473965 -0.026098 0.880157 352.682648 0.022436 0.998878 0.041700 7.102798 -0.880258 0.039512 -0.472848 -85.011063
-0.473304 -0.034867 0.880209 352.917480 0.018586 0.998599 0.049551 7.121482 -0.880703 0.039812 -0.471993 -85.162247
-0.474078 -0.039307 0.879605 353.145355 0.014388 0.998524 0.052376 7.161466 -0.880365 0.037486 -0.472813 -85.319481
-0.474451 -0.038984 0.879418 353.313202 0.013912 0.998562 0.051771 7.201130 -0.880172 0.036797 -0.473226 -85.462608
-0.475534 -0.034208 0.879032 353.458679 0.019632 0.998582 0.049480 7.229443 -0.879478 0.040786 -0.474188 -85.611633
-0.474883 -0.027679 0.879614 353.554230 0.025326 0.998661 0.045098 7.237962 -0.879685 0.043693 -0.473546 -85.753746
-0.475312 -0.023748 0.879497 353.693024 0.027434 0.998749 0.041795 7.245474 -0.879390 0.043994 -0.474066 -85.895050
-0.475746 -0.022076 0.879306 353.929260 0.029348 0.998730 0.040953 7.255722 -0.879093 0.045289 -0.474494 -86.078438
-0.477305 -0.021965 0.878463 354.063690 0.030164 0.998689 0.041361 7.268499 -0.878220 0.046239 -0.476016 -86.205605
-0.477135 -0.022400 0.878545 354.189880 0.030337 0.998659 0.041939 7.279945 -0.878307 0.046663 -0.475815 -86.350258
-0.476909 -0.021968 0.878678 354.301086 0.030705 0.998661 0.041633 7.288598 -0.878416 0.046835 -0.475596 -86.489777
-0.477119 -0.021266 0.878581 354.409821 0.030280 0.998716 0.040618 7.300579 -0.878317 0.045982 -0.475862 -86.620201
-0.476321 -0.021588 0.879006 354.509094 0.028717 0.998783 0.040091 7.303137 -0.878802 0.044339 -0.475122 -86.749107
-0.474887 -0.022478 0.879760 354.621368 0.029077 0.998727 0.041213 7.309001 -0.879566 0.045153 -0.473629 -86.898514
-0.474633 -0.023980 0.879857 354.778992 0.029772 0.998619 0.043277 7.325808 -0.879680 0.046736 -0.473263 -87.067337
-0.474279 -0.025105 0.880017 354.997620 0.030768 0.998510 0.045067 7.344499 -0.879837 0.048450 -0.472800 -87.270180
-0.473169 -0.025127 0.880613 355.165558 0.027694 0.998675 0.043376 7.357704 -0.880536 0.044912 -0.471846 -87.433853
-0.472760 -0.024359 0.880854 355.307587 0.023261 0.998925 0.040109 7.371759 -0.880884 0.039452 -0.471685 -87.583565
-0.472068 -0.024439 0.881223 355.430542 0.019477 0.999083 0.038142 7.382862 -0.881347 0.035169 -0.471159 -87.725555
-0.470784 -0.025496 0.881880 355.575867 0.017663 0.999110 0.038315 7.389832 -0.882072 0.033615 -0.469915 -87.893364
-0.469417 -0.026901 0.882567 355.713287 0.015675 0.999124 0.038791 7.388987 -0.882838 0.032043 -0.468584 -88.051315
-0.466537 -0.026638 0.884101 355.874329 0.013175 0.999226 0.037059 7.390454 -0.884404 0.028937 -0.465825 -88.226173
-0.465634 -0.027420 0.884552 356.098480 0.010209 0.999287 0.036351 7.387955 -0.884918 0.025957 -0.465022 -88.409279
-0.466602 -0.028910 0.883995 356.422272 0.009708 0.999238 0.037803 7.388297 -0.884414 0.026220 -0.465966 -88.644073
-0.465519 -0.031336 0.884483 356.770721 0.010493 0.999107 0.040919 7.394180 -0.884976 0.028330 -0.464774 -88.903091
-0.463815 -0.033916 0.885283 357.117889 0.014429 0.998845 0.045826 7.414913 -0.885814 0.034029 -0.462790 -89.164597
-0.460716 -0.035996 0.886818 358.579834 0.018331 0.998578 0.050055 7.474972 -0.887359 0.039317 -0.459401 -90.035957
-0.454207 -0.036368 0.890153 359.916290 0.015647 0.998687 0.048787 7.541810 -0.890759 0.036087 -0.453042 -90.920410
-0.441584 -0.034302 0.896564 361.217743 0.009170 0.999044 0.042740 7.639601 -0.897173 0.027095 -0.440847 -92.122589
-0.431055 -0.032910 0.901725 362.394470 0.005662 0.999216 0.039175 7.716143 -0.902308 0.021992 -0.430531 -93.067223
-0.424657 -0.032798 0.904760 363.443481 0.003773 0.999271 0.037995 7.750670 -0.905346 0.019549 -0.424224 -93.705772
-0.421982 -0.031862 0.906044 364.642792 0.006456 0.999251 0.038147 7.791303 -0.906581 0.021947 -0.421460 -94.366089
-0.413972 -0.031780 0.909735 365.889099 0.007241 0.999244 0.038202 7.839431 -0.910261 0.022402 -0.413429 -95.129143
-0.417628 -0.030536 0.908105 367.213226 0.004965 0.999344 0.035888 7.859680 -0.908605 0.019497 -0.417202 -95.596191
-0.415778 -0.033847 0.908836 368.108673 -0.002578 0.999347 0.036039 7.875886 -0.909463 0.012642 -0.415593 -96.013008
-0.423653 -0.039427 0.904966 369.698883 -0.011997 0.999209 0.037916 7.899562 -0.905745 0.005206 -0.423791 -96.387375
-0.427041 -0.042107 0.903251 371.394012 -0.020043 0.999111 0.037100 7.928304 -0.904010 -0.002261 -0.427506 -97.063202
-0.427261 -0.042553 0.903126 372.934784 -0.021898 0.999086 0.036714 7.966803 -0.903863 -0.004090 -0.427803 -97.775810
-0.424505 -0.043199 0.904394 374.816040 -0.019940 0.999065 0.038361 8.014262 -0.905206 -0.001749 -0.424970 -98.716866
-0.419397 -0.045344 0.906670 376.035034 -0.018741 0.998971 0.041292 8.043572 -0.907610 0.000326 -0.419815 -99.372429
-0.414457 -0.048154 0.908794 376.628357 -0.020929 0.998839 0.043380 8.068671 -0.909828 -0.001041 -0.414983 -99.700035
-0.411239 -0.048068 0.910259 377.156952 -0.022975 0.998838 0.042366 8.100772 -0.911238 -0.003490 -0.411866 -100.002052
-0.409542 -0.046467 0.911107 377.794708 -0.023989 0.998905 0.040161 8.132257 -0.911976 -0.005408 -0.410208 -100.334930
-0.407694 -0.044597 0.912029 378.413147 -0.023369 0.998989 0.038403 8.158588 -0.912820 -0.005656 -0.408324 -100.673935
-0.405941 -0.044083 0.912836 379.044708 -0.020014 0.999025 0.039345 8.179484 -0.913680 -0.002297 -0.406427 -101.011223
-0.400775 -0.044000 0.915119 379.637421 -0.017407 0.999032 0.040411 8.202222 -0.916011 0.000267 -0.401153 -101.357719
-0.397220 -0.044106 0.916663 380.326477 -0.016851 0.999027 0.040768 8.229408 -0.917569 0.000747 -0.397576 -101.730553
-0.393606 -0.043814 0.918234 380.873505 -0.016450 0.999039 0.040619 8.253476 -0.919132 0.000883 -0.393949 -102.046852
-0.392414 -0.044605 0.918707 381.482208 -0.016555 0.999004 0.041433 8.280495 -0.919640 0.001050 -0.392762 -102.336945
-0.391592 -0.046070 0.918985 382.025452 -0.017156 0.998938 0.042767 8.305512 -0.919979 0.000981 -0.391967 -102.591164
-0.389936 -0.045066 0.919738 382.763763 -0.018079 0.998984 0.041284 8.333254 -0.920664 -0.000530 -0.390355 -102.915649
-0.386058 -0.043426 0.921452 383.398956 -0.018465 0.999055 0.039347 8.361163 -0.922290 -0.001824 -0.386495 -103.252357
-0.384323 -0.043311 0.922182 383.928772 -0.018390 0.999060 0.039258 8.376763 -0.923016 -0.001871 -0.384758 -103.509361
-0.381615 -0.044282 0.923260 384.517242 -0.019004 0.999017 0.040061 8.397866 -0.924126 -0.002258 -0.382081 -103.794060
-0.380494 -0.045380 0.923669 385.009094 -0.020555 0.998964 0.040612 8.419841 -0.924555 -0.003534 -0.381032 -104.030022
-0.379567 -0.045692 0.924035 385.566132 -0.021840 0.998944 0.040425 8.440098 -0.924906 -0.004837 -0.380164 -104.291512
-0.380102 -0.044570 0.923870 386.147858 -0.021493 0.998994 0.039352 8.462946 -0.924695 -0.004899 -0.380677 -104.554871
-0.380875 -0.044360 0.923562 386.748901 -0.021757 0.999002 0.039011 8.479794 -0.924371 -0.005236 -0.381460 -104.825203
-0.380022 -0.046081 0.923829 387.344879 -0.022894 0.998921 0.040409 8.496645 -0.924694 -0.005794 -0.380667 -105.096352
-0.379929 -0.048159 0.923761 387.929230 -0.024409 0.998818 0.042033 8.518547 -0.924694 -0.006578 -0.380655 -105.358826
-0.380563 -0.048495 0.923483 388.523651 -0.024996 0.998799 0.042149 8.540360 -0.924417 -0.007043 -0.381318 -105.618614
-0.382238 -0.048113 0.922810 389.035492 -0.026112 0.998807 0.041259 8.563392 -0.923695 -0.008325 -0.383038 -105.850563
-0.383636 -0.047241 0.922275 389.543030 -0.025828 0.998849 0.040420 8.585588 -0.923123 -0.008314 -0.384415 -106.100700
-0.385533 -0.046772 0.921508 390.228607 -0.024640 0.998880 0.040391 8.612048 -0.922365 -0.007134 -0.386254 -106.408272
-0.383798 -0.046926 0.922224 390.851990 -0.024781 0.998872 0.040513 8.632613 -0.923085 -0.007305 -0.384527 -106.717789
-0.387967 -0.047125 0.920468 391.434570 -0.025643 0.998857 0.040331 8.646337 -0.921316 -0.007956 -0.388732 -106.941925
-0.390224 -0.046529 0.919544 391.927856 -0.025971 0.998881 0.039522 8.663032 -0.920354 -0.008458 -0.390996 -107.153290
-0.392886 -0.047406 0.918365 392.414246 -0.026655 0.998838 0.040157 8.681697 -0.919201 -0.008702 -0.393692 -107.368584
-0.393119 -0.048406 0.918212 393.013275 -0.026329 0.998796 0.041382 8.695708 -0.919110 -0.007907 -0.393921 -107.642509
-0.394356 -0.049999 0.917597 393.577301 -0.026194 0.998725 0.043162 8.718109 -0.918584 -0.007015 -0.395163 -107.898682
-0.396027 -0.049335 0.916913 394.294220 -0.025707 0.998760 0.042636 8.743058 -0.917879 -0.006686 -0.396804 -108.204773
-0.395096 -0.047676 0.917402 394.976196 -0.023776 0.998848 0.041670 8.771092 -0.918332 -0.005348 -0.395774 -108.524651
-0.396057 -0.047553 0.916994 395.578217 -0.023404 0.998856 0.041690 8.793821 -0.917928 -0.004950 -0.396717 -108.788628
-0.396868 -0.048491 0.916594 396.207855 -0.023450 0.998813 0.042687 8.813733 -0.917576 -0.004553 -0.397534 -109.086441
-0.396112 -0.048285 0.916932 396.871887 -0.024043 0.998819 0.042211 8.840685 -0.917888 -0.005325 -0.396805 -109.413193
-0.396905 -0.047481 0.916631 397.466736 -0.024145 0.998856 0.041285 8.861729 -0.917542 -0.005746 -0.397597 -109.691544
-0.393936 -0.048150 0.917876 398.152435 -0.024359 0.998823 0.041942 8.888495 -0.918815 -0.005836 -0.394645 -110.056671
-0.386944 -0.049289 0.920785 399.105652 -0.025397 0.998761 0.042790 8.932929 -0.921754 -0.006828 -0.387716 -110.596718
-0.388512 -0.050839 0.920040 399.680267 -0.027098 0.998675 0.043741 8.959640 -0.921045 -0.007937 -0.389375 -110.842606
-0.387918 -0.048914 0.920395 400.345398 -0.027854 0.998757 0.041339 8.991258 -0.921273 -0.009601 -0.388799 -111.167213
-0.386348 -0.045801 0.921215 401.017914 -0.026627 0.998904 0.038496 9.018188 -0.921969 -0.009657 -0.387144 -111.494949
-0.386651 -0.044884 0.921133 401.521606 -0.027362 0.998934 0.037189 9.028569 -0.921820 -0.010825 -0.387467 -111.725906
-0.386301 -0.046499 0.921200 402.279572 -0.026788 0.998873 0.039186 9.050134 -0.921984 -0.009540 -0.387111 -112.073051
-0.385736 -0.048092 0.921355 402.995544 -0.026534 0.998806 0.041025 9.073494 -0.922228 -0.008623 -0.386551 -112.417534
-0.383808 -0.047797 0.922175 403.742828 -0.025710 0.998825 0.041069 9.101461 -0.923055 -0.007947 -0.384586 -112.792625
-0.377515 -0.045805 0.924870 404.548523 -0.025146 0.998915 0.039208 9.140579 -0.925662 -0.008455 -0.378257 -113.274155
-0.373313 -0.044285 0.926648 405.267181 -0.024085 0.998986 0.038039 9.168756 -0.927393 -0.008118 -0.374001 -113.656334
-0.370685 -0.043947 0.927718 405.951538 -0.023376 0.999005 0.037984 9.191058 -0.928465 -0.007606 -0.371343 -113.985329
-0.371409 -0.045102 0.927373 406.519958 -0.023080 0.998959 0.039340 9.204867 -0.928183 -0.006792 -0.372063 -114.227211
-0.370457 -0.046363 0.927692 406.785004 -0.023272 0.998903 0.040629 9.212633 -0.928558 -0.006538 -0.371130 -114.341316
-0.369671 -0.045704 0.928038 407.419556 -0.022366 0.998938 0.040286 9.238961 -0.928893 -0.005864 -0.370301 -114.623039
-0.368364 -0.045162 0.928584 407.961304 -0.021471 0.998966 0.040067 9.257029 -0.929434 -0.005178 -0.368953 -114.873787
-0.363906 -0.045581 0.930320 408.669586 -0.020771 0.998951 0.040818 9.284456 -0.931204 -0.004470 -0.364471 -115.231522
-0.362154 -0.046502 0.930957 409.297729 -0.021703 0.998905 0.041453 9.310163 -0.931865 -0.005192 -0.362767 -115.518387
-0.361412 -0.047511 0.931195 409.829285 -0.022988 0.998851 0.042041 9.334993 -0.932123 -0.006213 -0.362089 -115.747673
-0.359042 -0.046138 0.932180 410.418945 -0.022818 0.998913 0.040652 9.361032 -0.933042 -0.006674 -0.359705 -116.009483
-0.356980 -0.044549 0.933049 410.947083 -0.021377 0.998990 0.039519 9.382030 -0.933867 -0.005838 -0.357572 -116.242134
-0.354976 -0.043543 0.933861 411.502350 -0.019617 0.999042 0.039126 9.395515 -0.934669 -0.004431 -0.355490 -116.482361
-0.352070 -0.043730 0.934951 412.157715 -0.019147 0.999035 0.039517 9.412515 -0.935778 -0.003988 -0.352568 -116.766640
-0.349523 -0.044559 0.935867 412.813171 -0.018367 0.999002 0.040706 9.436489 -0.936748 -0.002961 -0.349993 -117.042305
-0.347653 -0.043290 0.936623 413.501587 -0.018065 0.999057 0.039471 9.457082 -0.937449 -0.003198 -0.348107 -117.324913
-0.345269 -0.042636 0.937535 414.173889 -0.017923 0.999085 0.038835 9.482166 -0.938333 -0.003395 -0.345717 -117.603149
-0.343686 -0.042179 0.938137 414.867493 -0.017983 0.999103 0.038331 9.504399 -0.938913 -0.003697 -0.344136 -117.870010
-0.340906 -0.042014 0.939158 415.459930 -0.018080 0.999109 0.038134 9.527508 -0.939924 -0.003980 -0.341361 -118.110031
-0.333955 -0.041310 0.941683 416.162384 -0.019070 0.999131 0.037068 9.554523 -0.942396 -0.005579 -0.334453 -118.457176
-0.331757 -0.041225 0.942464 416.881012 -0.020249 0.999126 0.036576 9.575603 -0.943148 -0.006949 -0.332302 -118.718597
-0.329418 -0.040741 0.943305 417.409241 -0.021858 0.999130 0.035519 9.598261 -0.943931 -0.008919 -0.330022 -118.922523
-0.329962 -0.039972 0.943148 418.049622 -0.023153 0.999145 0.034245 9.615746 -0.943710 -0.010537 -0.330605 -119.131714
-0.329488 -0.040045 0.943310 418.628235 -0.022749 0.999147 0.034470 9.628546 -0.943886 -0.010101 -0.330118 -119.341858
-0.329039 -0.041529 0.943403 419.075287 -0.022906 0.999090 0.035991 9.644807 -0.944038 -0.009767 -0.329691 -119.509178
-0.327488 -0.042086 0.943918 419.521637 -0.023248 0.999064 0.036479 9.668478 -0.944569 -0.009998 -0.328160 -119.689850
-0.326326 -0.040922 0.944371 420.041840 -0.023730 0.999102 0.035094 9.691762 -0.944959 -0.010958 -0.327005 -119.882576
-0.325660 -0.038858 0.944688 420.597656 -0.023718 0.999176 0.032924 9.710989 -0.945189 -0.011684 -0.326313 -120.096458
-0.325337 -0.037520 0.944854 421.064453 -0.023487 0.999225 0.031592 9.720483 -0.945306 -0.011914 -0.325966 -120.261688
-0.324538 -0.036863 0.945154 421.586182 -0.023028 0.999252 0.031066 9.730448 -0.945592 -0.011683 -0.325145 -120.442558
-0.321841 -0.037724 0.946042 422.229156 -0.022464 0.999229 0.032203 9.740099 -0.946527 -0.010888 -0.322440 -120.680939
-0.317329 -0.038497 0.947534 422.849152 -0.021568 0.999210 0.033373 9.752797 -0.948070 -0.009846 -0.317909 -120.927704
-0.314954 -0.038533 0.948325 423.476227 -0.020478 0.999219 0.033800 9.772578 -0.948886 -0.008774 -0.315497 -121.164642
-0.312772 -0.037324 0.949095 424.205231 -0.020086 0.999264 0.032678 9.792565 -0.949616 -0.008842 -0.313291 -121.418434
-0.309886 -0.036490 0.950073 424.823273 -0.019935 0.999293 0.031879 9.810173 -0.950565 -0.009061 -0.310395 -121.643250
-0.305894 -0.036243 0.951375 425.343750 -0.018439 0.999313 0.032141 9.831522 -0.951887 -0.007711 -0.306353 -121.872421
-0.303675 -0.036336 0.952083 425.883057 -0.016927 0.999321 0.032740 9.845281 -0.952625 -0.006173 -0.304084 -122.076508
-0.292340 -0.035904 0.955640 426.554108 -0.017015 0.999332 0.032341 9.865835 -0.956163 -0.006806 -0.292755 -122.452469
-0.281134 -0.035159 0.959024 427.261597 -0.016014 0.999361 0.031944 9.898202 -0.959535 -0.006377 -0.281517 -122.831367
-0.268248 -0.033123 0.962780 427.977478 -0.015154 0.999430 0.030162 9.923907 -0.963231 -0.006499 -0.268597 -123.229897
-0.255629 -0.031954 0.966247 428.784485 -0.013875 0.999472 0.029382 9.953184 -0.966675 -0.005896 -0.255938 -123.628380
