1.000000 0.000000 0.000000 0.000000 0.000000 1.000000 0.000000 0.000000 0.000000 0.000000 1.000000 0.000000
0.999998 -0.001988 -0.000423 -0.000588 0.001989 0.999995 0.002597 -0.026121 0.000417 -0.002597 0.999997 1.530304
0.999997 -0.002288 -0.000608 -0.013196 0.002290 0.999990 0.003887 -0.060399 0.000599 -0.003888 0.999992 3.038292
0.999999 -0.001077 -0.001024 -0.032179 0.001081 0.999992 0.003972 -0.086289 0.001020 -0.003973 0.999992 4.527719
0.999998 -0.000775 -0.001753 -0.042424 0.000782 0.999994 0.003518 -0.110991 0.001751 -0.003520 0.999992 6.022661
0.999997 -0.000715 -0.002366 -0.052487 0.000725 0.999991 0.004114 -0.137207 0.002363 -0.004116 0.999989 7.524060
0.999994 -0.001433 -0.003233 -0.065231 0.001448 0.999988 0.004626 -0.163555 0.003226 -0.004631 0.999984 9.021397
0.999987 -0.002389 -0.004393 -0.068889 0.002408 0.999988 0.004292 -0.191594 0.004382 -0.004303 0.999981 10.527096
0.999981 -0.003280 -0.005168 -0.075765 0.003305 0.999984 0.004695 -0.214149 0.005152 -0.004712 0.999976 12.017545
0.999976 -0.003391 -0.005971 -0.081296 0.003420 0.999982 0.004883 -0.244182 0.005955 -0.004903 0.999970 13.495033
0.999972 -0.002994 -0.006823 -0.079792 0.003029 0.999983 0.005064 -0.266836 0.006808 -0.005085 0.999964 14.970136
0.999969 -0.001477 -0.007766 -0.100988 0.001523 0.999982 0.005834 -0.293323 0.007757 -0.005846 0.999953 16.454769
0.999967 -0.000271 -0.008101 -0.124311 0.000325 0.999978 0.006634 -0.308316 0.008099 -0.006636 0.999945 17.879921
0.999968 0.000570 -0.007928 -0.145283 -0.000511 0.999972 0.007404 -0.323194 0.007932 -0.007400 0.999941 19.279564
0.999965 0.001123 -0.008332 -0.162428 -0.001058 0.999969 0.007840 -0.340636 0.008341 -0.007831 0.999935 20.691673
0.999964 0.001830 -0.008345 -0.179327 -0.001762 0.999965 0.008168 -0.360964 0.008360 -0.008153 0.999932 22.104586
0.999963 0.002464 -0.008205 -0.194950 -0.002391 0.999958 0.008906 -0.379828 0.008226 -0.008886 0.999927 23.477543
0.999964 0.002871 -0.007965 -0.213599 -0.002792 0.999947 0.009895 -0.396043 0.007993 -0.009873 0.999919 24.873051
0.999966 0.003227 -0.007578 -0.229673 -0.003157 0.999953 0.009193 -0.414093 0.007608 -0.009169 0.999929 26.250885
0.999970 0.003308 -0.007057 -0.251014 -0.003256 0.999967 0.007408 -0.432621 0.007081 -0.007385 0.999948 27.638353
0.999978 0.001776 -0.006441 -0.256920 -0.001728 0.999971 0.007381 -0.450404 0.006454 -0.007369 0.999952 29.025505
0.999980 0.000864 -0.006289 -0.268232 -0.000805 0.999955 0.009483 -0.467552 0.006297 -0.009478 0.999935 30.405432
0.999982 -0.000949 -0.005895 -0.270484 0.001014 0.999939 0.011021 -0.485065 0.005884 -0.011027 0.999922 31.779337
0.999981 -0.001714 -0.005903 -0.276299 0.001777 0.999942 0.010602 -0.506963 0.005885 -0.010612 0.999926 33.129795
0.999986 -0.001369 -0.005143 -0.276413 0.001417 0.999954 0.009439 -0.524721 0.005130 -0.009446 0.999942 34.452705
0.999988 -0.000876 -0.004884 -0.287637 0.000917 0.999965 0.008338 -0.540065 0.004876 -0.008342 0.999953 35.776028
0.999992 -0.000416 -0.003967 -0.299680 0.000447 0.999968 0.007967 -0.565382 0.003964 -0.007969 0.999960 37.095802
0.999997 0.000194 -0.002433 -0.308027 -0.000172 0.999960 0.008973 -0.582414 0.002434 -0.008972 0.999957 38.395641
0.999999 0.000751 -0.001148 -0.311236 -0.000738 0.999939 0.011062 -0.601971 0.001156 -0.011061 0.999938 39.673027
1.000000 0.000607 0.000540 -0.312282 -0.000614 0.999924 0.012346 -0.624122 -0.000532 -0.012346 0.999924 40.941288
0.999997 0.000580 0.002566 -0.313265 -0.000614 0.999914 0.013101 -0.638256 -0.002559 -0.013103 0.999911 42.183315
0.999983 0.000007 0.005836 -0.311328 -0.000083 0.999917 0.012916 -0.653328 -0.005835 -0.012916 0.999900 43.423130
0.999954 -0.000736 0.009583 -0.301635 0.000625 0.999933 0.011584 -0.668358 -0.009591 -0.011578 0.999887 44.642635
0.999914 -0.000738 0.013119 -0.293258 0.000602 0.999946 0.010337 -0.683415 -0.013126 -0.010328 0.999861 45.826656
0.999854 -0.000584 0.017095 -0.275079 0.000396 0.999940 0.010972 -0.696723 -0.017101 -0.010964 0.999794 47.011787
0.999751 -0.000688 0.022319 -0.258475 0.000440 0.999938 0.011108 -0.715474 -0.022325 -0.011095 0.999689 48.188793
0.999584 0.000721 0.028824 -0.235371 -0.001021 0.999946 0.010383 -0.729190 -0.028815 -0.010409 0.999531 49.338432
0.999349 0.001966 0.036024 -0.211976 -0.002360 0.999938 0.010918 -0.743432 -0.036000 -0.010996 0.999291 50.485584
0.999014 0.002986 0.044290 -0.177542 -0.003525 0.999921 0.012095 -0.755211 -0.044250 -0.012240 0.998945 51.626614
0.998520 0.004934 0.054164 -0.137250 -0.005670 0.999894 0.013443 -0.772630 -0.054092 -0.013730 0.998442 52.750633
0.997772 0.006778 0.066371 -0.084597 -0.007728 0.999871 0.014070 -0.784994 -0.066267 -0.014552 0.997696 53.862869
0.996692 0.008448 0.080837 -0.020495 -0.009695 0.999840 0.015055 -0.796953 -0.080697 -0.015789 0.996614 54.954617
0.995283 0.010213 0.096474 0.047671 -0.011870 0.999792 0.016610 -0.805211 -0.096285 -0.017677 0.995197 56.046524
0.993456 0.010399 0.113737 0.149827 -0.012518 0.999761 0.017929 -0.811700 -0.113524 -0.019236 0.993349 57.123333
0.991189 0.009555 0.132108 0.272354 -0.011975 0.999775 0.017535 -0.820147 -0.131910 -0.018962 0.991080 58.188293
0.988348 0.008326 0.151983 0.418500 -0.011025 0.999796 0.016922 -0.823556 -0.151811 -0.018400 0.988238 59.255898
0.984872 0.005529 0.173194 0.588501 -0.008577 0.999821 0.016858 -0.823036 -0.173070 -0.018088 0.984743 60.315884
0.980796 0.001032 0.195036 0.788251 -0.004871 0.999804 0.019209 -0.829259 -0.194978 -0.019790 0.980608 61.367306
0.976053 -0.004632 0.217483 1.012320 0.000032 0.999776 0.021150 -0.829982 -0.217532 -0.020637 0.975835 62.390656
0.970475 -0.010034 0.240992 1.258161 0.005080 0.999763 0.021171 -0.834211 -0.241147 -0.019322 0.970296 63.403992
0.963926 -0.016287 0.265672 1.520526 0.011346 0.999733 0.020124 -0.838201 -0.265929 -0.016383 0.963854 64.381256
0.956482 -0.019905 0.291113 1.799044 0.014336 0.999671 0.021250 -0.842357 -0.291440 -0.016152 0.956453 65.343643
0.947916 -0.022795 0.317704 2.095288 0.016063 0.999588 0.023795 -0.841573 -0.318115 -0.017453 0.947891 66.275757
0.938372 -0.027694 0.344517 2.433504 0.019527 0.999441 0.027154 -0.839170 -0.345076 -0.018753 0.938387 67.199974
0.927285 -0.030925 0.373076 2.800066 0.022201 0.999371 0.027660 -0.841593 -0.373697 -0.017366 0.927388 68.113388
0.915266 -0.031138 0.401644 3.165435 0.023204 0.999428 0.024603 -0.832263 -0.402180 -0.013198 0.915465 68.991837
0.902362 -0.032404 0.429759 3.552032 0.026413 0.999453 0.019899 -0.820840 -0.430169 -0.006605 0.902724 69.841545
0.888066 -0.034634 0.458409 3.974473 0.029576 0.999397 0.018210 -0.816808 -0.458763 -0.002614 0.888555 70.676231
0.872317 -0.035321 0.487663 4.414034 0.028265 0.999362 0.021825 -0.824297 -0.488123 -0.005254 0.872759 71.527069
0.854803 -0.034944 0.517774 4.881580 0.023793 0.999320 0.028161 -0.827094 -0.518406 -0.011753 0.855054 72.376808
0.835455 -0.035683 0.548400 5.369560 0.021814 0.999257 0.031786 -0.817638 -0.549126 -0.014593 0.835612 73.198708
0.814621 -0.031644 0.579130 5.860334 0.018714 0.999425 0.028285 -0.812730 -0.579692 -0.012204 0.814744 73.964890
0.792749 -0.025601 0.609010 6.385564 0.015247 0.999638 0.022175 -0.803915 -0.609357 -0.008293 0.792853 74.710197
0.770481 -0.023647 0.637024 6.940280 0.013496 0.999693 0.020786 -0.788382 -0.637320 -0.007418 0.770564 75.439018
0.747490 -0.026389 0.663748 7.537859 0.014047 0.999615 0.023924 -0.784652 -0.664124 -0.008559 0.747573 76.156998
0.723502 -0.027306 0.689782 8.142509 0.014018 0.999592 0.024867 -0.776162 -0.690180 -0.008322 0.723590 76.828781
0.697965 -0.026774 0.715631 8.777839 0.014996 0.999628 0.022774 -0.777246 -0.715975 -0.005164 0.698107 77.478424
0.671476 -0.025177 0.740599 9.413665 0.014312 0.999677 0.021008 -0.769754 -0.740888 -0.003507 0.671619 78.104919
0.645041 -0.023490 0.763787 10.075823 0.012086 0.999716 0.020539 -0.762450 -0.764053 -0.004018 0.645141 78.705421
0.617157 -0.022712 0.786512 10.760477 0.011753 0.999738 0.019647 -0.754101 -0.786752 -0.002881 0.617263 79.278778
0.588870 -0.017562 0.808037 11.467731 0.010533 0.999846 0.014054 -0.755225 -0.808159 0.000235 0.588964 79.831703
0.559222 -0.009329 0.828965 12.182970 0.008873 0.999947 0.005267 -0.748324 -0.828970 0.004410 0.559275 80.348862
0.528401 -0.002291 0.848992 12.926301 0.007241 0.999972 -0.001808 -0.752231 -0.848964 0.007103 0.528403 80.855225
0.497268 0.001551 0.867596 13.700307 0.004227 0.999982 -0.004210 -0.760750 -0.867587 0.005761 0.497252 81.336555
0.465316 0.000554 0.885145 14.500527 0.001227 0.999998 -0.001271 -0.773663 -0.885144 0.001678 0.465314 81.803352
0.433434 -0.001854 0.901183 15.325968 -0.002986 0.999989 0.003494 -0.791242 -0.901180 -0.004205 0.433424 82.244438
0.400039 -0.001485 0.916497 16.168386 -0.007362 0.999961 0.004833 -0.801346 -0.916468 -0.008680 0.400013 82.643509
0.365194 0.000399 0.930931 17.012091 -0.014293 0.999884 0.005178 -0.817050 -0.930822 -0.015197 0.365157 83.027245
0.330124 0.002047 0.943935 17.881563 -0.020363 0.999780 0.004954 -0.816622 -0.943718 -0.020857 0.330094 83.372902
0.294637 0.001004 0.955609 18.783188 -0.023730 0.999699 0.006266 -0.822776 -0.955315 -0.024523 0.294572 83.686821
0.259161 0.000141 0.965834 19.688190 -0.025194 0.999661 0.006614 -0.826775 -0.965506 -0.026047 0.259076 83.966255
0.223961 -0.001018 0.974598 20.615162 -0.025096 0.999662 0.006811 -0.833214 -0.974275 -0.025984 0.223859 84.206657
0.188711 -0.002379 0.982030 21.558140 -0.023619 0.999697 0.006961 -0.830832 -0.981749 -0.024508 0.188598 84.408188
0.154286 -0.003775 0.988019 22.510923 -0.017205 0.999831 0.006507 -0.837852 -0.987876 -0.018003 0.154195 84.571190
0.121363 -0.001648 0.992607 23.461191 -0.014440 0.999890 0.003425 -0.858559 -0.992503 -0.014749 0.121326 84.708351
0.089954 0.003273 0.995941 24.413185 -0.013991 0.999900 -0.002023 -0.856431 -0.995848 -0.013752 0.089991 84.812248
0.061214 0.005617 0.998109 25.382622 -0.009694 0.999940 -0.005033 -0.876706 -0.998078 -0.009368 0.061265 84.875061
0.036344 0.003418 0.999334 26.360903 -0.008109 0.999962 -0.003125 -0.896781 -0.999306 -0.007990 0.036370 84.929176
0.015239 -0.000003 0.999884 27.367781 -0.007900 0.999969 0.000123 -0.911333 -0.999853 -0.007901 0.015239 84.970398
-0.003400 -0.002422 0.999991 28.367254 -0.006347 0.999977 0.002401 -0.925534 -0.999974 -0.006339 -0.003415 84.985146
-0.018552 -0.000190 0.999828 29.346579 -0.004537 0.999990 0.000106 -0.937804 -0.999818 -0.004534 -0.018552 84.971474
-0.032665 0.004486 0.999456 30.315811 -0.001386 0.999989 -0.004534 -0.942309 -0.999465 -0.001533 -0.032659 84.940926
-0.044077 0.008613 0.998991 31.306589 0.001431 0.999962 -0.008558 -0.961247 -0.999027 0.001053 -0.044087 84.901817
-0.052376 0.012616 0.998548 32.296978 0.007192 0.999899 -0.012256 -0.973664 -0.998601 0.006539 -0.052462 84.836639
-0.058290 0.016990 0.998155 33.278881 0.010733 0.999808 -0.016391 -1.002935 -0.998242 0.009757 -0.058461 84.765251
-0.061553 0.021644 0.997869 34.265686 0.012898 0.999699 -0.020888 -1.026511 -0.998020 0.011585 -0.061814 84.691177
-0.063854 0.024972 0.997647 35.256283 0.013850 0.999613 -0.024135 -1.060629 -0.997863 0.012276 -0.064175 84.615723
-0.067061 0.027917 0.997358 36.245094 0.015166 0.999522 -0.026958 -1.094893 -0.997634 0.013318 -0.067453 84.542641
-0.069037 0.031061 0.997130 37.235802 0.015989 0.999421 -0.030026 -1.131745 -0.997486 0.013870 -0.069494 84.469460
-0.071577 0.034285 0.996846 38.231895 0.017315 0.999301 -0.033126 -1.172774 -0.997285 0.014890 -0.072121 84.391212
-0.073731 0.035095 0.996660 39.246307 0.018693 0.999254 -0.033803 -1.217408 -0.997103 0.016138 -0.074332 84.294624
-0.075636 0.033968 0.996557 40.259586 0.018315 0.999298 -0.032671 -1.258391 -0.996967 0.015780 -0.076205 84.201714
-0.077500 0.033295 0.996436 41.283871 0.018397 0.999320 -0.031960 -1.308931 -0.996823 0.015855 -0.078060 84.116051
-0.079875 0.034382 0.996212 42.306087 0.018704 0.999281 -0.032988 -1.355613 -0.996629 0.015999 -0.080461 84.018356
-0.082279 0.035993 0.995959 43.334938 0.017112 0.999251 -0.034698 -1.397587 -0.996462 0.014188 -0.082833 83.927116
-0.085309 0.038084 0.995626 44.369114 0.015547 0.999198 -0.036889 -1.444029 -0.996233 0.012332 -0.085833 83.841560
-0.088262 0.041217 0.995244 45.387703 0.013162 0.999105 -0.040210 -1.493905 -0.996010 0.009551 -0.088726 83.747253
-0.091050 0.045136 0.994823 46.430820 0.010142 0.998963 -0.044395 -1.550219 -0.995795 0.006047 -0.091413 83.652573
-0.093759 0.047354 0.994468 47.479946 0.007628 0.998873 -0.046844 -1.605916 -0.995566 0.003194 -0.094015 83.569466
-0.096721 0.045774 0.994258 48.541470 0.004857 0.998952 -0.045517 -1.665522 -0.995300 0.000427 -0.096842 83.479713
-0.099869 0.042166 0.994107 49.614712 0.002200 0.999109 -0.042157 -1.720135 -0.994998 -0.002023 -0.099873 83.387688
-0.102777 0.040109 0.993895 50.671860 0.002167 0.999193 -0.040099 -1.779872 -0.994702 -0.001967 -0.102781 83.267273
-0.104834 0.040195 0.993677 51.720112 0.001933 0.999189 -0.040214 -1.834028 -0.994488 -0.002295 -0.104827 83.160545
-0.106697 0.042752 0.993372 52.766499 0.003613 0.999085 -0.042610 -1.888121 -0.994285 -0.000957 -0.106754 83.037666
-0.107724 0.044585 0.993181 53.827736 0.003431 0.999005 -0.044475 -1.945876 -0.994175 -0.001383 -0.107769 82.917526
-0.107791 0.045091 0.993150 54.897903 0.002010 0.998979 -0.045138 -2.008767 -0.994172 -0.002869 -0.107772 82.798981
-0.107766 0.044064 0.993199 55.970127 -0.001309 0.999010 -0.044464 -2.070354 -0.994175 -0.006092 -0.107602 82.680939
-0.107722 0.043580 0.993225 57.040417 -0.004559 0.999007 -0.044329 -2.134789 -0.994171 -0.009303 -0.107417 82.577995
-0.107904 0.044209 0.993178 58.124157 -0.008206 0.998937 -0.045357 -2.197782 -0.994127 -0.013045 -0.107426 82.469193
-0.108249 0.044360 0.993134 59.206375 -0.012400 0.998866 -0.045967 -2.261451 -0.994047 -0.017291 -0.107576 82.348747
-0.108311 0.043492 0.993165 60.298336 -0.015923 0.998838 -0.045477 -2.323844 -0.993989 -0.020740 -0.107493 82.228470
-0.108577 0.038741 0.993333 61.401424 -0.016498 0.999032 -0.040766 -2.378945 -0.993951 -0.020815 -0.107833 82.103836
-0.108888 0.030675 0.993581 62.519016 -0.013665 0.999383 -0.032352 -2.433403 -0.993960 -0.017100 -0.108401 81.963142
-0.108676 0.025279 0.993756 63.636715 -0.007877 0.999623 -0.026289 -2.478571 -0.994046 -0.010684 -0.108436 81.809090
-0.108019 0.026800 0.993788 64.738426 0.000397 0.999638 -0.026915 -2.520033 -0.994149 -0.002513 -0.107991 81.645851
-0.106991 0.031557 0.993759 65.839790 0.006232 0.999498 -0.031068 -2.564288 -0.994240 0.002869 -0.107134 81.501595
-0.106521 0.036967 0.993623 66.939117 0.009311 0.999302 -0.036180 -2.607136 -0.994267 0.005398 -0.106791 81.355209
-0.106119 0.039796 0.993557 68.055878 0.009549 0.999193 -0.039002 -2.680387 -0.994308 0.005348 -0.106413 81.224907
-0.105963 0.038467 0.993626 69.175385 0.007308 0.999255 -0.037906 -2.730589 -0.994343 0.003244 -0.106165 81.092552
-0.105914 0.033744 0.993803 70.304840 0.005600 0.999428 -0.033339 -2.786433 -0.994359 0.002034 -0.106043 80.972214
-0.105298 0.031522 0.993941 71.453209 0.003574 0.999503 -0.031319 -2.840686 -0.994434 0.000254 -0.105358 80.839714
-0.104659 0.032175 0.993988 72.600250 0.001985 0.999481 -0.032144 -2.886485 -0.994506 -0.001391 -0.104668 80.717941
-0.104320 0.036246 0.993883 73.731201 0.001495 0.999340 -0.036288 -2.936980 -0.994543 -0.002300 -0.104305 80.590630
-0.104379 0.039237 0.993763 74.868790 0.002159 0.999228 -0.039226 -2.995105 -0.994535 -0.001949 -0.104383 80.454247
-0.103893 0.037973 0.993863 76.009361 0.000706 0.999273 -0.038106 -3.053905 -0.994588 -0.003257 -0.103844 80.327538
-0.103903 0.031993 0.994073 77.171616 0.002266 0.999488 -0.031930 -3.113068 -0.994585 -0.001065 -0.103922 80.180664
-0.103933 0.029837 0.994137 78.335182 0.002198 0.999554 -0.029770 -3.171324 -0.994582 -0.000909 -0.103952 80.049408
-0.103675 0.032504 0.994080 79.489449 0.000292 0.999467 -0.032650 -3.217823 -0.994611 -0.003094 -0.103629 79.936348
-0.103534 0.035361 0.993997 80.633965 -0.000866 0.999364 -0.035642 -3.265259 -0.994626 -0.004551 -0.103438 79.818329
-0.103228 0.034777 0.994050 81.805405 -0.001788 0.999380 -0.035149 -3.324647 -0.994656 -0.005406 -0.103102 79.697472
-0.103649 0.031740 0.994107 82.984367 -0.002482 0.999479 -0.032171 -3.373895 -0.994611 -0.005802 -0.103517 79.583008
-0.102804 0.030502 0.994234 84.160324 -0.001414 0.999524 -0.030811 -3.427047 -0.994701 -0.004574 -0.102712 79.454826
-0.101840 0.030796 0.994324 85.344498 0.000108 0.999521 -0.030946 -3.480481 -0.994801 -0.003044 -0.101795 79.312660
-0.101090 0.030792 0.994401 86.527458 0.002177 0.999525 -0.030729 -3.534003 -0.994875 -0.000942 -0.101109 79.175652
-0.099973 0.030373 0.994526 87.719360 0.002418 0.999538 -0.030283 -3.587328 -0.994987 -0.000622 -0.100001 79.044716
-0.099235 0.030421 0.994599 88.914017 0.003030 0.999537 -0.030270 -3.638363 -0.995059 0.000010 -0.099281 78.923790
-0.098531 0.028575 0.994724 90.117813 0.003621 0.999591 -0.028356 -3.691922 -0.995127 0.000808 -0.098594 78.794792
-0.098168 0.027813 0.994781 91.321609 0.002162 0.999613 -0.027735 -3.742183 -0.995168 -0.000572 -0.098190 78.668007
-0.097108 0.027414 0.994896 92.535599 0.003136 0.999624 -0.027238 -3.787466 -0.995269 0.000475 -0.097157 78.541252
-0.095046 0.027872 0.995083 93.759850 0.001910 0.999611 -0.027817 -3.838103 -0.995471 -0.000743 -0.095062 78.420479
-0.094142 0.030379 0.995095 94.977974 0.002345 0.999538 -0.030292 -3.886580 -0.995556 -0.000519 -0.094169 78.297997
-0.093125 0.029367 0.995221 96.215485 -0.000667 0.999563 -0.029558 -3.939150 -0.995654 -0.003416 -0.093065 78.177277
-0.092531 0.028005 0.995316 97.452904 -0.003750 0.999588 -0.028474 -3.996291 -0.995703 -0.006367 -0.092388 78.059914
-0.092921 0.028497 0.995266 98.689308 -0.006082 0.999555 -0.029188 -4.050224 -0.995655 -0.008766 -0.092706 77.938148
-0.093664 0.027735 0.995217 99.939148 -0.009350 0.999543 -0.028735 -4.101917 -0.995560 -0.011997 -0.093362 77.820129
-0.094696 0.025435 0.995181 101.194374 -0.012107 0.999570 -0.026699 -4.152986 -0.995433 -0.014577 -0.094347 77.705879
-0.095658 0.023927 0.995127 102.451309 -0.014027 0.999579 -0.025383 -4.203786 -0.995315 -0.016387 -0.095283 77.591789
-0.097533 0.023262 0.994960 103.707596 -0.015609 0.999568 -0.024900 -4.251061 -0.995110 -0.017959 -0.097128 77.472702
-0.099091 0.023548 0.994800 104.969696 -0.015656 0.999559 -0.025221 -4.300007 -0.994955 -0.018074 -0.098679 77.340988
-0.102264 0.021500 0.994525 106.232773 -0.017014 0.999582 -0.023359 -4.357857 -0.994612 -0.019310 -0.101856 77.204651
-0.105396 0.017698 0.994273 107.493706 -0.018654 0.999631 -0.019771 -4.403772 -0.994255 -0.020631 -0.105027 77.078239
-0.109572 0.017028 0.993833 108.746475 -0.019785 0.999618 -0.019308 -4.447308 -0.993782 -0.021779 -0.109194 76.943665
-0.115072 0.021729 0.993119 109.985085 -0.024333 0.999399 -0.024686 -4.498711 -0.993059 -0.027006 -0.114474 76.832298
-0.122891 0.025089 0.992103 111.203598 -0.025294 0.999276 -0.028403 -4.536666 -0.992098 -0.028584 -0.122167 76.687859
-0.132475 0.021523 0.990953 112.451126 -0.024311 0.999393 -0.024956 -4.592868 -0.990888 -0.027397 -0.131871 76.523354
-0.142989 0.018742 0.989547 113.688484 -0.022734 0.999495 -0.022215 -4.641664 -0.989463 -0.025673 -0.142491 76.363579
-0.155525 0.019505 0.987639 114.901604 -0.020939 0.999515 -0.023036 -4.692095 -0.987610 -0.024263 -0.155042 76.186249
-0.169952 0.019325 0.985263 116.120125 -0.020286 0.999527 -0.023104 -4.740036 -0.985243 -0.023913 -0.169480 75.995056
-0.184204 0.017757 0.982728 117.337448 -0.019922 0.999564 -0.021795 -4.778516 -0.982686 -0.023593 -0.183770 75.778320
-0.200369 0.018922 0.979538 118.531975 -0.017120 0.999593 -0.022811 -4.831378 -0.979571 -0.021341 -0.199964 75.534103
-0.215132 0.022253 0.976331 119.704491 -0.016283 0.999520 -0.026370 -4.878021 -0.976449 -0.021571 -0.214666 75.290367
-0.230434 0.025037 0.972766 120.875862 -0.017233 0.999407 -0.029805 -4.932275 -0.972935 -0.023632 -0.229866 75.032318
-0.246725 0.022568 0.968823 122.051712 -0.021929 0.999343 -0.028863 -4.988929 -0.968837 -0.028367 -0.246068 74.764488
-0.262879 0.016349 0.964690 123.233360 -0.028042 0.999305 -0.024577 -5.041242 -0.964421 -0.033513 -0.262238 74.483818
-0.278205 0.012944 0.960435 124.405228 -0.031571 0.999246 -0.022612 -5.082893 -0.960003 -0.036613 -0.277586 74.178146
-0.293314 0.013718 0.955918 125.550270 -0.033855 0.999121 -0.024726 -5.127535 -0.955416 -0.039615 -0.292592 73.852745
-0.307664 0.015631 0.951367 126.690735 -0.033926 0.999049 -0.027386 -5.171143 -0.950890 -0.040702 -0.306842 73.508728
-0.321904 0.017258 0.946615 127.822357 -0.033069 0.999019 -0.029459 -5.222733 -0.946195 -0.040786 -0.321017 73.144897
-0.335794 0.017103 0.941780 128.958725 -0.031382 0.999077 -0.029332 -5.274854 -0.941412 -0.039405 -0.334947 72.759247
-0.349051 0.015008 0.936984 130.084045 -0.031714 0.999110 -0.027817 -5.329614 -0.936567 -0.039425 -0.348264 72.376984
-0.362080 0.013531 0.932049 131.204742 -0.032408 0.999107 -0.027094 -5.383642 -0.931583 -0.040016 -0.361318 71.963539
-0.376355 0.014656 0.926360 132.304962 -0.034110 0.998978 -0.029662 -5.428261 -0.925847 -0.042761 -0.375470 71.549324
-0.391010 0.016463 0.920239 133.389252 -0.033608 0.998918 -0.032150 -5.475688 -0.919773 -0.043499 -0.390034 71.110840
-0.405082 0.017663 0.914110 134.486740 -0.032936 0.998883 -0.033896 -5.527519 -0.913687 -0.043837 -0.404048 70.650856
-0.419269 0.019965 0.907643 135.585175 -0.030876 0.998866 -0.036234 -5.582197 -0.907337 -0.043216 -0.418177 70.157448
-0.433649 0.023325 0.900780 136.648895 -0.030878 0.998693 -0.040725 -5.643343 -0.900553 -0.045475 -0.432362 69.662247
-0.448428 0.024514 0.893483 137.716599 -0.031097 0.998591 -0.043005 -5.702470 -0.893278 -0.047069 -0.447033 69.143944
-0.463426 0.021791 0.885867 138.797333 -0.032636 0.998600 -0.041637 -5.773447 -0.885534 -0.048207 -0.462066 68.607056
-0.478233 0.017334 0.878062 139.874954 -0.035838 0.998587 -0.039232 -5.831794 -0.877502 -0.050230 -0.476936 68.055359
-0.493801 0.017082 0.869407 140.939041 -0.036720 0.998506 -0.040475 -5.893636 -0.868799 -0.051911 -0.492436 67.474922
-0.509703 0.016221 0.860197 141.991013 -0.038315 0.998402 -0.041530 -5.951593 -0.859497 -0.054127 -0.508267 66.881119
-0.525334 0.015340 0.850758 143.044235 -0.039193 0.998340 -0.042203 -6.015859 -0.849993 -0.055515 -0.523861 66.269844
-0.540857 0.014445 0.840990 144.091263 -0.040883 0.998219 -0.043438 -6.081892 -0.840120 -0.057876 -0.539304 65.629799
-0.556073 0.013719 0.831020 145.121704 -0.041585 0.998152 -0.044304 -6.150049 -0.830092 -0.059194 -0.554475 64.968468
-0.571075 0.010869 0.820826 146.162766 -0.042765 0.998161 -0.042970 -6.217991 -0.819783 -0.059642 -0.569560 64.286949
-0.585656 0.007462 0.810526 147.189514 -0.043145 0.998253 -0.040365 -6.282512 -0.809411 -0.058610 -0.584310 63.584671
-0.599961 0.005590 0.800010 148.207352 -0.042857 0.998315 -0.039116 -6.349437 -0.798880 -0.057755 -0.598711 62.852650
-0.614303 0.004473 0.789057 149.204666 -0.043447 0.998275 -0.039483 -6.415428 -0.787873 -0.058537 -0.613049 62.110477
-0.629320 0.004632 0.777133 150.194321 -0.045557 0.998043 -0.042840 -6.484599 -0.775810 -0.062364 -0.627877 61.351841
-0.644190 0.004491 0.764852 151.167557 -0.047737 0.997797 -0.046066 -6.552091 -0.763374 -0.066187 -0.642557 60.575897
-0.659329 0.000385 0.751855 152.141998 -0.051223 0.997653 -0.045430 -6.626014 -0.750108 -0.068465 -0.657762 59.773109
-0.675371 -0.006410 0.737450 153.118164 -0.054749 0.997639 -0.041469 -6.697126 -0.735443 -0.068381 -0.674128 58.940079
-0.691686 -0.009182 0.722140 154.054718 -0.056204 0.997571 -0.041150 -6.763789 -0.720008 -0.069050 -0.690522 58.096081
-0.708679 -0.010796 0.705448 154.992432 -0.057439 0.997447 -0.042438 -6.832140 -0.703189 -0.070595 -0.707490 57.225510
-0.725694 -0.015383 0.687846 155.913940 -0.061588 0.997189 -0.042676 -6.902155 -0.685256 -0.073333 -0.724601 56.338482
-0.742258 -0.016127 0.669920 156.792374 -0.061030 0.997183 -0.043615 -6.960071 -0.667329 -0.073259 -0.741151 55.440216
-0.758258 -0.015449 0.651772 157.651489 -0.060168 0.997111 -0.046363 -7.039328 -0.649173 -0.074371 -0.756997 54.510334
-0.773731 -0.014606 0.633346 158.479111 -0.056755 0.997312 -0.046334 -7.102170 -0.630967 -0.071796 -0.772480 53.547268
-0.788495 -0.014404 0.614873 159.280899 -0.053748 0.997515 -0.045557 -7.186413 -0.612688 -0.068969 -0.787309 52.562153
-0.802893 -0.012540 0.595991 160.057999 -0.051490 0.997501 -0.048378 -7.260795 -0.593895 -0.069530 -0.801532 51.558681
-0.817229 -0.011424 0.576199 160.820023 -0.051057 0.997307 -0.052642 -7.342727 -0.574047 -0.072439 -0.815612 50.561298
-0.830437 -0.011159 0.557001 161.562653 -0.049213 0.997360 -0.053391 -7.418122 -0.554935 -0.071749 -0.828794 49.530163
-0.842192 -0.012200 0.539040 162.284225 -0.047511 0.997534 -0.051654 -7.508989 -0.537080 -0.069113 -0.840695 48.467991
-0.852787 -0.010764 0.522148 162.974503 -0.045521 0.997515 -0.053783 -7.585214 -0.520271 -0.069634 -0.851157 47.380127
-0.863049 -0.007393 0.505065 163.630310 -0.042153 0.997459 -0.057430 -7.674919 -0.503357 -0.070855 -0.861168 46.305695
-0.872183 -0.009501 0.489088 164.285507 -0.043965 0.997288 -0.059029 -7.765561 -0.487201 -0.072987 -0.870235 45.198357
-0.880467 -0.011740 0.473962 164.915527 -0.045188 0.997220 -0.059244 -7.848887 -0.471949 -0.073580 -0.878550 44.075672
-0.887653 -0.014256 0.460292 165.531876 -0.046703 0.997154 -0.059182 -7.942154 -0.458138 -0.074030 -0.885793 42.946739
-0.894446 -0.015062 0.446922 166.110397 -0.046406 0.997163 -0.059269 -8.031754 -0.444762 -0.073753 -0.892607 41.834248
-0.900714 -0.017783 0.434049 166.694366 -0.047911 0.997133 -0.058569 -8.122922 -0.431763 -0.073549 -0.898983 40.709267
-0.906372 -0.021684 0.421923 167.266769 -0.049758 0.997210 -0.055641 -8.210442 -0.419539 -0.071425 -0.904923 39.563156
-0.911470 -0.025581 0.410570 167.831238 -0.051586 0.997294 -0.052385 -8.296962 -0.408119 -0.068927 -0.910323 38.401054
-0.916260 -0.024844 0.399814 168.356812 -0.049046 0.997523 -0.050415 -8.370605 -0.397571 -0.065802 -0.915209 37.236549
-0.919955 -0.021466 0.391435 168.849670 -0.045032 0.997677 -0.051123 -8.456535 -0.389428 -0.064658 -0.918785 36.068985
-0.922438 -0.016095 0.385809 169.326416 -0.039667 0.997795 -0.053215 -8.537150 -0.384102 -0.064391 -0.921043 34.886196
-0.924693 -0.013762 0.380465 169.809784 -0.037192 0.997832 -0.054297 -8.625450 -0.378893 -0.064358 -0.923200 33.720905
-0.926477 -0.016059 0.376009 170.306656 -0.038893 0.997825 -0.053216 -8.725386 -0.374337 -0.063927 -0.925086 32.544518
-0.928231 -0.023513 0.371260 170.817108 -0.045124 0.997748 -0.049630 -8.813275 -0.369256 -0.062820 -0.927202 31.352722
-0.929969 -0.029152 0.366481 171.321121 -0.050051 0.997609 -0.047653 -8.896970 -0.364215 -0.062659 -0.929205 30.165291
-0.931560 -0.035219 0.361878 171.810379 -0.056531 0.997224 -0.048469 -8.971833 -0.359166 -0.065609 -0.930965 28.995478
-0.932831 -0.037797 0.358327 172.282730 -0.060077 0.996877 -0.051245 -9.044526 -0.355271 -0.069330 -0.932189 27.817745
-0.933551 -0.037919 0.356432 172.749466 -0.060857 0.996719 -0.053358 -9.121173 -0.353240 -0.071503 -0.932796 26.626436
-0.933742 -0.036819 0.356048 173.217453 -0.060402 0.996639 -0.055342 -9.206632 -0.352814 -0.073181 -0.932827 25.437916
-0.933921 -0.034604 0.355800 173.676178 -0.058623 0.996655 -0.056945 -9.294722 -0.352640 -0.074040 -0.932826 24.238676
-0.933493 -0.033255 0.357051 174.143448 -0.057891 0.996606 -0.058532 -9.383422 -0.353892 -0.075310 -0.932249 23.039919
-0.933000 -0.031971 0.358453 174.607407 -0.056986 0.996604 -0.059438 -9.477348 -0.355335 -0.075883 -0.931654 21.836941
-0.932189 -0.030854 0.360656 175.059616 -0.056022 0.996653 -0.059536 -9.569822 -0.357612 -0.075704 -0.930797 20.635641
-0.931123 -0.030790 0.363404 175.530762 -0.056027 0.996678 -0.059109 -9.669561 -0.360377 -0.075398 -0.929755 19.436253
-0.929842 -0.031604 0.366598 176.011337 -0.057124 0.996624 -0.058972 -9.761068 -0.363497 -0.075776 -0.928509 18.249550
-0.928434 -0.033500 0.369985 176.494095 -0.058591 0.996666 -0.056784 -9.855072 -0.366849 -0.074398 -0.927301 17.093420
-0.926688 -0.035718 0.374131 176.974136 -0.059891 0.996787 -0.053182 -9.945104 -0.371029 -0.071690 -0.925850 15.925833
-0.924918 -0.036876 0.378373 177.471664 -0.060352 0.996905 -0.050372 -10.022473 -0.375344 -0.069426 -0.924282 14.777240
-0.922381 -0.035206 0.384673 177.949982 -0.058540 0.997076 -0.049116 -10.107507 -0.381819 -0.067822 -0.921745 13.598012
-0.919698 -0.033629 0.391184 178.428955 -0.057263 0.997161 -0.048906 -10.179804 -0.388429 -0.067379 -0.919012 12.483155
-0.915868 -0.032239 0.400184 178.904022 -0.056863 0.997139 -0.049807 -10.260849 -0.397433 -0.068373 -0.915080 11.339554
-0.911551 -0.030160 0.410079 179.408707 -0.055397 0.997222 -0.049800 -10.340178 -0.407437 -0.068112 -0.910690 10.178216
-0.907024 -0.028243 0.420131 179.919174 -0.054125 0.997291 -0.049807 -10.418481 -0.417586 -0.067916 -0.906096 9.044376
-0.902053 -0.026471 0.430813 180.438644 -0.053487 0.997280 -0.050716 -10.496868 -0.428298 -0.068792 -0.901015 7.936909
-0.896490 -0.024076 0.442410 180.981415 -0.051605 0.997400 -0.050293 -10.576627 -0.440049 -0.067918 -0.895402 6.826040
-0.890407 -0.023449 0.454561 181.559982 -0.050504 0.997595 -0.047467 -10.645979 -0.452355 -0.065222 -0.889450 5.682482
-0.884648 -0.021245 0.465775 182.129257 -0.048334 0.997758 -0.046291 -10.730127 -0.463747 -0.063464 -0.883692 4.559993
-0.878464 -0.019562 0.477408 182.704041 -0.046902 0.997867 -0.045415 -10.801841 -0.475501 -0.062287 -0.877508 3.447558
-0.871300 -0.017725 0.490431 183.295441 -0.044368 0.998100 -0.042751 -10.878806 -0.488741 -0.059009 -0.870431 2.333177
-0.863438 -0.016625 0.504181 183.896347 -0.042310 0.998322 -0.039539 -10.953926 -0.502678 -0.055471 -0.862692 1.214722
-0.855476 -0.013910 0.517656 184.521774 -0.038632 0.998568 -0.037011 -11.030248 -0.516399 -0.051660 -0.854788 0.116110
-0.846473 -0.010932 0.532320 185.153885 -0.035072 0.998763 -0.035259 -11.099766 -0.531276 -0.048516 -0.845809 -0.959432
-0.836209 -0.008656 0.548342 185.798004 -0.032218 0.998924 -0.033363 -11.170103 -0.547463 -0.045565 -0.835588 -2.014071
-0.825982 -0.004521 0.563678 186.468826 -0.027387 0.999109 -0.032119 -11.221849 -0.563030 -0.041967 -0.825370 -3.034216
-0.814640 -0.002690 0.579960 187.156586 -0.025345 0.999199 -0.030967 -11.282262 -0.579413 -0.039926 -0.814056 -4.064920
-0.802903 -0.000675 0.596110 187.862228 -0.023400 0.999264 -0.030387 -11.343647 -0.595651 -0.038347 -0.802328 -5.086669
-0.790122 0.000145 0.612950 188.595535 -0.022940 0.999292 -0.029807 -11.405283 -0.612521 -0.037612 -0.789559 -6.120339
-0.776926 0.000724 0.629592 189.346664 -0.021326 0.999395 -0.027465 -11.469191 -0.629231 -0.034765 -0.776440 -7.088119
-0.762627 0.001908 0.646836 190.107620 -0.018862 0.999505 -0.025187 -11.529243 -0.646563 -0.031409 -0.762213 -8.032398
-0.746825 0.004976 0.665003 190.872620 -0.015936 0.999551 -0.025376 -11.582627 -0.664830 -0.029548 -0.746410 -8.949589
-0.730297 0.008166 0.683081 191.666077 -0.014016 0.999539 -0.026934 -11.636333 -0.682986 -0.029243 -0.729846 -9.850513
-0.713062 0.008947 0.701044 192.474960 -0.014064 0.999535 -0.027061 -11.689925 -0.700960 -0.029155 -0.712604 -10.723944
-0.694343 0.009355 0.719583 193.305527 -0.013968 0.999552 -0.026473 -11.742928 -0.719509 -0.028433 -0.693901 -11.586177
-0.675050 0.009437 0.737712 194.155762 -0.014058 0.999572 -0.025651 -11.793152 -0.737638 -0.027686 -0.674628 -12.398447
-0.655243 0.009299 0.755361 195.029510 -0.015810 0.999536 -0.026019 -11.851377 -0.755253 -0.028991 -0.654792 -13.188312
-0.634618 0.009282 0.772770 195.937561 -0.017536 0.999497 -0.026406 -11.899077 -0.772627 -0.030309 -0.634137 -13.965546
-0.613607 0.009558 0.789554 196.845932 -0.017850 0.999503 -0.025971 -11.945832 -0.789410 -0.030029 -0.613132 -14.706401
-0.590964 0.009441 0.806642 197.784821 -0.017183 0.999557 -0.024288 -11.996003 -0.806515 -0.028214 -0.590541 -15.443790
-0.566980 0.010452 0.823665 198.752686 -0.016176 0.999585 -0.023819 -12.041321 -0.823573 -0.026828 -0.566576 -16.163725
-0.541765 0.013349 0.840424 199.715271 -0.013837 0.999597 -0.024796 -12.086277 -0.840416 -0.025062 -0.541362 -16.844797
-0.514950 0.014721 0.857094 200.720261 -0.012121 0.999628 -0.024452 -12.135567 -0.857135 -0.022980 -0.514580 -17.494364
-0.487756 0.013712 0.872872 201.734726 -0.013298 0.999644 -0.023134 -12.181541 -0.872878 -0.022891 -0.487400 -18.098766
-0.459230 0.011832 0.888239 202.777222 -0.014030 0.999690 -0.020570 -12.229178 -0.888207 -0.021908 -0.458921 -18.684612
-0.429455 0.012255 0.903005 203.835938 -0.013137 0.999717 -0.019816 -12.274961 -0.902993 -0.020373 -0.429172 -19.242889
-0.398182 0.014556 0.917191 204.907043 -0.012135 0.999703 -0.021134 -12.318102 -0.917226 -0.019545 -0.397887 -19.758121
-0.365976 0.016464 0.930479 205.996399 -0.010519 0.999706 -0.021826 -12.360172 -0.930565 -0.017776 -0.365695 -20.249851
-0.333669 0.017407 0.942530 207.118179 -0.008366 0.999735 -0.021425 -12.403693 -0.942653 -0.015034 -0.333435 -20.699688
-0.300554 0.017173 0.953610 208.238693 -0.007480 0.999765 -0.020362 -12.449846 -0.953735 -0.013253 -0.300355 -21.102064
-0.267045 0.016975 0.963535 209.374298 -0.005272 0.999804 -0.019075 -12.489611 -0.963670 -0.010174 -0.266903 -21.461399
-0.231623 0.015572 0.972681 210.527954 -0.004396 0.999845 -0.017054 -12.528989 -0.972796 -0.008226 -0.231519 -21.786507
-0.197034 0.014592 0.980288 211.675659 -0.002502 0.999879 -0.015386 -12.564790 -0.980393 -0.005484 -0.196974 -22.067455
-0.161903 0.014438 0.986701 212.814438 -0.000540 0.999892 -0.014720 -12.602055 -0.986807 -0.002916 -0.161878 -22.296293
-0.126566 0.014565 0.991851 213.975754 0.001349 0.999894 -0.014511 -12.636667 -0.991957 -0.000499 -0.126573 -22.498041
-0.090794 0.014729 0.995761 215.138382 0.002085 0.999891 -0.014600 -12.676726 -0.995867 0.000751 -0.090815 -22.648613
-0.055175 0.015703 0.998353 216.305283 0.001559 0.999876 -0.015641 -12.715821 -0.998475 0.000693 -0.055193 -22.753073
-0.021070 0.016391 0.999644 217.463898 0.002444 0.999863 -0.016343 -12.747542 -0.999775 0.002099 -0.021107 -22.807444
0.011988 0.016149 0.999798 218.632507 0.002107 0.999867 -0.016175 -12.782548 -0.999926 0.002300 0.011952 -22.823233
0.044601 0.016773 0.998864 219.795898 0.002111 0.999855 -0.016884 -12.818988 -0.999003 0.002861 0.044559 -22.798290
0.077285 0.017267 0.996860 220.970444 0.003974 0.999837 -0.017627 -12.853923 -0.997001 0.005324 0.077203 -22.746021
0.109222 0.016385 0.993882 222.154999 0.005314 0.999840 -0.017068 -12.887473 -0.994003 0.007146 0.109117 -22.653728
0.140096 0.015365 0.990019 223.336914 0.007288 0.999837 -0.016549 -12.930008 -0.990111 0.009534 0.139961 -22.532650
0.170549 0.015973 0.985220 224.508850 0.008577 0.999807 -0.017695 -12.968696 -0.985312 0.011469 0.170379 -22.373638
0.200390 0.016521 0.979577 225.676224 0.010505 0.999764 -0.019010 -13.009062 -0.979660 0.014100 0.200169 -22.183176
0.230395 0.016324 0.972960 226.846893 0.013348 0.999712 -0.019934 -13.044238 -0.973006 0.017579 0.230111 -21.952545
0.260176 0.015268 0.965441 228.002396 0.016688 0.999655 -0.020306 -13.084543 -0.965417 0.021394 0.259831 -21.691248
0.289668 0.014704 0.957014 229.159515 0.019427 0.999586 -0.021238 -13.126282 -0.956930 0.024744 0.289262 -21.384878
0.318753 0.014588 0.947726 230.299881 0.022439 0.999485 -0.022932 -13.175953 -0.947572 0.028576 0.318261 -21.043322
0.346747 0.014409 0.937848 231.416870 0.023618 0.999431 -0.024087 -13.220427 -0.937661 0.030502 0.346209 -20.664665
0.374855 0.013200 0.926989 232.531128 0.025558 0.999371 -0.024566 -13.266901 -0.926731 0.032901 0.374282 -20.253458
0.402208 0.012389 0.915465 233.639343 0.027051 0.999311 -0.025408 -13.308086 -0.915149 0.034983 0.401596 -19.803204
0.430186 0.013169 0.902644 234.729034 0.029811 0.999141 -0.028784 -13.354043 -0.902248 0.039291 0.429424 -19.331364
0.457880 0.014545 0.888895 235.808441 0.032146 0.998941 -0.032904 -13.402799 -0.888433 0.043641 0.456928 -18.827818
0.485257 0.013898 0.874261 236.859756 0.033359 0.998851 -0.034394 -13.454292 -0.873735 0.045855 0.484236 -18.307158
0.511814 0.012269 0.859009 237.913773 0.034205 0.998814 -0.034647 -13.512609 -0.858415 0.047115 0.510787 -17.727953
0.537138 0.010292 0.843432 238.939713 0.034381 0.998827 -0.034084 -13.575325 -0.842794 0.047305 0.536154 -17.116055
0.560307 0.010606 0.828217 239.943787 0.033543 0.998807 -0.035484 -13.637653 -0.827606 0.047663 0.559283 -16.480864
0.581310 0.010875 0.813610 240.933640 0.032863 0.998781 -0.036830 -13.696669 -0.813018 0.048147 0.580244 -15.813745
0.600655 0.010250 0.799443 241.917175 0.032817 0.998759 -0.037462 -13.756610 -0.798835 0.048737 0.599573 -15.105762
0.618654 0.007948 0.785623 242.890594 0.033261 0.998787 -0.036297 -13.817907 -0.784959 0.048586 0.617640 -14.372725
0.635779 0.005055 0.771855 243.853729 0.034232 0.998810 -0.034737 -13.881144 -0.771112 0.048507 0.634849 -13.629463
0.651236 0.002712 0.758871 244.795807 0.035792 0.998771 -0.034285 -13.941814 -0.758031 0.049489 0.650338 -12.864099
0.665803 0.001041 0.746127 245.719772 0.037602 0.998681 -0.034948 -14.000274 -0.745179 0.051324 0.664886 -12.081000
0.679975 0.000804 0.733235 246.628601 0.037716 0.998637 -0.036072 -14.062167 -0.732265 0.052182 0.679018 -11.270146
0.694052 0.000230 0.719925 247.527390 0.037921 0.998600 -0.036878 -14.121319 -0.718926 0.052895 0.693072 -10.439939
0.708186 -0.001188 0.706025 248.410812 0.037613 0.998642 -0.036048 -14.179951 -0.705023 0.052084 0.707269 -9.580641
0.722068 -0.003783 0.691811 249.287811 0.038095 0.998685 -0.034300 -14.243323 -0.690772 0.051122 0.721263 -8.702013
0.735767 -0.005163 0.677215 250.138855 0.038558 0.998668 -0.034278 -14.302928 -0.676136 0.051333 0.734987 -7.813959
0.748965 -0.005604 0.662586 250.970215 0.039223 0.998586 -0.035890 -14.366853 -0.661448 0.052869 0.748125 -6.914711
0.760746 -0.006171 0.649020 251.784424 0.039753 0.998520 -0.037102 -14.428472 -0.647831 0.054026 0.759866 -5.992368
0.771953 -0.006445 0.635647 252.600098 0.039203 0.998528 -0.037485 -14.491985 -0.634469 0.053856 0.771070 -5.037798
0.783088 -0.008479 0.621853 253.399734 0.039707 0.998549 -0.036386 -14.549809 -0.620642 0.053185 0.782289 -4.076076
0.793487 -0.010452 0.608498 254.189362 0.040888 0.998509 -0.036168 -14.616051 -0.607212 0.053579 0.792731 -3.099989
0.803373 -0.011602 0.595363 254.956787 0.041682 0.998453 -0.036788 -14.686910 -0.594015 0.054370 0.802614 -2.114441
0.812264 -0.013557 0.583132 255.714523 0.045072 0.998200 -0.039574 -14.742571 -0.581546 0.058428 0.811413 -1.113046
0.820842 -0.015636 0.570941 256.457581 0.046217 0.998165 -0.039110 -14.808626 -0.569282 0.058490 0.820059 -0.094358
0.828656 -0.018865 0.559439 257.194366 0.049027 0.998037 -0.038964 -14.872423 -0.557606 0.059716 0.827955 0.950396
0.835707 -0.020399 0.548796 257.921692 0.050552 0.997925 -0.039887 -14.938219 -0.546844 0.061077 0.835004 2.001574
0.841358 -0.021420 0.540053 258.638855 0.050785 0.997927 -0.039538 -15.008172 -0.538087 0.060692 0.840702 3.080123
0.845843 -0.022644 0.532951 259.352264 0.050857 0.997971 -0.038312 -15.075513 -0.531002 0.059511 0.845278 4.185643
0.848892 -0.024184 0.528013 260.061371 0.051547 0.997979 -0.037162 -15.144318 -0.526047 0.058764 0.848423 5.295474
0.851743 -0.024970 0.523365 260.775635 0.051934 0.997968 -0.036906 -15.211631 -0.521380 0.058615 0.851309 6.429078
0.854048 -0.025683 0.519559 261.470978 0.052142 0.997977 -0.036379 -15.272562 -0.517574 0.058161 0.853660 7.551080
0.856247 -0.027132 0.515854 262.166840 0.052674 0.998000 -0.034941 -15.335620 -0.513874 0.057090 0.855964 8.674249
0.858445 -0.029105 0.512079 262.866791 0.054254 0.997940 -0.034230 -15.398192 -0.510028 0.057167 0.858256 9.807426
0.860509 -0.029973 0.508554 263.555603 0.055255 0.997870 -0.034682 -15.463059 -0.506431 0.057945 0.860332 10.927951
0.862699 -0.031157 0.504757 264.243195 0.055904 0.997859 -0.033952 -15.528066 -0.502619 0.057508 0.862593 12.062878
0.864829 -0.030441 0.501142 264.923370 0.054716 0.997929 -0.033808 -15.595805 -0.499075 0.056659 0.864704 13.207483
0.867051 -0.030882 0.497262 265.609253 0.054723 0.997941 -0.033442 -15.664796 -0.495206 0.056208 0.866956 14.361404
0.868942 -0.030774 0.493956 266.295776 0.054275 0.997970 -0.033304 -15.734789 -0.491929 0.055749 0.868849 15.530807
