1.000000 0.000000 0.000000 0.000000 0.000000 1.000000 0.000000 0.000000 0.000000 0.000000 1.000000 0.000000
1.000000 -0.000523 -0.000158 0.008900 0.000523 0.999999 0.001521 -0.025916 0.000157 -0.001521 0.999999 1.318586
0.999998 -0.001895 -0.000632 0.019533 0.001897 0.999996 0.001910 -0.050567 0.000628 -0.001911 0.999998 2.638277
0.999995 -0.002880 -0.000943 0.019169 0.002881 0.999995 0.000962 -0.078736 0.000940 -0.000965 0.999999 3.963402
0.999996 -0.002791 -0.000953 0.018422 0.002792 0.999996 0.001077 -0.105395 0.000950 -0.001080 0.999999 5.270349
0.999995 -0.002987 -0.001064 0.011477 0.002988 0.999994 0.001601 -0.125563 0.001059 -0.001604 0.999998 6.601431
0.999991 -0.004221 -0.000802 0.009914 0.004224 0.999987 0.002763 -0.153302 0.000791 -0.002766 0.999996 7.926440
0.999992 -0.003793 -0.001253 0.006998 0.003797 0.999988 0.003211 -0.177649 0.001241 -0.003215 0.999994 9.254688
0.999994 -0.003142 -0.001696 -0.005929 0.003145 0.999993 0.001970 -0.206565 0.001690 -0.001976 0.999997 10.580031
0.999999 -0.000477 -0.001578 -0.006411 0.000478 1.000000 0.000348 -0.234736 0.001577 -0.000349 0.999999 11.900344
0.999996 0.002520 -0.001543 -0.027329 -0.002520 0.999997 -0.000326 -0.267145 0.001542 0.000330 0.999999 13.236562
0.999986 0.004940 -0.001642 -0.047067 -0.004941 0.999988 -0.000380 -0.291887 0.001640 0.000388 0.999999 14.577394
0.999981 0.005934 -0.001594 -0.061908 -0.005933 0.999982 0.000386 -0.318391 0.001597 -0.000377 0.999999 15.924773
0.999991 0.003936 -0.001302 -0.060528 -0.003932 0.999989 0.002597 -0.340689 0.001312 -0.002592 0.999996 17.285889
0.999999 0.000046 -0.001391 -0.057069 -0.000039 0.999989 0.004701 -0.366045 0.001391 -0.004700 0.999988 18.654982
0.999996 -0.002070 -0.001922 -0.054140 0.002076 0.999993 0.003256 -0.397012 0.001915 -0.003260 0.999993 20.011229
0.999992 -0.003313 -0.002264 -0.059964 0.003316 0.999993 0.001479 -0.419457 0.002259 -0.001486 0.999996 21.367195
0.999998 -0.001319 -0.001621 -0.072746 0.001321 0.999999 0.001062 -0.467066 0.001619 -0.001064 0.999998 22.732336
0.999998 0.001601 -0.001212 -0.087532 -0.001598 0.999996 0.002330 -0.485034 0.001216 -0.002328 0.999997 24.107145
0.999997 0.002435 -0.000946 -0.093783 -0.002429 0.999980 0.005892 -0.508931 0.000960 -0.005889 0.999982 25.506781
0.999999 0.000069 -0.001120 -0.087469 -0.000061 0.999974 0.007213 -0.518420 0.001121 -0.007212 0.999973 26.898703
0.999993 -0.003292 -0.001595 -0.078181 0.003303 0.999974 0.006399 -0.546733 0.001574 -0.006404 0.999978 28.275084
0.999990 -0.004289 -0.001524 -0.089046 0.004295 0.999983 0.004059 -0.560838 0.001507 -0.004065 0.999991 29.653645
0.999990 -0.004405 -0.000815 -0.099971 0.004407 0.999987 0.002592 -0.591884 0.000804 -0.002596 0.999996 31.029840
0.999998 -0.002089 -0.000235 -0.123743 0.002089 0.999997 0.001538 -0.612683 0.000232 -0.001538 0.999999 32.411858
0.999999 -0.000912 0.000467 -0.133770 0.000913 1.000000 -0.000081 -0.638381 -0.000466 0.000081 1.000000 33.794643
1.000000 -0.000363 0.000378 -0.146876 0.000363 1.000000 0.000324 -0.663838 -0.000378 -0.000324 1.000000 35.194511
1.000000 -0.000319 0.000186 -0.146679 0.000319 0.999999 0.001242 -0.692602 -0.000186 -0.001242 0.999999 36.583942
1.000000 0.000546 -0.000059 -0.161787 -0.000546 0.999996 0.002635 -0.715073 0.000060 -0.002635 0.999997 37.981110
0.999997 0.002207 -0.000309 -0.177691 -0.002207 0.999995 0.002469 -0.736986 0.000315 -0.002468 0.999997 39.382805
0.999991 0.004344 -0.000323 -0.201125 -0.004343 0.999988 0.002113 -0.762938 0.000332 -0.002112 0.999998 40.793709
0.999982 0.006068 -0.000391 -0.224901 -0.006068 0.999979 0.002086 -0.782475 0.000403 -0.002084 0.999998 42.194653
0.999977 0.006799 -0.000681 -0.242801 -0.006797 0.999975 0.002092 -0.807267 0.000695 -0.002087 0.999998 43.599701
0.999982 0.005894 -0.001276 -0.252877 -0.005892 0.999980 0.002183 -0.830959 0.001289 -0.002176 0.999997 45.003216
0.999984 0.005235 -0.001943 -0.261671 -0.005232 0.999985 0.001633 -0.856211 0.001952 -0.001623 0.999997 46.414864
0.999983 0.005040 -0.003002 -0.273376 -0.005035 0.999986 0.001888 -0.884789 0.003011 -0.001872 0.999994 47.840153
0.999982 0.004645 -0.003814 -0.292634 -0.004635 0.999985 0.002767 -0.908299 0.003827 -0.002750 0.999989 49.261600
0.999976 0.004799 -0.004993 -0.310881 -0.004786 0.999985 0.002603 -0.935223 0.005005 -0.002579 0.999984 50.683983
0.999967 0.004790 -0.006597 -0.323797 -0.004773 0.999985 0.002529 -0.959390 0.006609 -0.002498 0.999975 52.119728
0.999958 0.004499 -0.007998 -0.336479 -0.004473 0.999985 0.003186 -0.982069 0.008012 -0.003150 0.999963 53.545353
0.999954 0.003293 -0.009011 -0.352206 -0.003255 0.999986 0.004221 -1.003810 0.009025 -0.004191 0.999950 54.982159
0.999950 0.001030 -0.009927 -0.368480 -0.000985 0.999989 0.004545 -1.024041 0.009932 -0.004535 0.999940 56.411095
0.999938 -0.001671 -0.010992 -0.379775 0.001714 0.999991 0.003940 -1.041014 0.010985 -0.003958 0.999932 57.859138
0.999937 -0.002504 -0.010936 -0.401482 0.002548 0.999989 0.004055 -1.063689 0.010925 -0.004083 0.999932 59.295719
0.999938 -0.003742 -0.010447 -0.416567 0.003790 0.999982 0.004560 -1.086409 0.010430 -0.004599 0.999935 60.726532
0.999931 -0.005361 -0.010417 -0.431326 0.005414 0.999973 0.005001 -1.105408 0.010390 -0.005057 0.999933 62.167309
0.999931 -0.006466 -0.009765 -0.449546 0.006511 0.999968 0.004669 -1.129035 0.009734 -0.004733 0.999941 63.590630
0.999922 -0.007843 -0.009685 -0.464682 0.007878 0.999962 0.003629 -1.148913 0.009656 -0.003705 0.999947 65.042915
0.999923 -0.008252 -0.009276 -0.483663 0.008283 0.999960 0.003232 -1.175979 0.009249 -0.003309 0.999952 66.480377
0.999933 -0.007746 -0.008644 -0.510933 0.007773 0.999965 0.003180 -1.198037 0.008620 -0.003246 0.999958 67.898392
0.999950 -0.005736 -0.008222 -0.537076 0.005769 0.999976 0.003969 -1.221167 0.008199 -0.004016 0.999958 69.338882
0.999961 -0.003320 -0.008144 -0.570065 0.003359 0.999983 0.004774 -1.242732 0.008128 -0.004801 0.999955 70.767258
0.999973 -0.000511 -0.007382 -0.599780 0.000550 0.999986 0.005289 -1.268761 0.007379 -0.005293 0.999959 72.180252
0.999974 0.002179 -0.006835 -0.638257 -0.002147 0.999987 0.004698 -1.289818 0.006845 -0.004683 0.999966 73.608376
0.999970 0.004686 -0.006173 -0.670341 -0.004662 0.999982 0.003886 -1.311057 0.006191 -0.003858 0.999973 75.043381
0.999968 0.005780 -0.005484 -0.695356 -0.005761 0.999977 0.003515 -1.333576 0.005504 -0.003483 0.999979 76.460960
0.999969 0.006161 -0.004996 -0.721226 -0.006143 0.999974 0.003791 -1.358773 0.005020 -0.003760 0.999980 77.877365
0.999974 0.005225 -0.005035 -0.734912 -0.005208 0.999981 0.003379 -1.380450 0.005053 -0.003353 0.999982 79.280540
0.999982 0.003580 -0.004839 -0.745478 -0.003569 0.999991 0.002286 -1.406366 0.004848 -0.002269 0.999986 80.661049
0.999982 0.002960 -0.005290 -0.760008 -0.002951 0.999994 0.001557 -1.431163 0.005295 -0.001541 0.999985 82.060883
0.999979 0.002928 -0.005707 -0.772736 -0.002919 0.999994 0.001596 -1.458257 0.005712 -0.001580 0.999982 83.461342
0.999974 0.002643 -0.006739 -0.785860 -0.002635 0.999996 0.001152 -1.488103 0.006742 -0.001134 0.999977 84.857048
0.999964 0.003239 -0.007881 -0.800651 -0.003229 0.999994 0.001272 -1.513674 0.007885 -0.001247 0.999968 86.244743
0.999957 0.002798 -0.008817 -0.821382 -0.002786 0.999995 0.001410 -1.540271 0.008821 -0.001386 0.999960 87.635231
0.999948 0.001061 -0.010125 -0.838614 -0.001041 0.999998 0.001964 -1.562915 0.010127 -0.001953 0.999947 89.027008
0.999933 -0.000969 -0.011504 -0.851270 0.000995 0.999997 0.002259 -1.586283 0.011502 -0.002270 0.999931 90.397240
0.999912 -0.003274 -0.012877 -0.871077 0.003303 0.999992 0.002181 -1.609372 0.012870 -0.002223 0.999915 91.768456
0.999895 -0.005032 -0.013620 -0.891277 0.005056 0.999986 0.001673 -1.634000 0.013612 -0.001742 0.999906 93.132393
0.999882 -0.005927 -0.014199 -0.916082 0.005946 0.999981 0.001288 -1.661108 0.014191 -0.001372 0.999898 94.486786
0.999875 -0.005585 -0.014802 -0.950240 0.005597 0.999984 0.000763 -1.688184 0.014798 -0.000846 0.999890 95.844612
0.999872 -0.005820 -0.014896 -0.979050 0.005826 0.999983 0.000355 -1.712851 0.014893 -0.000442 0.999889 97.200729
0.999879 -0.005004 -0.014699 -1.011568 0.004999 0.999987 -0.000332 -1.744321 0.014700 0.000258 0.999892 98.537544
0.999885 -0.004707 -0.014403 -1.043391 0.004705 0.999989 -0.000174 -1.769793 0.014404 0.000106 0.999896 99.869736
0.999891 -0.004347 -0.014098 -1.078547 0.004355 0.999990 0.000534 -1.797188 0.014095 -0.000596 0.999900 101.220413
0.999889 -0.003683 -0.014447 -1.111373 0.003704 0.999992 0.001378 -1.822317 0.014442 -0.001432 0.999895 102.561020
0.999881 -0.005048 -0.014574 -1.139493 0.005052 0.999987 0.000261 -1.851263 0.014573 -0.000334 0.999894 103.896332
0.999886 -0.005570 -0.014027 -1.164134 0.005537 0.999982 -0.002390 -1.876371 0.014040 0.002312 0.999899 105.222748
0.999879 -0.006206 -0.014287 -1.193179 0.006153 0.999974 -0.003750 -1.904157 0.014310 0.003662 0.999891 106.535500
0.999868 -0.007791 -0.014272 -1.213367 0.007741 0.999964 -0.003513 -1.932072 0.014299 0.003402 0.999892 107.858459
0.999855 -0.009965 -0.013809 -1.229149 0.009934 0.999948 -0.002282 -1.961709 0.013832 0.002145 0.999902 109.199905
0.999852 -0.011182 -0.013053 -1.252704 0.011157 0.999936 -0.001990 -1.995064 0.013075 0.001844 0.999913 110.542557
0.999857 -0.011821 -0.012053 -1.269192 0.011785 0.999926 -0.003058 -2.025138 0.012088 0.002915 0.999923 111.874565
0.999881 -0.009845 -0.011915 -1.299988 0.009784 0.999939 -0.005118 -2.061642 0.011965 0.005001 0.999916 113.206734
0.999909 -0.007894 -0.010899 -1.327768 0.007819 0.999945 -0.006943 -2.099051 0.010953 0.006857 0.999916 114.547768
0.999944 -0.004565 -0.009524 -1.362773 0.004496 0.999964 -0.007221 -2.137413 0.009556 0.007178 0.999929 115.883774
0.999960 -0.002704 -0.008571 -1.388186 0.002653 0.999979 -0.005900 -2.176548 0.008587 0.005877 0.999946 117.241158
0.999966 -0.002477 -0.007853 -1.407624 0.002442 0.999987 -0.004430 -2.209676 0.007864 0.004411 0.999959 118.593674
0.999970 -0.002683 -0.007240 -1.428735 0.002653 0.999988 -0.004127 -2.247300 0.007251 0.004107 0.999965 119.946808
0.999974 -0.002162 -0.006841 -1.447705 0.002129 0.999986 -0.004795 -2.282547 0.006851 0.004780 0.999965 121.285484
0.999984 -0.000088 -0.005680 -1.472910 0.000057 0.999985 -0.005422 -2.321016 0.005681 0.005422 0.999969 122.629707
0.999988 0.001671 -0.004531 -1.493643 -0.001697 0.999982 -0.005780 -2.359821 0.004521 0.005787 0.999973 123.970978
0.999990 0.001899 -0.003943 -1.513585 -0.001925 0.999977 -0.006577 -2.399547 0.003931 0.006584 0.999971 125.312683
0.999991 0.002725 -0.003290 -1.528819 -0.002749 0.999969 -0.007398 -2.437254 0.003269 0.007407 0.999967 126.649620
0.999993 0.002954 -0.002189 -1.542832 -0.002970 0.999967 -0.007608 -2.475070 0.002167 0.007614 0.999969 127.998428
0.999995 0.002819 -0.001535 -1.559138 -0.002830 0.999972 -0.006959 -2.512988 0.001515 0.006963 0.999975 129.349503
0.999996 0.002660 -0.000926 -1.567720 -0.002666 0.999977 -0.006247 -2.549904 0.000909 0.006249 0.999980 130.704849
0.999999 0.001648 -0.000545 -1.574064 -0.001651 0.999980 -0.006056 -2.588791 0.000535 0.006057 0.999982 132.048645
1.000000 -0.000055 -0.000513 -1.575843 0.000052 0.999980 -0.006302 -2.625262 0.000514 0.006302 0.999980 133.405319
0.999999 -0.000947 -0.000959 -1.580453 0.000942 0.999984 -0.005577 -2.664636 0.000965 0.005576 0.999984 134.758591
0.999998 -0.001417 -0.001688 -1.581460 0.001407 0.999983 -0.005587 -2.704168 0.001696 0.005585 0.999983 136.111923
0.999994 -0.002095 -0.002760 -1.587705 0.002079 0.999982 -0.005594 -2.744763 0.002771 0.005588 0.999981 137.464844
0.999986 -0.003127 -0.004381 -1.591004 0.003105 0.999982 -0.005159 -2.776864 0.004397 0.005145 0.999977 138.828461
0.999981 -0.003061 -0.005325 -1.599874 0.003033 0.999982 -0.005210 -2.816189 0.005341 0.005194 0.999972 140.180664
0.999975 -0.002810 -0.006478 -1.613341 0.002778 0.999984 -0.004943 -2.851745 0.006492 0.004925 0.999967 141.528580
0.999966 -0.002549 -0.007848 -1.630548 0.002507 0.999982 -0.005466 -2.886899 0.007862 0.005446 0.999954 142.890823
0.999960 -0.002155 -0.008724 -1.646968 0.002102 0.999979 -0.006049 -2.916884 0.008737 0.006030 0.999944 144.244232
0.999944 -0.004252 -0.009676 -1.662041 0.004169 0.999954 -0.008586 -2.951230 0.009712 0.008545 0.999916 145.594254
0.999899 -0.009354 -0.010669 -1.665545 0.009253 0.999912 -0.009550 -2.988473 0.010758 0.009450 0.999897 146.945267
0.999808 -0.015929 -0.011370 -1.664710 0.015843 0.999846 -0.007582 -3.025427 0.011489 0.007400 0.999907 148.309525
0.999653 -0.022956 -0.012890 -1.655591 0.022872 0.999716 -0.006682 -3.059273 0.013039 0.006385 0.999895 149.660492
0.999556 -0.026348 -0.013940 -1.664338 0.026219 0.999613 -0.009310 -3.100071 0.014180 0.008940 0.999860 151.020767
0.999564 -0.026090 -0.013833 -1.688045 0.025923 0.999590 -0.012151 -3.142198 0.014145 0.011787 0.999830 152.364380
0.999654 -0.022943 -0.012881 -1.721172 0.022756 0.999636 -0.014469 -3.186412 0.013209 0.014171 0.999812 153.709457
0.999664 -0.022823 -0.012306 -1.743289 0.022639 0.999633 -0.014849 -3.229255 0.012640 0.014566 0.999814 155.039383
0.999631 -0.024602 -0.011546 -1.754807 0.024452 0.999617 -0.012988 -3.269193 0.011861 0.012701 0.999849 156.390686
0.999528 -0.028581 -0.011277 -1.760402 0.028463 0.999540 -0.010476 -3.317401 0.011571 0.010150 0.999882 157.748169
0.999433 -0.031592 -0.011644 -1.764411 0.031482 0.999459 -0.009548 -3.356675 0.011940 0.009176 0.999887 159.084412
0.999397 -0.032762 -0.011541 -1.782817 0.032657 0.999424 -0.009206 -3.403268 0.011836 0.008824 0.999891 160.425949
0.999469 -0.030730 -0.010806 -1.805592 0.030638 0.999493 -0.008639 -3.446067 0.011066 0.008304 0.999904 161.756546
0.999569 -0.027651 -0.009846 -1.834394 0.027557 0.999575 -0.009497 -3.486839 0.010104 0.009221 0.999906 163.102386
0.999649 -0.024790 -0.009397 -1.857370 0.024681 0.999630 -0.011460 -3.525954 0.009678 0.011225 0.999890 164.468155
0.999723 -0.021860 -0.008705 -1.887459 0.021754 0.999690 -0.012099 -3.570306 0.008967 0.011906 0.999889 165.848587
0.999766 -0.019823 -0.008677 -1.911761 0.019725 0.999743 -0.011198 -3.612740 0.008897 0.011024 0.999900 167.220428
0.999802 -0.017829 -0.008867 -1.935178 0.017727 0.999777 -0.011460 -3.660136 0.009069 0.011300 0.999895 168.587219
0.999821 -0.016328 -0.009592 -1.959615 0.016195 0.999775 -0.013725 -3.703325 0.009814 0.013568 0.999860 169.958755
0.999863 -0.012855 -0.010412 -1.991488 0.012686 0.999789 -0.016175 -3.755695 0.010618 0.016041 0.999815 171.348587
0.999895 -0.009371 -0.011052 -2.027552 0.009180 0.999810 -0.017205 -3.803883 0.011211 0.017102 0.999791 172.739395
0.999921 -0.005332 -0.011374 -2.060733 0.005144 0.999851 -0.016506 -3.852915 0.011460 0.016446 0.999799 174.125519
0.999927 -0.004064 -0.011348 -2.084833 0.003897 0.999884 -0.014715 -3.895188 0.011406 0.014670 0.999827 175.536850
0.999922 -0.003300 -0.012080 -2.107503 0.003147 0.999915 -0.012661 -3.943207 0.012121 0.012622 0.999847 176.960678
0.999890 -0.004920 -0.013982 -2.129942 0.004753 0.999917 -0.011948 -3.991964 0.014039 0.011880 0.999831 178.372498
0.999845 -0.006597 -0.016303 -2.153548 0.006404 0.999909 -0.011855 -4.037862 0.016380 0.011748 0.999797 179.780228
0.999798 -0.006603 -0.018978 -2.184529 0.006309 0.999860 -0.015528 -4.080922 0.019078 0.015405 0.999699 181.184738
0.999772 -0.005706 -0.020569 -2.226796 0.005306 0.999797 -0.019431 -4.129200 0.020676 0.019318 0.999600 182.622940
0.999763 -0.001531 -0.021739 -2.273164 0.001080 0.999784 -0.020779 -4.182905 0.021766 0.020750 0.999548 184.048630
0.999753 0.001436 -0.022159 -2.321338 -0.001883 0.999795 -0.020159 -4.235158 0.022125 0.020196 0.999551 185.461044
0.999744 0.003532 -0.022333 -2.359740 -0.003934 0.999830 -0.017999 -4.283574 0.022266 0.018082 0.999589 186.863312
0.999752 0.003665 -0.021981 -2.401896 -0.004013 0.999867 -0.015795 -4.331537 0.021921 0.015880 0.999634 188.276031
0.999757 0.002991 -0.021828 -2.438869 -0.003327 0.999877 -0.015344 -4.371356 0.021780 0.015413 0.999644 189.680634
0.999760 0.001975 -0.021808 -2.475091 -0.002303 0.999884 -0.015049 -4.416029 0.021776 0.015095 0.999649 191.110596
0.999763 0.000574 -0.021741 -2.510094 -0.000889 0.999895 -0.014456 -4.464160 0.021730 0.014472 0.999659 192.511200
0.999771 -0.000158 -0.021393 -2.540658 -0.000146 0.999899 -0.014200 -4.519520 0.021393 0.014199 0.999670 193.913315
0.999783 -0.001728 -0.020757 -2.571383 0.001454 0.999911 -0.013236 -4.569260 0.020778 0.013203 0.999697 195.339813
0.999778 -0.003797 -0.020745 -2.593622 0.003559 0.999928 -0.011467 -4.624516 0.020787 0.011390 0.999719 196.768646
0.999759 -0.006267 -0.021053 -2.618396 0.006032 0.999919 -0.011190 -4.670743 0.021121 0.011060 0.999716 198.201218
0.999768 -0.004119 -0.021141 -2.663532 0.003810 0.999886 -0.014610 -4.723951 0.021199 0.014526 0.999670 199.620132
0.999773 0.001797 -0.021248 -2.717371 -0.002206 0.999813 -0.019219 -4.772418 0.021209 0.019262 0.999590 201.042831
0.999737 0.010928 -0.020169 -2.780909 -0.011323 0.999744 -0.019595 -4.825303 0.019950 0.019818 0.999605 202.473541
0.999646 0.018321 -0.019273 -2.844695 -0.018647 0.999684 -0.016851 -4.874034 0.018958 0.017205 0.999672 203.913315
0.999624 0.019878 -0.018888 -2.885288 -0.020161 0.999685 -0.014921 -4.921329 0.018586 0.015296 0.999710 205.373840
0.999626 0.018924 -0.019766 -2.911851 -0.019213 0.999710 -0.014543 -4.966690 0.019485 0.014917 0.999699 206.826263
0.999633 0.016873 -0.021196 -2.935751 -0.017188 0.999744 -0.014748 -5.017017 0.020941 0.015107 0.999667 208.277313
0.999620 0.016058 -0.022417 -2.970733 -0.016397 0.999753 -0.015025 -5.072619 0.022170 0.015386 0.999636 209.744812
0.999582 0.016905 -0.023461 -3.011163 -0.017276 0.999727 -0.015720 -5.126334 0.023188 0.016118 0.999601 211.209183
0.999530 0.018791 -0.024210 -3.055759 -0.019169 0.999696 -0.015503 -5.180839 0.023911 0.015959 0.999587 212.659302
0.999486 0.020676 -0.024481 -3.098251 -0.021048 0.999665 -0.015042 -5.229175 0.024162 0.015549 0.999587 214.124100
0.999475 0.020650 -0.024962 -3.137553 -0.021051 0.999652 -0.015915 -5.279574 0.024625 0.016432 0.999562 215.595001
0.999465 0.020430 -0.025536 -3.179225 -0.020862 0.999642 -0.016740 -5.331823 0.025185 0.017264 0.999534 217.066345
0.999454 0.020079 -0.026234 -3.224625 -0.020530 0.999644 -0.017015 -5.386221 0.025883 0.017544 0.999511 218.507690
0.999426 0.020873 -0.026698 -3.276739 -0.021337 0.999624 -0.017200 -5.439827 0.026329 0.017759 0.999496 219.964432
0.999410 0.021019 -0.027177 -3.328496 -0.021499 0.999616 -0.017473 -5.493885 0.026799 0.018047 0.999478 221.434326
0.999401 0.020937 -0.027550 -3.378111 -0.021434 0.999610 -0.017897 -5.546654 0.027165 0.018477 0.999460 222.894409
0.999369 0.021560 -0.028212 -3.430536 -0.022071 0.999596 -0.017904 -5.599745 0.027814 0.018516 0.999442 224.364609
0.999357 0.021619 -0.028594 -3.481343 -0.022144 0.999589 -0.018183 -5.656113 0.028189 0.018804 0.999426 225.850449
0.999326 0.022353 -0.029116 -3.538170 -0.022889 0.999572 -0.018223 -5.710872 0.028697 0.018877 0.999410 227.330948
0.999324 0.022270 -0.029235 -3.594385 -0.022807 0.999575 -0.018173 -5.767587 0.028818 0.018827 0.999407 228.824997
0.999326 0.021914 -0.029449 -3.647572 -0.022475 0.999569 -0.018881 -5.821567 0.029022 0.019531 0.999388 230.324478
0.999339 0.021341 -0.029436 -3.706553 -0.021901 0.999582 -0.018863 -5.877497 0.029022 0.019495 0.999389 231.820190
0.999340 0.021007 -0.029637 -3.757824 -0.021556 0.999600 -0.018326 -5.934735 0.029240 0.018952 0.999393 233.336517
0.999327 0.021271 -0.029883 -3.810017 -0.021813 0.999601 -0.017943 -5.991713 0.029490 0.018583 0.999392 234.844910
0.999305 0.022190 -0.029951 -3.867826 -0.022739 0.999577 -0.018111 -6.049829 0.029537 0.018780 0.999387 236.359421
0.999295 0.022720 -0.029874 -3.923865 -0.023288 0.999552 -0.018807 -6.104357 0.029433 0.019490 0.999377 237.870758
0.999263 0.024202 -0.029780 -3.990096 -0.024755 0.999526 -0.018323 -6.157909 0.029322 0.019047 0.999389 239.387634
0.999273 0.024261 -0.029412 -4.048252 -0.024750 0.999559 -0.016407 -6.206141 0.029001 0.017123 0.999433 240.917923
0.999289 0.023663 -0.029355 -4.114655 -0.024143 0.999578 -0.016124 -6.257885 0.028961 0.016822 0.999439 242.439026
0.999284 0.023833 -0.029373 -4.165670 -0.024361 0.999546 -0.017758 -6.311029 0.028936 0.018461 0.999411 243.955063
0.999284 0.024085 -0.029164 -4.218427 -0.024649 0.999513 -0.019141 -6.365706 0.028689 0.019847 0.999391 245.480621
0.999259 0.024905 -0.029338 -4.274730 -0.025468 0.999496 -0.018969 -6.421000 0.028851 0.019702 0.999390 247.032944
0.999256 0.024483 -0.029782 -4.327151 -0.025038 0.999517 -0.018387 -6.477015 0.029318 0.019119 0.999387 248.577499
0.999233 0.025159 -0.030020 -4.380372 -0.025700 0.999512 -0.017782 -6.540239 0.029558 0.018539 0.999391 250.130066
0.999179 0.026435 -0.030689 -4.430863 -0.026985 0.999480 -0.017654 -6.603404 0.030207 0.018468 0.999373 251.680710
0.999100 0.028864 -0.031097 -4.493081 -0.029422 0.999411 -0.017644 -6.668634 0.030569 0.018543 0.999361 253.242538
0.999085 0.029915 -0.030580 -4.550156 -0.030456 0.999385 -0.017388 -6.730364 0.030041 0.018303 0.999381 254.819687
0.999043 0.030833 -0.031016 -4.610214 -0.031389 0.999352 -0.017604 -6.783638 0.030453 0.018561 0.999364 256.361328
0.999066 0.029979 -0.031110 -4.671280 -0.030531 0.999382 -0.017416 -6.842863 0.030569 0.018349 0.999364 257.927185
0.999084 0.029242 -0.031246 -4.733034 -0.029780 0.999413 -0.016917 -6.894571 0.030733 0.017832 0.999369 259.484497
0.999157 0.026765 -0.031119 -4.789768 -0.027292 0.999489 -0.016634 -6.952519 0.030658 0.017469 0.999377 261.059875
0.999194 0.025438 -0.031049 -4.848028 -0.025989 0.999509 -0.017494 -7.011350 0.030588 0.018287 0.999365 262.595581
0.999234 0.024074 -0.030853 -4.906818 -0.024655 0.999523 -0.018606 -7.070143 0.030390 0.019353 0.999351 264.117889
0.999283 0.022402 -0.030527 -4.963039 -0.022929 0.999592 -0.017004 -7.128930 0.030134 0.017692 0.999389 265.618195
0.999360 0.019393 -0.030046 -5.017225 -0.019869 0.999680 -0.015639 -7.176316 0.029734 0.016226 0.999426 267.102448
0.999402 0.017428 -0.029864 -5.063680 -0.017923 0.999705 -0.016392 -7.227334 0.029570 0.016917 0.999420 268.627136
0.999434 0.016441 -0.029359 -5.111420 -0.016959 0.999703 -0.017504 -7.281730 0.029062 0.017992 0.999416 270.143799
0.999451 0.016626 -0.028667 -5.163715 -0.017148 0.999690 -0.018058 -7.338449 0.028358 0.018539 0.999426 271.694672
0.999463 0.017819 -0.027511 -5.224795 -0.018323 0.999667 -0.018169 -7.398108 0.027178 0.018663 0.999456 273.231232
0.999487 0.018405 -0.026193 -5.277299 -0.018890 0.999653 -0.018368 -7.458690 0.025846 0.018854 0.999488 274.783020
0.999498 0.019025 -0.025324 -5.338159 -0.019498 0.999638 -0.018559 -7.516232 0.024962 0.019044 0.999507 276.340057
0.999531 0.018777 -0.024184 -5.392682 -0.019242 0.999632 -0.019147 -7.569454 0.023815 0.019603 0.999524 277.915558
0.999558 0.018500 -0.023269 -5.443749 -0.018964 0.999622 -0.019897 -7.628892 0.022892 0.020329 0.999531 279.468567
0.999605 0.017576 -0.021953 -5.489474 -0.018034 0.999621 -0.020811 -7.687464 0.021579 0.021199 0.999542 281.048126
0.999644 0.016886 -0.020667 -5.527435 -0.017316 0.999633 -0.020824 -7.749339 0.020307 0.021175 0.999570 282.617981
0.999670 0.016093 -0.020039 -5.563488 -0.016498 0.999659 -0.020239 -7.812353 0.019706 0.020563 0.999594 284.185059
0.999703 0.014954 -0.019264 -5.594932 -0.015345 0.999676 -0.020308 -7.873385 0.018954 0.020597 0.999608 285.709808
0.999735 0.012897 -0.019085 -5.623486 -0.013333 0.999649 -0.022905 -7.937984 0.018782 0.023153 0.999555 287.248657
0.999738 0.012659 -0.019094 -5.651439 -0.013138 0.999597 -0.025179 -8.005360 0.018767 0.025423 0.999501 288.811096
0.999728 0.012435 -0.019736 -5.681215 -0.012931 0.999599 -0.025181 -8.074269 0.019415 0.025429 0.999488 290.378967
0.999720 0.011333 -0.020788 -5.716101 -0.011867 0.999598 -0.025739 -8.143699 0.020488 0.025979 0.999453 291.944855
0.999701 0.011251 -0.021726 -5.737882 -0.011825 0.999580 -0.026446 -8.219463 0.021419 0.026695 0.999414 293.530426
0.999687 0.011389 -0.022265 -5.768989 -0.011979 0.999576 -0.026524 -8.291391 0.021953 0.026783 0.999400 295.111481
0.999673 0.011244 -0.022984 -5.805336 -0.011852 0.999579 -0.026467 -8.359700 0.022677 0.026731 0.999385 296.687958
0.999666 0.011136 -0.023332 -5.836965 -0.011750 0.999585 -0.026317 -8.434648 0.023029 0.026582 0.999381 298.251038
0.999649 0.010441 -0.024361 -5.868073 -0.011050 0.999627 -0.024996 -8.499948 0.024091 0.025256 0.999391 299.830383
0.999623 0.011511 -0.024909 -5.901969 -0.012106 0.999643 -0.023832 -8.570409 0.024625 0.024125 0.999406 301.432434
0.999621 0.011785 -0.024881 -5.944602 -0.012382 0.999636 -0.023957 -8.637113 0.024590 0.024256 0.999403 303.023071
0.999641 0.012118 -0.023886 -5.975464 -0.012694 0.999629 -0.024109 -8.705531 0.023585 0.024403 0.999424 304.621155
0.999665 0.010222 -0.023774 -6.007716 -0.010803 0.999643 -0.024438 -8.770716 0.023516 0.024686 0.999419 306.232544
0.999683 0.008067 -0.023838 -6.025489 -0.008673 0.999638 -0.025457 -8.836463 0.023625 0.025656 0.999392 307.838287
0.999696 0.006483 -0.023786 -6.046616 -0.007124 0.999612 -0.026940 -8.911936 0.023603 0.027101 0.999354 309.471039
0.999677 0.005968 -0.024702 -6.067477 -0.006662 0.999582 -0.028133 -8.984922 0.024524 0.028288 0.999299 311.126770
0.999609 0.006050 -0.027297 -6.091268 -0.006845 0.999552 -0.029121 -9.064501 0.027109 0.029297 0.999203 312.774994
0.999533 0.006825 -0.029786 -6.123425 -0.007690 0.999550 -0.029004 -9.140533 0.029574 0.029220 0.999135 314.424164
0.999512 0.007456 -0.030324 -6.163642 -0.008244 0.999629 -0.025959 -9.217652 0.030120 0.026196 0.999203 316.072754
0.999528 0.006160 -0.030105 -6.196854 -0.006860 0.999707 -0.023206 -9.290401 0.029953 0.023401 0.999277 317.724915
0.999533 0.005603 -0.030039 -6.236217 -0.006284 0.999724 -0.022634 -9.364685 0.029904 0.022812 0.999292 319.355225
0.999543 0.004430 -0.029918 -6.279271 -0.005148 0.999699 -0.023970 -9.438509 0.029803 0.024113 0.999265 320.999573
0.999544 0.003853 -0.029934 -6.319896 -0.004583 0.999692 -0.024369 -9.508413 0.029831 0.024495 0.999255 322.639832
0.999566 0.003421 -0.029269 -6.365735 -0.004128 0.999701 -0.024113 -9.586143 0.029178 0.024224 0.999281 324.289459
0.999582 0.004060 -0.028627 -6.409983 -0.004751 0.999698 -0.024098 -9.664180 0.028521 0.024224 0.999300 325.924377
0.999594 0.005518 -0.027968 -6.470134 -0.006209 0.999676 -0.024682 -9.739383 0.027823 0.024845 0.999304 327.571320
0.999603 0.006114 -0.027492 -6.519605 -0.006810 0.999657 -0.025280 -9.813944 0.027328 0.025458 0.999302 329.193695
0.999623 0.005558 -0.026872 -6.568364 -0.006204 0.999693 -0.023989 -9.886564 0.026730 0.024147 0.999351 330.830872
0.999632 0.004763 -0.026711 -6.614055 -0.005381 0.999718 -0.023118 -9.960260 0.026593 0.023253 0.999376 332.460480
0.999621 0.004530 -0.027156 -6.662101 -0.005185 0.999696 -0.024093 -10.034050 0.027039 0.024225 0.999341 334.071930
0.999627 0.005621 -0.026740 -6.706108 -0.006265 0.999691 -0.024037 -10.116364 0.026597 0.024195 0.999353 335.701721
0.999601 0.006783 -0.027417 -6.756902 -0.007495 0.999635 -0.025945 -10.183386 0.027231 0.026140 0.999287 337.333923
0.999561 0.008342 -0.028438 -6.811011 -0.009152 0.999552 -0.028481 -10.263535 0.028188 0.028729 0.999190 338.961090
0.999532 0.009564 -0.029068 -6.865655 -0.010393 0.999539 -0.028514 -10.340767 0.028782 0.028803 0.999171 340.599945
0.999502 0.010111 -0.029892 -6.916112 -0.010890 0.999602 -0.026016 -10.415760 0.029617 0.026329 0.999215 342.224030
0.999440 0.011429 -0.031455 -6.968830 -0.012178 0.999644 -0.023735 -10.490485 0.031172 0.024105 0.999223 343.862091
0.999379 0.011959 -0.033147 -7.025592 -0.012775 0.999618 -0.024505 -10.566974 0.032841 0.024914 0.999150 345.486603
0.999339 0.011424 -0.034526 -7.080642 -0.012329 0.999583 -0.026107 -10.643152 0.034214 0.026516 0.999063 347.098663
0.999286 0.010579 -0.036260 -7.136301 -0.011500 0.999613 -0.025311 -10.716756 0.035978 0.025710 0.999022 348.719421
0.999264 0.009313 -0.037219 -7.195312 -0.010239 0.999641 -0.024767 -10.798869 0.036975 0.025129 0.999000 350.322113
0.999259 0.008678 -0.037495 -7.258645 -0.009637 0.999629 -0.025462 -10.873796 0.037260 0.025804 0.998972 351.915558
0.999260 0.007917 -0.037651 -7.319642 -0.008902 0.999621 -0.026048 -10.951244 0.037431 0.026364 0.998951 353.506775
0.999270 0.007693 -0.037422 -7.390855 -0.008682 0.999615 -0.026341 -11.025162 0.037205 0.026646 0.998952 355.086182
0.999267 0.007071 -0.037611 -7.462464 -0.008065 0.999620 -0.026355 -11.105625 0.037410 0.026639 0.998945 356.684296
0.999276 0.006281 -0.037514 -7.525370 -0.007287 0.999615 -0.026759 -11.186526 0.037332 0.027013 0.998938 358.271759
0.999280 0.005892 -0.037472 -7.601668 -0.006924 0.999599 -0.027451 -11.266837 0.037296 0.027690 0.998921 359.871033
0.999288 0.005806 -0.037270 -7.671922 -0.006824 0.999606 -0.027238 -11.344336 0.037097 0.027473 0.998934 361.458374
0.999306 0.005846 -0.036781 -7.748125 -0.006877 0.999585 -0.027981 -11.422382 0.036602 0.028214 0.998932 363.046265
0.999323 0.004841 -0.036468 -7.807377 -0.005903 0.999560 -0.029068 -11.505017 0.036311 0.029263 0.998912 364.639404
0.999313 0.004080 -0.036838 -7.860062 -0.005112 0.999596 -0.027968 -11.582195 0.036709 0.028137 0.998930 366.243408
0.999307 0.002445 -0.037130 -7.916701 -0.003446 0.999632 -0.026923 -11.665009 0.037050 0.027032 0.998948 367.845947
0.999306 0.001965 -0.037192 -7.975426 -0.002989 0.999617 -0.027504 -11.744011 0.037124 0.027596 0.998930 369.446136
0.999304 0.002815 -0.037190 -8.042067 -0.003850 0.999606 -0.027788 -11.822508 0.037098 0.027912 0.998922 371.060059
0.999314 0.004339 -0.036781 -8.116279 -0.005338 0.999618 -0.027104 -11.897755 0.036650 0.027281 0.998956 372.672607
0.999322 0.005445 -0.036413 -8.184305 -0.006402 0.999636 -0.026223 -11.973334 0.036257 0.026439 0.998993 374.312439
0.999318 0.005587 -0.036507 -8.245457 -0.006544 0.999637 -0.026152 -12.046310 0.036348 0.026373 0.998991 375.976044
0.999317 0.005956 -0.036461 -8.302755 -0.006948 0.999608 -0.027136 -12.118354 0.036285 0.027371 0.998967 377.639526
0.999333 0.005671 -0.036065 -8.366513 -0.006671 0.999595 -0.027668 -12.190266 0.035893 0.027890 0.998966 379.271179
0.999320 0.006031 -0.036363 -8.434018 -0.007051 0.999584 -0.027983 -12.268005 0.036179 0.028220 0.998947 380.923737
0.999321 0.006732 -0.036234 -8.502668 -0.007748 0.999579 -0.027958 -12.349755 0.036031 0.028219 0.998952 382.588348
0.999340 0.006953 -0.035666 -8.562043 -0.007937 0.999590 -0.027520 -12.428246 0.035460 0.027785 0.998985 384.238770
0.999343 0.008030 -0.035343 -8.622065 -0.009019 0.999570 -0.027912 -12.511527 0.035104 0.028212 0.998985 385.920929
0.999358 0.009335 -0.034585 -8.693630 -0.010325 0.999538 -0.028572 -12.593312 0.034303 0.028911 0.998993 387.651398
0.999374 0.010057 -0.033917 -8.767639 -0.011028 0.999531 -0.028557 -12.667422 0.033614 0.028913 0.999017 389.302185
0.999375 0.011697 -0.033353 -8.825720 -0.012630 0.999531 -0.027900 -12.742774 0.033011 0.028303 0.999054 390.939575
0.999372 0.012763 -0.033050 -8.890215 -0.013683 0.999521 -0.027773 -12.820216 0.032680 0.028208 0.999068 392.598114
0.999377 0.013021 -0.032808 -8.948711 -0.013952 0.999502 -0.028303 -12.900069 0.032424 0.028743 0.999061 394.263916
0.999378 0.013329 -0.032644 -9.008178 -0.014247 0.999505 -0.028049 -12.984243 0.032254 0.028497 0.999073 395.942047
