1.000000 0.000000 0.000000 0.000000 0.000000 1.000000 0.000000 0.000000 0.000000 0.000000 1.000000 0.000000
0.999998 -0.001214 -0.001553 0.005776 0.001213 0.999999 -0.000761 -0.018110 0.001554 0.000759 0.999999 0.557344
0.999995 -0.001744 -0.002734 0.007334 0.001739 0.999997 -0.001844 -0.036073 0.002738 0.001839 0.999995 1.116349
0.999987 -0.001647 -0.004744 0.007893 0.001632 0.999994 -0.003112 -0.052522 0.004749 0.003104 0.999984 1.677187
0.999973 -0.003072 -0.006692 0.008578 0.003042 0.999985 -0.004566 -0.065398 0.006706 0.004545 0.999967 2.238262
0.999954 -0.004496 -0.008420 0.006157 0.004445 0.999972 -0.006044 -0.082133 0.008447 0.006006 0.999946 2.798439
0.999940 -0.004963 -0.009754 0.003592 0.004898 0.999966 -0.006637 -0.098700 0.009786 0.006589 0.999930 3.366483
0.999925 -0.005032 -0.011159 0.002500 0.004966 0.999970 -0.006001 -0.115437 0.011189 0.005946 0.999920 3.943334
0.999909 -0.005272 -0.012447 0.002635 0.005195 0.999968 -0.006155 -0.133609 0.012479 0.006090 0.999904 4.527862
0.999894 -0.004640 -0.013788 -0.002145 0.004532 0.999959 -0.007859 -0.156078 0.013824 0.007796 0.999874 5.119688
0.999881 -0.003347 -0.015033 -0.009803 0.003179 0.999932 -0.011236 -0.174132 0.015070 0.011187 0.999824 5.713428
0.999863 -0.001857 -0.016465 -0.025677 0.001621 0.999896 -0.014335 -0.187916 0.016490 0.014307 0.999762 6.322947
0.999845 -0.000086 -0.017589 -0.038223 -0.000172 0.999893 -0.014639 -0.205841 0.017588 0.014640 0.999738 6.944123
0.999827 0.002326 -0.018446 -0.056021 -0.002490 0.999958 -0.008874 -0.217436 0.018424 0.008919 0.999790 7.591404
0.999807 0.003940 -0.019249 -0.071610 -0.003927 0.999992 0.000666 -0.233962 0.019251 -0.000590 0.999815 8.259728
0.999803 0.004580 -0.019319 -0.087604 -0.004452 0.999968 0.006621 -0.252960 0.019349 -0.006534 0.999791 8.930780
0.999774 0.006101 -0.020356 -0.110583 -0.005972 0.999962 0.006377 -0.276694 0.020394 -0.006254 0.999772 9.607945
0.999744 0.008346 -0.021053 -0.131552 -0.008342 0.999965 0.000268 -0.284624 0.021055 -0.000092 0.999778 10.286321
0.999723 0.008372 -0.022013 -0.150268 -0.008507 0.999945 -0.006078 -0.282228 0.021961 0.006263 0.999739 10.986712
0.999707 0.007375 -0.023048 -0.165464 -0.007505 0.999957 -0.005532 -0.289625 0.023006 0.005704 0.999719 11.715438
0.999703 0.006821 -0.023381 -0.178887 -0.006750 0.999972 0.003090 -0.309093 0.023401 -0.002931 0.999722 12.473946
0.999696 0.005984 -0.023937 -0.197591 -0.005729 0.999926 0.010707 -0.323206 0.023999 -0.010566 0.999656 13.256484
0.999676 0.005070 -0.024944 -0.212145 -0.004741 0.999901 0.013233 -0.333137 0.025009 -0.013110 0.999601 14.050402
0.999677 0.003386 -0.025202 -0.224320 -0.003061 0.999912 0.012915 -0.338511 0.025243 -0.012834 0.999599 14.850370
0.999680 0.002556 -0.025180 -0.245427 -0.002282 0.999938 0.010893 -0.344555 0.025206 -0.010832 0.999624 15.665623
0.999679 0.004585 -0.024909 -0.268688 -0.004389 0.999959 0.007932 -0.346294 0.024944 -0.007820 0.999658 16.495077
0.999697 0.002032 -0.024531 -0.279757 -0.001968 0.999995 0.002623 -0.347927 0.024537 -0.002574 0.999696 17.345552
0.999698 -0.000706 -0.024573 -0.290600 0.000623 0.999994 -0.003366 -0.358856 0.024576 0.003349 0.999692 18.212101
0.999710 -0.000012 -0.024063 -0.311698 -0.000182 0.999968 -0.008049 -0.378527 0.024062 0.008051 0.999678 19.102760
0.999696 0.001580 -0.024599 -0.331730 -0.001817 0.999952 -0.009623 -0.391497 0.024583 0.009664 0.999651 20.017443
0.999677 0.001888 -0.025362 -0.343020 -0.002126 0.999954 -0.009332 -0.416187 0.025343 0.009383 0.999635 20.958225
0.999657 0.002412 -0.026091 -0.363843 -0.002674 0.999946 -0.009997 -0.443836 0.026065 0.010064 0.999610 21.897373
0.999637 0.004772 -0.026514 -0.396509 -0.005079 0.999921 -0.011522 -0.471322 0.026457 0.011653 0.999582 22.840389
0.999573 0.008839 -0.027836 -0.425481 -0.009183 0.999883 -0.012271 -0.500273 0.027724 0.012521 0.999537 23.804098
0.999528 0.010519 -0.028848 -0.448049 -0.010874 0.999866 -0.012198 -0.528058 0.028716 0.012506 0.999509 24.771788
0.999495 0.011338 -0.029686 -0.471554 -0.011699 0.999859 -0.012014 -0.557377 0.029546 0.012355 0.999487 25.756552
0.999460 0.011830 -0.030670 -0.504030 -0.012198 0.999855 -0.011865 -0.587618 0.030525 0.012233 0.999459 26.751677
0.999427 0.013095 -0.031225 -0.539995 -0.013440 0.999851 -0.010872 -0.617237 0.031078 0.011285 0.999453 27.746632
0.999378 0.014163 -0.032309 -0.578838 -0.014473 0.999851 -0.009395 -0.647954 0.032172 0.009857 0.999434 28.762327
0.999335 0.014330 -0.033518 -0.616554 -0.014616 0.999858 -0.008330 -0.674342 0.033394 0.008814 0.999403 29.779148
0.999307 0.013418 -0.034719 -0.655525 -0.013729 0.999867 -0.008759 -0.700664 0.034597 0.009229 0.999359 30.800179
0.999262 0.014253 -0.035681 -0.694819 -0.014596 0.999849 -0.009378 -0.727848 0.035542 0.009892 0.999319 31.841600
0.999240 0.013834 -0.036442 -0.729440 -0.014172 0.999859 -0.009031 -0.749173 0.036312 0.009541 0.999295 32.889305
0.999214 0.013083 -0.037423 -0.758994 -0.013358 0.999886 -0.007100 -0.775058 0.037326 0.007594 0.999274 33.944603
0.999174 0.013826 -0.038218 -0.802585 -0.013992 0.999894 -0.004092 -0.802944 0.038158 0.004624 0.999261 35.021942
0.999156 0.013539 -0.038775 -0.840687 -0.013629 0.999905 -0.002080 -0.824271 0.038744 0.002607 0.999246 36.091953
0.999134 0.012624 -0.039641 -0.879693 -0.012703 0.999918 -0.001728 -0.848126 0.039616 0.002230 0.999213 37.166317
0.999131 0.011588 -0.040043 -0.921273 -0.011715 0.999927 -0.002938 -0.871460 0.040006 0.003405 0.999194 38.237095
0.999100 0.012287 -0.040588 -0.966029 -0.012433 0.999917 -0.003365 -0.895837 0.040543 0.003867 0.999170 39.317703
0.999074 0.012154 -0.041272 -1.018031 -0.012275 0.999921 -0.002677 -0.918588 0.041236 0.003181 0.999144 40.401371
0.999050 0.012621 -0.041712 -1.068027 -0.012677 0.999919 -0.001067 -0.945325 0.041695 0.001595 0.999129 41.495438
0.999040 0.012711 -0.041926 -1.119905 -0.012676 0.999919 0.001098 -0.970691 0.041936 -0.000566 0.999120 42.581203
0.999007 0.013460 -0.042467 -1.169425 -0.013426 0.999909 0.001094 -0.999606 0.042477 -0.000523 0.999097 43.673584
0.998995 0.014140 -0.042532 -1.228950 -0.014246 0.999896 -0.002183 -1.026455 0.042496 0.002787 0.999093 44.748028
0.998969 0.016011 -0.042477 -1.282972 -0.016259 0.999853 -0.005500 -1.056777 0.042382 0.006185 0.999082 45.816788
0.998952 0.017333 -0.042352 -1.332998 -0.017602 0.999827 -0.005990 -1.083417 0.042240 0.006730 0.999085 46.896542
0.998946 0.017222 -0.042544 -1.377862 -0.017393 0.999842 -0.003640 -1.115425 0.042475 0.004376 0.999088 47.986488
0.998941 0.018480 -0.042142 -1.434669 -0.018555 0.999827 -0.001393 -1.144444 0.042109 0.002173 0.999111 49.081108
0.998992 0.016079 -0.041911 -1.474702 -0.016107 0.999870 -0.000332 -1.166649 0.041901 0.001006 0.999121 50.164677
0.998996 0.016519 -0.041632 -1.525847 -0.016572 0.999862 -0.000923 -1.192061 0.041611 0.001612 0.999133 51.236305
0.999014 0.015829 -0.041467 -1.568476 -0.015944 0.999870 -0.002450 -1.218544 0.041423 0.003109 0.999137 52.309174
0.999006 0.016485 -0.041407 -1.619371 -0.016683 0.999851 -0.004448 -1.242814 0.041327 0.005134 0.999132 53.388618
0.999033 0.015860 -0.041003 -1.662644 -0.016137 0.999849 -0.006436 -1.273549 0.040895 0.007091 0.999138 54.461880
0.999062 0.014985 -0.040628 -1.706801 -0.015391 0.999835 -0.009690 -1.309743 0.040476 0.010306 0.999127 55.532166
0.999073 0.014381 -0.040577 -1.752094 -0.014840 0.999829 -0.011032 -1.348195 0.040411 0.011624 0.999116 56.614841
0.999101 0.013479 -0.040183 -1.795938 -0.013872 0.999858 -0.009522 -1.383385 0.040049 0.010071 0.999147 57.693920
0.999107 0.012958 -0.040205 -1.841278 -0.013140 0.999905 -0.004279 -1.417389 0.040146 0.004803 0.999182 58.798100
0.999131 0.011755 -0.039980 -1.877363 -0.011723 0.999931 0.001039 -1.444111 0.039990 -0.000569 0.999200 59.900547
0.999153 0.009766 -0.039977 -1.906952 -0.009700 0.999951 0.001865 -1.468115 0.039993 -0.001476 0.999199 60.987991
0.999166 0.008098 -0.040031 -1.931476 -0.008146 0.999966 -0.001017 -1.492488 0.040022 0.001342 0.999198 62.073277
0.999174 0.006749 -0.040070 -1.961505 -0.006910 0.999969 -0.003890 -1.519773 0.040043 0.004164 0.999189 63.160847
0.999124 0.008443 -0.041000 -2.007745 -0.008738 0.999937 -0.007008 -1.551119 0.040938 0.007360 0.999135 64.242325
0.999143 0.007871 -0.040636 -2.046144 -0.008327 0.999904 -0.011061 -1.579477 0.040545 0.011390 0.999113 65.317612
0.999155 0.010261 -0.039800 -2.094726 -0.010733 0.999875 -0.011649 -1.611565 0.039675 0.012066 0.999140 66.406540
0.999155 0.012683 -0.039083 -2.142998 -0.013034 0.999877 -0.008745 -1.638432 0.038967 0.009247 0.999198 67.502136
0.999155 0.013590 -0.038788 -2.190591 -0.013852 0.999883 -0.006497 -1.672729 0.038695 0.007029 0.999226 68.597015
0.999151 0.013123 -0.039040 -2.231659 -0.013364 0.999893 -0.005929 -1.701516 0.038958 0.006446 0.999220 69.685280
0.999173 0.011760 -0.038913 -2.265867 -0.011965 0.999916 -0.005035 -1.736611 0.038850 0.005496 0.999230 70.784096
0.999189 0.010922 -0.038764 -2.306108 -0.011084 0.999931 -0.003964 -1.770095 0.038718 0.004390 0.999241 71.884834
0.999191 0.010389 -0.038857 -2.344329 -0.010493 0.999942 -0.002458 -1.799604 0.038829 0.002863 0.999242 72.980339
0.999197 0.009268 -0.038974 -2.380665 -0.009311 0.999956 -0.000911 -1.826747 0.038964 0.001273 0.999240 74.072830
0.999203 0.008517 -0.038999 -2.421856 -0.008592 0.999961 -0.001771 -1.854186 0.038983 0.002105 0.999238 75.149895
0.999199 0.008442 -0.039120 -2.464890 -0.008638 0.999951 -0.004829 -1.887204 0.039077 0.005163 0.999223 76.217590
0.999173 0.009325 -0.039590 -2.510798 -0.009607 0.999930 -0.006918 -1.916971 0.039522 0.007293 0.999192 77.294060
0.999141 0.011418 -0.039824 -2.563115 -0.011665 0.999914 -0.005966 -1.949002 0.039752 0.006426 0.999189 78.377007
0.999121 0.013165 -0.039799 -2.612090 -0.013268 0.999909 -0.002315 -1.981826 0.039764 0.002841 0.999205 79.475800
0.999071 0.014872 -0.040438 -2.663558 -0.014842 0.999889 0.001044 -2.014181 0.040449 -0.000443 0.999182 80.561340
0.999046 0.015501 -0.040817 -2.713074 -0.015448 0.999879 0.001609 -2.041112 0.040837 -0.000977 0.999165 81.626595
0.999028 0.015295 -0.041334 -2.762692 -0.015310 0.999883 -0.000033 -2.063352 0.041329 0.000666 0.999145 82.678604
0.999004 0.015173 -0.041967 -2.809053 -0.015227 0.999884 -0.000953 -2.091126 0.041948 0.001591 0.999119 83.735863
0.998994 0.015145 -0.042216 -2.858384 -0.015203 0.999884 -0.001063 -2.121419 0.042195 0.001703 0.999108 84.788040
0.998985 0.013728 -0.042891 -2.897749 -0.013784 0.999904 -0.001017 -2.149023 0.042873 0.001607 0.999079 85.828400
0.998968 0.013491 -0.043371 -2.937560 -0.013498 0.999909 0.000130 -2.178611 0.043368 0.000456 0.999059 86.866020
0.998958 0.013220 -0.043686 -2.981966 -0.013119 0.999911 0.002579 -2.209648 0.043716 -0.002003 0.999042 87.874214
0.998925 0.012671 -0.044590 -3.026838 -0.012524 0.999915 0.003585 -2.235843 0.044632 -0.003023 0.998999 88.848137
0.998836 0.011865 -0.046743 -3.067613 -0.011702 0.999924 0.003764 -2.260097 0.046785 -0.003213 0.998900 89.798187
0.998675 0.011324 -0.050208 -3.110096 -0.011174 0.999932 0.003282 -2.286980 0.050241 -0.002717 0.998733 90.731056
0.998513 0.011365 -0.053314 -3.158617 -0.011256 0.999934 0.002331 -2.306214 0.053337 -0.001728 0.998575 91.636139
0.998353 0.011411 -0.056220 -3.207088 -0.011274 0.999933 0.002750 -2.332707 0.056248 -0.002111 0.998415 92.519958
0.998185 0.012423 -0.058920 -3.259973 -0.012207 0.999917 0.004018 -2.358034 0.058965 -0.003291 0.998255 93.382568
0.997992 0.013281 -0.061931 -3.317116 -0.012999 0.999903 0.004959 -2.378961 0.061991 -0.004144 0.998068 94.221359
0.997792 0.013776 -0.064972 -3.370918 -0.013414 0.999892 0.005997 -2.395139 0.065047 -0.005112 0.997869 95.039223
0.997604 0.015388 -0.067449 -3.430420 -0.014970 0.999865 0.006702 -2.414174 0.067543 -0.005677 0.997700 95.827568
0.997408 0.016536 -0.070022 -3.493290 -0.016072 0.999845 0.007175 -2.431035 0.070130 -0.006031 0.997520 96.593216
0.997222 0.017193 -0.072474 -3.551487 -0.016799 0.999841 0.006045 -2.446286 0.072566 -0.004811 0.997352 97.317261
0.997024 0.018032 -0.074947 -3.608737 -0.017878 0.999836 0.002729 -2.463163 0.074984 -0.001381 0.997184 98.016815
0.996838 0.019960 -0.076917 -3.668999 -0.020077 0.999798 -0.000754 -2.480801 0.076887 0.002296 0.997037 98.682526
0.996667 0.021559 -0.078679 -3.730556 -0.021840 0.999758 -0.002706 -2.494800 0.078602 0.004416 0.996896 99.322342
0.996551 0.023257 -0.079656 -3.789629 -0.023636 0.999713 -0.003829 -2.513888 0.079544 0.005699 0.996815 99.935753
0.996552 0.024634 -0.079230 -3.849183 -0.025001 0.999681 -0.003646 -2.531600 0.079115 0.005614 0.996850 100.527237
0.996684 0.027176 -0.076703 -3.912333 -0.027449 0.999620 -0.002505 -2.549713 0.076605 0.004602 0.997051 101.097954
0.997013 0.028752 -0.071680 -3.971436 -0.028932 0.999580 -0.001472 -2.565858 0.071607 0.003542 0.997427 101.640244
0.997482 0.029010 -0.064722 -4.017571 -0.029041 0.999578 0.000458 -2.577614 0.064708 0.001423 0.997903 102.167381
0.998059 0.028545 -0.055340 -4.054468 -0.028439 0.999592 0.002690 -2.588332 0.055394 -0.001111 0.998464 102.664070
0.998650 0.027588 -0.044007 -4.081340 -0.027446 0.999616 0.003821 -2.601241 0.044095 -0.002608 0.999024 103.134590
0.999161 0.026779 -0.030976 -4.102430 -0.026664 0.999636 0.004142 -2.614598 0.031076 -0.003312 0.999512 103.577332
0.999520 0.026487 -0.016071 -4.115214 -0.026432 0.999644 0.003649 -2.628183 0.016162 -0.003222 0.999864 104.005440
0.999685 0.025079 0.001275 -4.119703 -0.025081 0.999685 0.001351 -2.639317 -0.001240 -0.001383 0.999998 104.415436
0.999468 0.023971 0.022108 -4.116189 -0.023926 0.999711 -0.002320 -2.648839 -0.022157 0.001790 0.999753 104.811768
0.998693 0.022629 0.045820 -4.101487 -0.022350 0.999729 -0.006587 -2.657746 -0.045957 0.005555 0.998928 105.207939
0.997167 0.020445 0.072388 -4.070910 -0.019851 0.999763 -0.008920 -2.667997 -0.072553 0.007458 0.997337 105.603340
0.994652 0.017700 0.101753 -4.027657 -0.016799 0.999812 -0.009709 -2.678262 -0.101906 0.007948 0.994762 105.988686
0.990959 0.015016 0.133319 -3.975763 -0.013683 0.999847 -0.010913 -2.686924 -0.133462 0.008991 0.991013 106.366638
0.985638 0.012313 0.168420 -3.907787 -0.010495 0.999877 -0.011681 -2.694661 -0.168543 0.009746 0.985646 106.733772
0.978474 0.009278 0.206161 -3.815555 -0.006998 0.999906 -0.011783 -2.710197 -0.206251 0.010087 0.978447 107.102654
0.969368 0.006632 0.245524 -3.717246 -0.003836 0.999922 -0.011867 -2.727377 -0.245584 0.010562 0.969318 107.459557
0.957978 0.006572 0.286768 -3.615171 -0.003151 0.999918 -0.012390 -2.747248 -0.286826 0.010965 0.957920 107.805183
0.943769 0.008167 0.330503 -3.507627 -0.004350 0.999915 -0.012287 -2.759124 -0.330576 0.010158 0.943725 108.146790
0.927079 0.007286 0.374794 -3.375086 -0.003542 0.999937 -0.010677 -2.768676 -0.374848 0.008571 0.927046 108.485695
0.908120 0.006409 0.418660 -3.228624 -0.002714 0.999952 -0.009421 -2.774518 -0.418700 0.007419 0.908094 108.804893
0.886365 0.004680 0.462963 -3.054686 -0.000489 0.999958 -0.009174 -2.787916 -0.462986 0.007905 0.886330 109.108673
0.862535 0.003543 0.505984 -2.880085 0.001763 0.999948 -0.010007 -2.800587 -0.505994 0.009524 0.862485 109.404884
0.836224 0.004020 0.548373 -2.696813 0.003008 0.999924 -0.011917 -2.814759 -0.548380 0.011615 0.836149 109.689835
0.807206 0.006361 0.590236 -2.496019 0.002469 0.999897 -0.014151 -2.827295 -0.590265 0.012880 0.807107 109.968903
0.774763 0.011136 0.632154 -2.288089 -0.000679 0.999859 -0.016782 -2.841211 -0.632252 0.012573 0.774661 110.250168
0.739077 0.015156 0.673451 -2.065001 -0.003484 0.999820 -0.018677 -2.841935 -0.673612 0.011458 0.738996 110.517632
0.701257 0.015060 0.712750 -1.810168 -0.002165 0.999817 -0.018996 -2.848131 -0.712905 0.011779 0.701161 110.765625
0.661744 0.012206 0.749631 -1.522098 0.000786 0.999856 -0.016974 -2.866107 -0.749729 0.011821 0.661639 110.998764
0.619502 0.009618 0.784936 -1.221682 0.001852 0.999904 -0.013714 -2.877854 -0.784993 0.009950 0.619425 111.236496
0.574725 0.007326 0.818314 -0.910404 0.002259 0.999942 -0.010539 -2.892166 -0.818344 0.007906 0.574675 111.467522
0.528576 0.004913 0.848872 -0.583422 0.002615 0.999969 -0.007416 -2.896212 -0.848882 0.006140 0.528547 111.669266
0.479460 -0.000313 0.877564 -0.233582 0.004815 0.999986 -0.002274 -2.919783 -0.877551 0.005315 0.479455 111.848976
0.429019 -0.001204 0.903295 0.117716 0.002884 0.999996 -0.000037 -2.932671 -0.903291 0.002621 0.429021 112.021301
0.379200 0.000961 0.925314 0.468110 0.000180 0.999999 -0.001112 -2.941479 -0.925315 0.000589 0.379199 112.172897
0.330155 0.004979 0.943913 0.837067 -0.002019 0.999988 -0.004569 -2.942243 -0.943924 -0.000397 0.330161 112.304787
0.284757 0.006605 0.958577 1.237091 -0.001882 0.999978 -0.006331 -2.944286 -0.958598 -0.000001 0.284763 112.419815
0.244213 0.005811 0.969704 1.659036 0.003478 0.999970 -0.006869 -2.947717 -0.969715 0.005050 0.244186 112.499619
0.209622 0.005037 0.977769 2.114539 0.010277 0.999920 -0.007354 -2.954607 -0.977728 0.011590 0.209554 112.572861
0.179567 0.004894 0.983734 2.566799 0.013849 0.999876 -0.007502 -2.965936 -0.983648 0.014971 0.179477 112.638947
0.152115 0.002988 0.988358 3.040887 0.011064 0.999928 -0.004726 -2.988624 -0.988301 0.011654 0.152071 112.727722
0.127629 -0.000289 0.991822 3.542826 0.005355 0.999986 -0.000398 -2.999371 -0.991807 0.005362 0.127629 112.818069
0.104469 -0.003437 0.994522 4.060955 0.000588 0.999994 0.003394 -3.002686 -0.994528 0.000230 0.104471 112.899071
0.082623 -0.005687 0.996565 4.599177 0.003659 0.999979 0.005403 -3.004563 -0.996574 0.003200 0.082642 112.936508
0.063089 -0.005546 0.997992 5.157125 0.009908 0.999939 0.004930 -3.010788 -0.997959 0.009577 0.063141 112.951241
0.045558 -0.004305 0.998952 5.721003 0.014956 0.999882 0.003627 -3.021062 -0.998850 0.014775 0.045617 112.960327
0.031420 0.000333 0.999506 6.305090 0.016200 0.999868 -0.000843 -3.024795 -0.999375 0.016218 0.031410 112.973053
0.020194 0.005053 0.999783 6.918454 0.013837 0.999890 -0.005334 -3.024345 -0.999700 0.013941 0.020122 112.999031
0.014101 0.005431 0.999886 7.547010 0.014397 0.999880 -0.005634 -3.025248 -0.999797 0.014474 0.014022 113.005737
0.011900 0.002554 0.999926 8.218171 0.018442 0.999826 -0.002773 -3.041213 -0.999759 0.018473 0.011851 112.996613
0.012654 0.000677 0.999920 8.899467 0.020114 0.999797 -0.000931 -3.054686 -0.999718 0.020124 0.012638 113.001396
0.014685 0.000374 0.999892 9.596095 0.018419 0.999830 -0.000644 -3.070835 -0.999722 0.018426 0.014676 113.017715
0.015775 0.001291 0.999875 10.282338 0.015454 0.999879 -0.001535 -3.081499 -0.999756 0.015476 0.015753 113.046165
0.016727 0.002281 0.999857 10.992010 0.015026 0.999884 -0.002533 -3.093593 -0.999747 0.015066 0.016691 113.066681
0.017983 0.003347 0.999833 11.721999 0.014229 0.999892 -0.003604 -3.104374 -0.999737 0.014292 0.017934 113.083832
0.019119 0.003175 0.999812 12.465864 0.013933 0.999897 -0.003442 -3.121805 -0.999720 0.013996 0.019073 113.102600
0.019714 0.002421 0.999803 13.223117 0.012386 0.999920 -0.002666 -3.136294 -0.999729 0.012436 0.019682 113.129578
0.020056 0.001648 0.999798 13.989889 0.013211 0.999911 -0.001913 -3.150258 -0.999712 0.013247 0.020032 113.151199
0.019779 -0.000468 0.999804 14.782616 0.013130 0.999914 0.000208 -3.170390 -0.999718 0.013123 0.019783 113.168968
0.018703 -0.001462 0.999824 15.571532 0.011321 0.999935 0.001250 -3.185556 -0.999761 0.011296 0.018718 113.201210
0.017635 -0.001875 0.999843 16.359674 0.009285 0.999955 0.001712 -3.196004 -0.999801 0.009253 0.017652 113.229820
0.017047 -0.003952 0.999847 17.175505 0.009445 0.999948 0.003791 -3.207634 -0.999810 0.009379 0.017083 113.243553
0.016600 -0.005460 0.999847 17.987665 0.009956 0.999936 0.005295 -3.221254 -0.999813 0.009866 0.016653 113.257347
0.015325 -0.005705 0.999866 18.810247 0.007791 0.999954 0.005586 -3.234414 -0.999852 0.007704 0.015369 113.284012
0.014482 -0.001185 0.999894 19.635248 0.006210 0.999980 0.001095 -3.243981 -0.999876 0.006194 0.014489 113.304993
0.013895 0.003819 0.999896 20.470352 0.006829 0.999969 -0.003915 -3.255438 -0.999880 0.006883 0.013869 113.318451
0.012687 0.005724 0.999903 21.303247 0.006755 0.999960 -0.005810 -3.274493 -0.999897 0.006829 0.012647 113.335075
0.011260 0.004280 0.999927 22.165457 0.002797 0.999987 -0.004312 -3.293887 -0.999933 0.002845 0.011248 113.368378
0.011203 0.001068 0.999937 23.049892 -0.000638 0.999999 -0.001061 -3.310801 -0.999937 -0.000626 0.011203 113.396805
0.012136 -0.003127 0.999921 23.928118 -0.002178 0.999993 0.003154 -3.326453 -0.999924 -0.002216 0.012129 113.415001
0.013418 -0.007460 0.999882 24.800234 -0.004796 0.999960 0.007525 -3.337524 -0.999898 -0.004897 0.013381 113.440834
0.014388 -0.007693 0.999867 25.667021 -0.006991 0.999945 0.007795 -3.345274 -0.999872 -0.007102 0.014333 113.465683
0.016227 -0.001314 0.999867 26.505472 -0.004238 0.999990 0.001383 -3.357704 -0.999859 -0.004259 0.016221 113.476768
0.017545 0.008800 0.999807 27.315346 -0.002187 0.999959 -0.008763 -3.371596 -0.999844 -0.002032 0.017564 113.489517
0.018935 0.013561 0.999729 28.152428 -0.000699 0.999908 -0.013551 -3.386890 -0.999820 -0.000442 0.018943 113.503746
0.020504 0.010218 0.999738 28.999546 0.000352 0.999948 -0.010227 -3.407113 -0.999790 0.000561 0.020499 113.527969
0.021837 0.003832 0.999754 29.847530 0.002914 0.999988 -0.003897 -3.431788 -0.999757 0.002998 0.021825 113.543037
0.022746 0.002054 0.999739 30.684517 0.004188 0.999989 -0.002150 -3.457363 -0.999732 0.004236 0.022737 113.561699
0.023011 0.002894 0.999731 31.496552 0.003239 0.999990 -0.002970 -3.481003 -0.999730 0.003306 0.023001 113.586113
0.022556 0.003876 0.999738 32.327599 0.001726 0.999991 -0.003915 -3.502141 -0.999744 0.001814 0.022549 113.619675
0.021138 0.004495 0.999766 33.157314 -0.001010 0.999989 -0.004475 -3.521909 -0.999776 -0.000915 0.021142 113.657364
0.019403 0.004844 0.999800 33.973793 -0.002444 0.999986 -0.004797 -3.541179 -0.999809 -0.002350 0.019415 113.690094
0.017458 0.005538 0.999832 34.776745 -0.003851 0.999978 -0.005472 -3.565748 -0.999840 -0.003755 0.017479 113.715431
0.016274 0.005785 0.999851 35.585350 -0.006180 0.999965 -0.005685 -3.586010 -0.999848 -0.006087 0.016309 113.743446
0.015079 0.005267 0.999872 36.397388 -0.007810 0.999956 -0.005150 -3.608346 -0.999856 -0.007731 0.015119 113.769836
0.013481 0.004392 0.999900 37.201775 -0.007156 0.999965 -0.004296 -3.630002 -0.999884 -0.007097 0.013512 113.791901
0.011966 0.004764 0.999917 37.987968 -0.007277 0.999963 -0.004677 -3.653923 -0.999902 -0.007220 0.012000 113.809708
0.010332 0.005539 0.999931 38.781796 -0.007198 0.999959 -0.005465 -3.681060 -0.999921 -0.007142 0.010372 113.823105
0.009572 0.005832 0.999937 39.576210 -0.006705 0.999961 -0.005768 -3.702274 -0.999932 -0.006649 0.009610 113.830818
0.008884 0.004877 0.999949 40.368568 -0.005333 0.999974 -0.004830 -3.726868 -0.999946 -0.005289 0.008910 113.832436
0.007989 0.004348 0.999959 41.146400 -0.005093 0.999978 -0.004307 -3.754275 -0.999955 -0.005058 0.008011 113.842499
0.006796 0.004308 0.999968 41.918434 -0.006258 0.999971 -0.004266 -3.777299 -0.999957 -0.006229 0.006823 113.853462
0.005587 0.003728 0.999977 42.680737 -0.008071 0.999961 -0.003683 -3.803154 -0.999952 -0.008050 0.005616 113.866783
0.004991 0.003109 0.999983 43.425800 -0.008434 0.999960 -0.003067 -3.828245 -0.999952 -0.008419 0.005017 113.878998
0.004226 0.003181 0.999986 44.151089 -0.008071 0.999963 -0.003147 -3.848735 -0.999959 -0.008057 0.004251 113.887184
0.003876 0.005367 0.999978 44.862801 -0.007890 0.999955 -0.005336 -3.871864 -0.999961 -0.007869 0.003919 113.894920
0.003532 0.007974 0.999962 45.573933 -0.008392 0.999933 -0.007944 -3.896015 -0.999959 -0.008363 0.003599 113.906250
0.003501 0.010037 0.999943 46.279026 -0.010197 0.999898 -0.010000 -3.919780 -0.999942 -0.010161 0.003603 113.920189
0.003282 0.011025 0.999934 46.990116 -0.010235 0.999887 -0.010991 -3.945114 -0.999942 -0.010199 0.003395 113.931297
0.003154 0.011110 0.999933 47.698761 -0.009384 0.999895 -0.011080 -3.969326 -0.999951 -0.009349 0.003258 113.937386
0.002837 0.011005 0.999935 48.396019 -0.009106 0.999898 -0.010978 -3.995400 -0.999955 -0.009074 0.002937 113.946190
0.002638 0.011838 0.999926 49.081924 -0.012152 0.999856 -0.011805 -4.018711 -0.999923 -0.012120 0.002782 113.964447
0.003130 0.012688 0.999915 49.771076 -0.013997 0.999822 -0.012643 -4.044863 -0.999897 -0.013956 0.003307 113.979126
0.003546 0.012030 0.999921 50.460640 -0.013501 0.999837 -0.011981 -4.066842 -0.999903 -0.013458 0.003708 113.984314
0.002570 0.011853 0.999926 51.147411 -0.013645 0.999837 -0.011817 -4.093673 -0.999904 -0.013614 0.002731 113.995621
-0.000816 0.011966 0.999928 51.826103 -0.017360 0.999778 -0.011978 -4.119251 -0.999849 -0.017369 -0.000608 114.017441
-0.005929 0.012380 0.999906 52.503239 -0.019465 0.999732 -0.012494 -4.144013 -0.999793 -0.019537 -0.005687 114.031090
-0.012221 0.015412 0.999807 53.176697 -0.017200 0.999730 -0.015621 -4.166187 -0.999777 -0.017388 -0.011953 114.018608
-0.018888 0.018055 0.999659 53.855789 -0.015657 0.999709 -0.018352 -4.185896 -0.999699 -0.015999 -0.018600 114.002747
-0.025537 0.018807 0.999497 54.537907 -0.016804 0.999674 -0.019240 -4.215236 -0.999533 -0.017287 -0.025213 113.991989
-0.031596 0.018497 0.999330 55.228325 -0.020868 0.999599 -0.019161 -4.240103 -0.999283 -0.021460 -0.031197 113.990829
-0.036228 0.017620 0.999188 55.927353 -0.022111 0.999586 -0.018429 -4.267404 -0.999099 -0.022760 -0.035824 113.973724
-0.039876 0.018006 0.999042 56.623264 -0.023772 0.999538 -0.018964 -4.294804 -0.998922 -0.024505 -0.039430 113.956795
-0.043200 0.017997 0.998904 57.327160 -0.025942 0.999480 -0.019129 -4.314125 -0.998730 -0.026740 -0.042711 113.937660
-0.044978 0.015261 0.998871 58.041885 -0.026083 0.999525 -0.016445 -4.335729 -0.998647 -0.026793 -0.044559 113.907127
-0.046962 0.012522 0.998818 58.787872 -0.025318 0.999585 -0.013722 -4.361020 -0.998576 -0.025932 -0.046625 113.870033
-0.048516 0.010221 0.998770 59.529896 -0.025663 0.999605 -0.011477 -4.386524 -0.998493 -0.026189 -0.048235 113.839066
-0.049643 0.010150 0.998715 60.266182 -0.025635 0.999606 -0.011433 -4.411811 -0.998438 -0.026169 -0.049363 113.806679
-0.050213 0.013280 0.998650 60.988041 -0.024219 0.999601 -0.014510 -4.435415 -0.998445 -0.024915 -0.049872 113.768860
-0.050375 0.017268 0.998581 61.712299 -0.019253 0.999648 -0.018258 -4.451137 -0.998545 -0.020146 -0.050024 113.718155
-0.050736 0.021599 0.998478 62.458549 -0.012822 0.999670 -0.022277 -4.484232 -0.998630 -0.013932 -0.050443 113.664360
-0.051549 0.022753 0.998411 63.201118 -0.012054 0.999653 -0.023404 -4.511245 -0.998598 -0.013241 -0.051257 113.625488
-0.051761 0.021374 0.998431 63.971684 -0.012739 0.999675 -0.022061 -4.542316 -0.998578 -0.013861 -0.051472 113.596718
-0.051102 0.017473 0.998541 64.740639 -0.011684 0.999768 -0.018092 -4.568248 -0.998625 -0.012591 -0.050886 113.559975
-0.050888 0.016011 0.998576 65.500748 -0.010251 0.999810 -0.016553 -4.596982 -0.998652 -0.011079 -0.050714 113.521011
-0.051661 0.015981 0.998537 66.251457 -0.009191 0.999822 -0.016477 -4.627051 -0.998622 -0.010029 -0.051505 113.490067
-0.052316 0.017268 0.998481 67.000977 -0.009491 0.999797 -0.017788 -4.651164 -0.998586 -0.010407 -0.052141 113.462692
-0.053993 0.017930 0.998380 67.750664 -0.009167 0.999788 -0.018451 -4.678024 -0.998499 -0.010148 -0.053817 113.429298
-0.055914 0.018380 0.998266 68.506142 -0.008205 0.999788 -0.018868 -4.704172 -0.998402 -0.009246 -0.055751 113.390930
-0.057382 0.018809 0.998175 69.257027 -0.007130 0.999789 -0.019250 -4.733337 -0.998327 -0.008222 -0.057236 113.350731
-0.058885 0.018752 0.998089 70.016327 -0.007850 0.999784 -0.019247 -4.760076 -0.998234 -0.008968 -0.058725 113.313820
-0.059888 0.019469 0.998015 70.776268 -0.010280 0.999745 -0.020120 -4.784397 -0.998152 -0.011464 -0.059673 113.282768
-0.060681 0.020952 0.997937 71.544403 -0.010343 0.999713 -0.021619 -4.818937 -0.998104 -0.011634 -0.060447 113.241501
-0.061551 0.021511 0.997872 72.309074 -0.011160 0.999690 -0.022239 -4.842156 -0.998042 -0.012505 -0.061292 113.205315
-0.062427 0.021881 0.997810 73.088768 -0.011025 0.999684 -0.022611 -4.875152 -0.997989 -0.012412 -0.062166 113.166565
-0.063404 0.021070 0.997766 73.885406 -0.011207 0.999699 -0.021823 -4.906803 -0.997925 -0.012566 -0.063149 113.122429
-0.064365 0.019572 0.997734 74.687950 -0.013786 0.999695 -0.020500 -4.935987 -0.997831 -0.015074 -0.064076 113.086899
-0.065844 0.018557 0.997657 75.492805 -0.016636 0.999668 -0.019692 -4.964684 -0.997691 -0.017894 -0.065513 113.051262
-0.067679 0.018211 0.997541 76.297882 -0.016974 0.999668 -0.019402 -4.997916 -0.997563 -0.018246 -0.067348 113.003517
-0.069110 0.018453 0.997438 77.108200 -0.016915 0.999664 -0.019666 -5.034204 -0.997466 -0.018230 -0.068775 112.955254
-0.071478 0.019844 0.997245 77.921707 -0.017177 0.999629 -0.021123 -5.066290 -0.997294 -0.018640 -0.071111 112.906578
-0.072908 0.023069 0.997072 78.733894 -0.016144 0.999574 -0.024308 -5.102993 -0.997208 -0.017869 -0.072505 112.849358
-0.073117 0.026752 0.996965 79.547806 -0.014604 0.999504 -0.027891 -5.140172 -0.997216 -0.016599 -0.072690 112.789421
-0.073778 0.030197 0.996817 80.362846 -0.012900 0.999429 -0.031231 -5.184423 -0.997191 -0.015163 -0.073346 112.725677
-0.072623 0.031337 0.996867 81.199989 -0.011626 0.999412 -0.032264 -5.224093 -0.997292 -0.013933 -0.072216 112.662086
-0.071169 0.030775 0.996989 82.046684 -0.008481 0.999469 -0.031457 -5.274124 -0.997428 -0.010695 -0.070870 112.584625
-0.070198 0.029575 0.997095 82.908928 -0.007777 0.999514 -0.030194 -5.320402 -0.997503 -0.009874 -0.069934 112.525032
-0.069105 0.028435 0.997204 83.774315 -0.008810 0.999537 -0.029112 -5.364853 -0.997571 -0.010797 -0.068822 112.472267
-0.066933 0.027090 0.997390 84.638550 -0.009847 0.999565 -0.027810 -5.405335 -0.997709 -0.011683 -0.066637 112.417274
-0.064644 0.024916 0.997597 85.508965 -0.010268 0.999619 -0.025632 -5.448781 -0.997856 -0.011901 -0.064364 112.362183
-0.062436 0.022168 0.997803 86.382576 -0.010377 0.999685 -0.022859 -5.490887 -0.997995 -0.011782 -0.062186 112.311882
-0.060278 0.022752 0.997922 87.241310 -0.011422 0.999659 -0.023481 -5.527788 -0.998116 -0.012814 -0.059998 112.271645
-0.058296 0.027124 0.997931 88.087807 -0.009918 0.999566 -0.027747 -5.568816 -0.998250 -0.011515 -0.058002 112.222633
-0.055795 0.033635 0.997876 88.938049 -0.009908 0.999365 -0.034239 -5.609467 -0.998393 -0.011798 -0.055426 112.179527
-0.053624 0.036601 0.997890 89.798866 -0.012260 0.999229 -0.037309 -5.658272 -0.998486 -0.014235 -0.053134 112.142784
-0.051259 0.036049 0.998035 90.669739 -0.013945 0.999225 -0.036808 -5.698038 -0.998588 -0.015804 -0.050717 112.108070
-0.049892 0.033986 0.998176 91.549927 -0.013824 0.999302 -0.034715 -5.752549 -0.998659 -0.015530 -0.049387 112.069000
-0.048563 0.032685 0.998285 92.418777 -0.013186 0.999356 -0.033361 -5.797391 -0.998733 -0.014784 -0.048100 112.030479
-0.047590 0.032598 0.998335 93.277718 -0.013554 0.999354 -0.033277 -5.847041 -0.998775 -0.015115 -0.047118 111.993256
-0.046350 0.032450 0.998398 94.143959 -0.013778 0.999356 -0.033121 -5.894931 -0.998830 -0.015291 -0.045873 111.959969
-0.045112 0.031810 0.998475 95.018425 -0.012045 0.999403 -0.032384 -5.937640 -0.998909 -0.013488 -0.044702 111.921677
-0.043872 0.031385 0.998544 95.880379 -0.010103 0.999441 -0.031857 -5.984191 -0.998986 -0.011485 -0.043531 111.884171
-0.043257 0.032729 0.998528 96.745102 -0.008633 0.999414 -0.033132 -6.031044 -0.999027 -0.010053 -0.042949 111.847221
-0.042515 0.034938 0.998485 97.606316 -0.009160 0.999333 -0.035358 -6.076923 -0.999054 -0.010649 -0.042166 111.816498
-0.040450 0.036246 0.998524 98.478577 -0.011048 0.999265 -0.036720 -6.123218 -0.999120 -0.012517 -0.040020 111.794067
-0.039254 0.034189 0.998644 99.349716 -0.015138 0.999279 -0.034805 -6.164298 -0.999115 -0.016484 -0.038708 111.785263
-0.038897 0.033077 0.998696 100.208138 -0.020744 0.999210 -0.033902 -6.208017 -0.999028 -0.022036 -0.038180 111.781197
-0.039526 0.033832 0.998646 101.057961 -0.022892 0.999134 -0.034755 -6.255979 -0.998956 -0.024235 -0.038717 111.767410
-0.040479 0.038371 0.998443 101.894363 -0.026379 0.998873 -0.039457 -6.302628 -0.998832 -0.027935 -0.039421 111.755074
-0.040887 0.040513 0.998342 102.730171 -0.027055 0.998766 -0.041638 -6.348487 -0.998797 -0.028713 -0.039741 111.734848
-0.040851 0.040696 0.998336 103.568436 -0.026012 0.998788 -0.041778 -6.399430 -0.998827 -0.027675 -0.039743 111.707779
-0.040151 0.040320 0.998380 104.403145 -0.024942 0.998834 -0.041342 -6.448207 -0.998882 -0.026561 -0.039098 111.679909
-0.039794 0.041047 0.998364 105.225037 -0.022895 0.998856 -0.041980 -6.502082 -0.998946 -0.024528 -0.038809 111.649422
-0.039827 0.043433 0.998262 106.047745 -0.023264 0.998744 -0.044382 -6.556986 -0.998936 -0.024991 -0.038766 111.625305
-0.039727 0.044745 0.998208 106.865898 -0.023187 0.998687 -0.045689 -6.611466 -0.998941 -0.024961 -0.038637 111.603752
-0.040620 0.045099 0.998156 107.682976 -0.025466 0.998610 -0.046156 -6.665618 -0.998850 -0.027294 -0.039415 111.585045
-0.042388 0.044193 0.998123 108.492783 -0.026883 0.998609 -0.045356 -6.717917 -0.998740 -0.028755 -0.041141 111.565453
-0.045455 0.045356 0.997936 109.300308 -0.027270 0.998540 -0.046625 -6.771495 -0.998594 -0.029334 -0.044152 111.540939
-0.048145 0.047642 0.997703 110.101128 -0.027732 0.998413 -0.049015 -6.822926 -0.998455 -0.030028 -0.046748 111.511871
-0.051301 0.048565 0.997502 110.894272 -0.029539 0.998306 -0.050124 -6.879333 -0.998246 -0.032037 -0.049780 111.484642
-0.054327 0.048528 0.997343 111.682091 -0.029174 0.998315 -0.050165 -6.932215 -0.998097 -0.031821 -0.052820 111.448349
-0.056855 0.047203 0.997266 112.471123 -0.028378 0.998402 -0.048875 -6.992721 -0.997979 -0.031079 -0.055424 111.411560
-0.059783 0.047305 0.997090 113.253326 -0.027171 0.998429 -0.048998 -7.053010 -0.997842 -0.030021 -0.058403 111.375404
-0.061771 0.051353 0.996768 114.026917 -0.031100 0.998092 -0.053348 -7.115039 -0.997606 -0.034295 -0.060056 111.347748
-0.063719 0.058298 0.996264 114.791779 -0.033248 0.997614 -0.060503 -7.168077 -0.997414 -0.036979 -0.061629 111.322433
-0.066368 0.061096 0.995923 115.564461 -0.030016 0.997550 -0.063196 -7.224586 -0.997344 -0.034088 -0.064371 111.270752
-0.068532 0.058726 0.995919 116.343475 -0.028847 0.997732 -0.060818 -7.291763 -0.997232 -0.032897 -0.066683 111.219360
-0.071494 0.052311 0.996068 117.136177 -0.030134 0.998055 -0.054579 -7.361797 -0.996986 -0.033918 -0.069779 111.174103
-0.073251 0.051150 0.996001 117.907051 -0.030886 0.998089 -0.053528 -7.424628 -0.996835 -0.034684 -0.071531 111.127281
-0.074906 0.053606 0.995749 118.665810 -0.031068 0.997944 -0.056062 -7.485868 -0.996706 -0.035136 -0.073087 111.075768
-0.077561 0.056384 0.995392 119.423241 -0.033178 0.997701 -0.059100 -7.543516 -0.996435 -0.037609 -0.075512 111.032181
-0.080028 0.059133 0.995037 120.182526 -0.033673 0.997509 -0.061988 -7.598056 -0.996224 -0.038466 -0.077837 110.983498
-0.081889 0.062741 0.994665 120.924721 -0.030249 0.997400 -0.065404 -7.663071 -0.996182 -0.035443 -0.079778 110.916069
-0.084119 0.066572 0.994229 121.672699 -0.029228 0.997172 -0.069242 -7.729897 -0.996027 -0.034884 -0.081935 110.862442
-0.087029 0.068238 0.993866 122.425545 -0.030172 0.997013 -0.071096 -7.794986 -0.995749 -0.036175 -0.084710 110.816818
-0.089130 0.066578 0.993792 123.173111 -0.030191 0.997124 -0.069510 -7.858404 -0.995562 -0.036199 -0.086864 110.762817
-0.093024 0.063656 0.993627 123.927139 -0.026864 0.997430 -0.066415 -7.931569 -0.995301 -0.032871 -0.091075 110.691505
-0.098516 0.062296 0.993184 124.662453 -0.025557 0.997551 -0.065105 -8.005449 -0.994807 -0.031796 -0.096682 110.624214
-0.104707 0.061621 0.992592 125.392845 -0.025772 0.997575 -0.064649 -8.074730 -0.994169 -0.032350 -0.102865 110.564362
-0.112993 0.061743 0.991676 126.131310 -0.026635 0.997520 -0.065142 -8.141200 -0.993239 -0.033774 -0.111068 110.494186
-0.123184 0.062078 0.990440 126.866913 -0.027004 0.997462 -0.065876 -8.207383 -0.992016 -0.034861 -0.121195 110.417343
-0.134701 0.062445 0.988917 127.599350 -0.026152 0.997441 -0.066545 -8.275299 -0.990541 -0.034826 -0.132723 110.330467
-0.146980 0.062623 0.987155 128.328262 -0.024935 0.997442 -0.066988 -8.342871 -0.988825 -0.034460 -0.145043 110.236916
-0.157873 0.062436 0.985483 129.044617 -0.022276 0.997520 -0.066767 -8.405293 -0.987208 -0.032493 -0.156091 110.125099
-0.168803 0.061993 0.983698 129.754974 -0.019696 0.997609 -0.066250 -8.470230 -0.985453 -0.030558 -0.167178 110.007896
-0.178318 0.061803 0.982030 130.472778 -0.015601 0.997723 -0.065623 -8.536510 -0.983849 -0.027022 -0.176948 109.877396
-0.186783 0.061731 0.980460 131.173187 -0.009857 0.997856 -0.064705 -8.598936 -0.982352 -0.021750 -0.185774 109.731216
-0.194490 0.061539 0.978972 131.884750 -0.005969 0.997937 -0.063917 -8.664796 -0.980886 -0.018274 -0.193722 109.584488
-0.200224 0.061269 0.977832 132.587036 -0.005244 0.997961 -0.063604 -8.726575 -0.979736 -0.017863 -0.199495 109.451134
-0.205086 0.059781 0.976916 133.291199 -0.002466 0.998098 -0.061595 -8.780801 -0.978741 -0.015041 -0.204549 109.308807
-0.206938 0.057401 0.976669 133.997574 0.003016 0.998310 -0.058034 -8.836420 -0.978349 -0.009064 -0.206761 109.146629
-0.207481 0.055938 0.976638 134.695633 0.008188 0.998428 -0.055447 -8.895042 -0.978205 -0.003508 -0.207613 108.985214
-0.207826 0.055275 0.976603 135.395065 0.010034 0.998470 -0.054377 -8.948051 -0.978114 -0.001502 -0.208063 108.837975
-0.207181 0.059907 0.976467 136.066086 0.012621 0.998204 -0.058563 -9.001742 -0.978221 0.000190 -0.207565 108.691505
-0.205727 0.063085 0.976574 136.738953 0.012728 0.998008 -0.061788 -9.050480 -0.978527 -0.000282 -0.206120 108.553787
-0.204564 0.063296 0.976804 137.412766 0.014494 0.997994 -0.061634 -9.105115 -0.978746 0.001550 -0.205071 108.409920
-0.203151 0.062181 0.977171 138.088226 0.015274 0.998061 -0.060335 -9.157402 -0.979028 0.002668 -0.203707 108.265762
-0.201570 0.060249 0.977619 138.761551 0.016492 0.998174 -0.058116 -9.214084 -0.979335 0.004408 -0.202196 108.122223
-0.199528 0.060814 0.978003 139.422256 0.017954 0.998132 -0.058403 -9.262349 -0.979728 0.005906 -0.200247 107.986435
-0.197150 0.063380 0.978323 140.074951 0.019613 0.997963 -0.060700 -9.312190 -0.980177 0.007221 -0.197991 107.851814
-0.192882 0.064950 0.979070 140.728943 0.020344 0.997857 -0.062188 -9.360580 -0.981011 0.007923 -0.193790 107.724411
-0.187973 0.065166 0.980010 141.380585 0.021887 0.997827 -0.062153 -9.412043 -0.981930 0.009766 -0.188990 107.592323
-0.181354 0.064542 0.981298 142.026291 0.023361 0.997845 -0.061312 -9.461033 -0.983140 0.011805 -0.182471 107.471466
-0.177532 0.063112 0.982089 142.660934 0.023245 0.997932 -0.059928 -9.515473 -0.983840 0.012190 -0.178632 107.350914
-0.173022 0.062865 0.982910 143.301178 0.023013 0.997947 -0.059776 -9.567488 -0.984649 0.012277 -0.174113 107.243050
-0.168856 0.062095 0.983683 143.929001 0.023738 0.997980 -0.058923 -9.615561 -0.985355 0.013401 -0.169988 107.133507
-0.164994 0.061146 0.984397 144.559097 0.026310 0.997994 -0.057581 -9.656631 -0.985944 0.016399 -0.166272 107.017578
-0.161149 0.059877 0.985112 145.189285 0.027518 0.998042 -0.056161 -9.712580 -0.986546 0.018058 -0.162481 106.906738
-0.157514 0.058803 0.985765 145.805191 0.025116 0.998141 -0.055528 -9.766592 -0.987197 0.016012 -0.158698 106.815987
-0.153929 0.059630 0.986281 146.415192 0.022831 0.998125 -0.056783 -9.814684 -0.987818 0.013777 -0.155002 106.727730
-0.149111 0.063022 0.986810 147.014847 0.023819 0.997906 -0.060131 -9.863170 -0.988534 0.014539 -0.150300 106.638733
-0.143745 0.065718 0.987430 147.608917 0.025264 0.997711 -0.062725 -9.912037 -0.989292 0.015930 -0.145076 106.547035
-0.137194 0.066481 0.988311 148.213303 0.023758 0.997679 -0.063813 -9.965033 -0.990259 0.014726 -0.138455 106.468063
-0.128428 0.065909 0.989526 148.815582 0.020434 0.997753 -0.063804 -10.017646 -0.991508 0.012026 -0.129486 106.406181
-0.117450 0.064582 0.990977 149.417786 0.018174 0.997856 -0.062877 -10.069475 -0.992913 0.010625 -0.118372 106.348495
-0.105116 0.063699 0.992418 150.001007 0.017549 0.997910 -0.062193 -10.121506 -0.994305 0.010878 -0.106014 106.284271
