1.000000 0.000000 0.000000 0.000000 0.000000 1.000000 0.000000 0.000000 0.000000 0.000000 1.000000 0.000000
0.999998 0.000238 0.001755 -0.002022 -0.000237 1.000000 -0.000600 -0.029861 -0.001755 0.000600 0.999998 1.196702
0.999994 0.000722 0.003426 -0.005277 -0.000721 1.000000 -0.000529 -0.053867 -0.003427 0.000526 0.999994 2.388431
0.999991 0.000255 0.004306 -0.004895 -0.000254 1.000000 -0.000355 -0.080180 -0.004306 0.000354 0.999991 3.587792
0.999987 0.000216 0.005091 -0.004142 -0.000214 1.000000 -0.000391 -0.109863 -0.005091 0.000390 0.999987 4.782246
0.999983 0.000242 0.005751 -0.002685 -0.000240 1.000000 -0.000470 -0.134342 -0.005751 0.000468 0.999983 5.980119
0.999979 0.000276 0.006422 -0.005596 -0.000271 1.000000 -0.000773 -0.164150 -0.006422 0.000771 0.999979 7.180373
0.999975 0.000327 0.007051 -0.000945 -0.000319 0.999999 -0.001124 -0.189936 -0.007051 0.001122 0.999974 8.375106
0.999975 0.000022 0.007025 0.002516 -0.000023 1.000000 0.000072 -0.219358 -0.007025 -0.000072 0.999975 9.588588
0.999984 0.000049 0.005635 0.006823 -0.000053 1.000000 0.000677 -0.245809 -0.005635 -0.000678 0.999984 10.805681
0.999995 -0.000951 0.003024 0.016994 0.000950 1.000000 0.000333 -0.275072 -0.003024 -0.000330 0.999995 12.021920
1.000000 -0.000327 0.000481 0.016125 0.000327 1.000000 -0.000288 -0.304324 -0.000481 0.000288 1.000000 13.220952
0.999999 0.000304 -0.001135 0.014156 -0.000305 1.000000 -0.000585 -0.334486 0.001135 0.000585 0.999999 14.411109
0.999995 0.001707 -0.002510 0.006062 -0.001709 0.999998 -0.001005 -0.364393 0.002509 0.001010 0.999996 15.615265
0.999992 0.001620 -0.003568 0.001020 -0.001624 0.999998 -0.001201 -0.390040 0.003566 0.001207 0.999993 16.816309
0.999990 0.001652 -0.004096 -0.007189 -0.001657 0.999998 -0.001203 -0.420328 0.004094 0.001210 0.999991 18.008814
0.999986 0.001482 -0.005018 -0.010463 -0.001488 0.999998 -0.001148 -0.449742 0.005017 0.001156 0.999987 19.212198
0.999982 0.001348 -0.005838 -0.022145 -0.001359 0.999997 -0.001937 -0.480945 0.005835 0.001945 0.999981 20.417488
0.999977 0.001179 -0.006637 -0.033475 -0.001197 0.999995 -0.002753 -0.508737 0.006634 0.002761 0.999974 21.610460
0.999968 0.001407 -0.007938 -0.044418 -0.001428 0.999995 -0.002689 -0.540874 0.007935 0.002700 0.999965 22.813585
0.999957 0.001536 -0.009110 -0.061922 -0.001561 0.999995 -0.002748 -0.570984 0.009106 0.002762 0.999955 24.009834
0.999946 0.001664 -0.010279 -0.085580 -0.001698 0.999993 -0.003242 -0.603606 0.010274 0.003259 0.999942 25.199158
0.999934 0.001989 -0.011303 -0.106169 -0.002020 0.999994 -0.002755 -0.631847 0.011297 0.002778 0.999932 26.397640
0.999924 0.001383 -0.012231 -0.119506 -0.001400 0.999998 -0.001388 -0.658275 0.012229 0.001405 0.999924 27.599924
0.999915 0.000768 -0.013013 -0.140936 -0.000786 0.999999 -0.001440 -0.689179 0.013012 0.001450 0.999914 28.794624
0.999904 -0.000145 -0.013855 -0.160800 0.000110 0.999997 -0.002542 -0.715380 0.013855 0.002540 0.999901 29.997589
0.999891 -0.000496 -0.014759 -0.179588 0.000451 0.999995 -0.003098 -0.747645 0.014760 0.003091 0.999886 31.196583
0.999880 0.000133 -0.015500 -0.205991 -0.000184 0.999995 -0.003285 -0.776124 0.015499 0.003287 0.999874 32.392403
0.999866 -0.000063 -0.016377 -0.228570 0.000012 0.999995 -0.003073 -0.805116 0.016377 0.003072 0.999861 33.593590
0.999854 -0.000304 -0.017099 -0.251662 0.000256 0.999996 -0.002813 -0.832637 0.017100 0.002808 0.999850 34.809658
0.999837 -0.001216 -0.018012 -0.270401 0.001165 0.999995 -0.002853 -0.864007 0.018015 0.002831 0.999834 36.023994
0.999822 -0.001234 -0.018832 -0.297941 0.001178 0.999995 -0.002938 -0.894114 0.018835 0.002916 0.999818 37.241814
0.999811 -0.001648 -0.019364 -0.324744 0.001603 0.999996 -0.002379 -0.925112 0.019368 0.002347 0.999810 38.453419
0.999807 -0.001240 -0.019606 -0.352223 0.001215 0.999998 -0.001262 -0.954679 0.019608 0.001238 0.999807 39.675861
0.999801 -0.000322 -0.019961 -0.387228 0.000319 1.000000 -0.000181 -0.984812 0.019961 0.000174 0.999801 40.891060
0.999797 -0.000006 -0.020163 -0.422140 -0.000005 1.000000 -0.000551 -1.014117 0.020163 0.000551 0.999797 42.100712
0.999794 0.000660 -0.020295 -0.455459 -0.000668 1.000000 -0.000353 -1.044601 0.020294 0.000366 0.999794 43.317711
0.999796 0.003063 -0.019976 -0.496613 -0.003036 0.999994 0.001350 -1.071247 0.019980 -0.001289 0.999800 44.535603
0.999817 0.003665 -0.018750 -0.527298 -0.003585 0.999984 0.004296 -1.094370 0.018765 -0.004228 0.999815 45.753708
0.999839 0.004374 -0.017376 -0.557986 -0.004258 0.999968 0.006712 -1.113637 0.017405 -0.006637 0.999826 46.975670
0.999865 0.004450 -0.015812 -0.585009 -0.004300 0.999946 0.009480 -1.129474 0.015853 -0.009411 0.999830 48.198177
0.999882 0.003932 -0.014880 -0.604418 -0.003773 0.999936 0.010674 -1.143430 0.014921 -0.010617 0.999832 49.413685
0.999904 0.002939 -0.013573 -0.621793 -0.002815 0.999954 0.009149 -1.153011 0.013599 -0.009110 0.999866 50.617599
0.999912 0.004125 -0.012589 -0.640895 -0.004027 0.999962 0.007733 -1.175894 0.012621 -0.007682 0.999891 51.834557
0.999915 0.005015 -0.012068 -0.660374 -0.004933 0.999965 0.006764 -1.184953 0.012101 -0.006704 0.999904 53.045021
0.999912 0.004927 -0.012307 -0.677814 -0.004851 0.999969 0.006147 -1.205193 0.012337 -0.006087 0.999905 54.264336
0.999901 0.004648 -0.013288 -0.693182 -0.004583 0.999977 0.004948 -1.224814 0.013311 -0.004886 0.999899 55.474529
0.999873 0.005378 -0.014975 -0.711647 -0.005298 0.999972 0.005374 -1.243363 0.015004 -0.005294 0.999873 56.690769
0.999853 0.005681 -0.016178 -0.730617 -0.005580 0.999965 0.006285 -1.264308 0.016213 -0.006194 0.999849 57.900005
0.999833 0.005786 -0.017330 -0.755811 -0.005673 0.999962 0.006596 -1.282449 0.017368 -0.006497 0.999828 59.108562
0.999815 0.006484 -0.018114 -0.784013 -0.006374 0.999961 0.006161 -1.300290 0.018153 -0.006044 0.999817 60.315365
0.999794 0.007313 -0.018909 -0.812440 -0.007204 0.999957 0.005804 -1.319644 0.018951 -0.005666 0.999804 61.513397
0.999798 0.006474 -0.019052 -0.835671 -0.006374 0.999966 0.005316 -1.338046 0.019086 -0.005193 0.999804 62.714867
0.999796 0.005932 -0.019316 -0.858298 -0.005847 0.999973 0.004459 -1.362405 0.019342 -0.004346 0.999803 63.914032
0.999790 0.006001 -0.019596 -0.888738 -0.005886 0.999965 0.005910 -1.387200 0.019630 -0.005793 0.999791 65.112633
0.999784 0.005553 -0.020034 -0.915764 -0.005407 0.999959 0.007315 -1.405906 0.020074 -0.007205 0.999773 66.321869
0.999784 0.005505 -0.020043 -0.944856 -0.005387 0.999968 0.005953 -1.426192 0.020075 -0.005843 0.999781 67.533195
0.999769 0.007025 -0.020327 -0.973807 -0.006932 0.999965 0.004651 -1.448289 0.020359 -0.004509 0.999783 68.739540
0.999746 0.009294 -0.020553 -1.004787 -0.009195 0.999946 0.004910 -1.466195 0.020597 -0.004720 0.999777 69.951324
0.999736 0.010642 -0.020381 -1.036103 -0.010537 0.999931 0.005255 -1.487769 0.020436 -0.005039 0.999778 71.145721
0.999707 0.012687 -0.020636 -1.071430 -0.012579 0.999906 0.005380 -1.506023 0.020702 -0.005119 0.999773 72.348236
0.999717 0.013170 -0.019810 -1.104479 -0.013055 0.999897 0.005928 -1.528682 0.019886 -0.005668 0.999786 73.543289
0.999727 0.014952 -0.017928 -1.137894 -0.014848 0.999872 0.005944 -1.542613 0.018015 -0.005677 0.999822 74.731865
0.999781 0.014262 -0.015283 -1.161874 -0.014200 0.999890 0.004172 -1.561725 0.015341 -0.003954 0.999875 75.908356
0.999849 0.011298 -0.013233 -1.171754 -0.011306 0.999936 -0.000471 -1.584787 0.013227 0.000621 0.999912 77.082527
0.999871 0.011882 -0.010828 -1.194690 -0.011896 0.999928 -0.001221 -1.612122 0.010813 0.001350 0.999941 78.274567
0.999899 0.011772 -0.007939 -1.213601 -0.011756 0.999929 0.002045 -1.632876 0.007963 -0.001951 0.999966 79.444839
0.999922 0.011526 -0.004883 -1.226963 -0.011509 0.999928 0.003457 -1.661448 0.004922 -0.003400 0.999982 80.598816
0.999927 0.012006 -0.001281 -1.239901 -0.012004 0.999927 0.001695 -1.677254 0.001301 -0.001679 0.999998 81.749847
0.999934 0.011217 0.002627 -1.243499 -0.011214 0.999937 -0.001103 -1.704310 -0.002639 0.001073 0.999996 82.884842
0.999927 0.010675 0.005721 -1.243188 -0.010652 0.999936 -0.003936 -1.730495 -0.005762 0.003874 0.999976 84.041336
0.999906 0.010537 0.008807 -1.245227 -0.010493 0.999933 -0.004935 -1.767028 -0.008859 0.004842 0.999949 85.207817
0.999872 0.010037 0.012495 -1.243946 -0.009996 0.999945 -0.003317 -1.798590 -0.012528 0.003192 0.999916 86.371094
0.999813 0.010600 0.016169 -1.235257 -0.010561 0.999941 -0.002489 -1.829004 -0.016194 0.002318 0.999866 87.533592
0.999743 0.010282 0.020217 -1.234225 -0.010198 0.999939 -0.004241 -1.857265 -0.020259 0.004033 0.999787 88.691841
0.999669 0.010280 0.023598 -1.214255 -0.010138 0.999930 -0.006122 -1.892159 -0.023659 0.005880 0.999703 89.829994
0.999598 0.010465 0.026363 -1.185368 -0.010303 0.999927 -0.006256 -1.925561 -0.026426 0.005982 0.999633 90.987595
0.999553 0.009272 0.028433 -1.145213 -0.009126 0.999945 -0.005248 -1.959699 -0.028480 0.004986 0.999582 92.145752
0.999495 0.008581 0.030611 -1.103626 -0.008474 0.999958 -0.003614 -1.993848 -0.030640 0.003353 0.999525 93.302658
0.999439 0.007868 0.032562 -1.063463 -0.007814 0.999968 -0.001805 -2.022505 -0.032575 0.001549 0.999468 94.458847
0.999370 0.006531 0.034879 -1.014014 -0.006498 0.999978 -0.001086 -2.048365 -0.034885 0.000859 0.999391 95.627510
0.999316 0.005284 0.036591 -0.971632 -0.005186 0.999983 -0.002791 -2.075837 -0.036605 0.002600 0.999326 96.788177
0.999241 0.003867 0.038754 -0.925422 -0.003630 0.999974 -0.006191 -2.100469 -0.038777 0.006046 0.999230 97.946159
0.999162 0.004052 0.040738 -0.874926 -0.003711 0.999957 -0.008451 -2.129888 -0.040771 0.008293 0.999134 99.122734
0.999095 0.003783 0.042359 -0.825582 -0.003389 0.999951 -0.009354 -2.160915 -0.042392 0.009202 0.999059 100.293610
0.999079 0.003740 0.042743 -0.782784 -0.003356 0.999953 -0.009062 -2.194204 -0.042775 0.008910 0.999045 101.481079
0.999103 0.003883 0.042176 -0.732603 -0.003584 0.999968 -0.007166 -2.225326 -0.042203 0.007008 0.999084 102.654076
0.999165 0.003403 0.040715 -0.673787 -0.003180 0.999980 -0.005551 -2.259691 -0.040733 0.005417 0.999155 103.836807
0.999243 0.003667 0.038737 -0.626535 -0.003487 0.999983 -0.004707 -2.290662 -0.038753 0.004569 0.999238 105.027519
0.999342 0.003932 0.036067 -0.576880 -0.003786 0.999984 -0.004105 -2.323000 -0.036083 0.003966 0.999341 106.225945
0.999451 0.004281 0.032850 -0.529870 -0.004145 0.999983 -0.004210 -2.352083 -0.032868 0.004071 0.999451 107.434052
0.999561 0.005764 0.029062 -0.493600 -0.005624 0.999972 -0.004902 -2.380370 -0.029090 0.004736 0.999566 108.641136
0.999669 0.005949 0.025037 -0.458729 -0.005833 0.999972 -0.004669 -2.410622 -0.025064 0.004522 0.999676 109.856110
0.999765 0.006349 0.020727 -0.425234 -0.006276 0.999974 -0.003573 -2.437967 -0.020749 0.003442 0.999779 111.070625
0.999841 0.006662 0.016526 -0.398003 -0.006616 0.999974 -0.002853 -2.470329 -0.016545 0.002743 0.999859 112.281555
0.999907 0.006635 0.011890 -0.376984 -0.006604 0.999975 -0.002625 -2.499484 -0.011907 0.002546 0.999926 113.497391
0.999952 0.006867 0.006940 -0.358588 -0.006852 0.999974 -0.002152 -2.532078 -0.006955 0.002104 0.999974 114.705704
0.999972 0.007236 0.001991 -0.353164 -0.007232 0.999972 -0.002176 -2.561582 -0.002006 0.002162 0.999996 115.924683
0.999965 0.007671 -0.003181 -0.351153 -0.007679 0.999967 -0.002516 -2.589104 0.003162 0.002540 0.999992 117.135651
0.999933 0.008427 -0.007951 -0.357512 -0.008451 0.999960 -0.002940 -2.621854 0.007926 0.003007 0.999964 118.357399
0.999880 0.009957 -0.011858 -0.362665 -0.009996 0.999945 -0.003248 -2.655441 0.011825 0.003366 0.999924 119.579071
0.999829 0.011969 -0.014068 -0.379065 -0.012016 0.999923 -0.003260 -2.682603 0.014028 0.003429 0.999896 120.805672
0.999796 0.013018 -0.015427 -0.400465 -0.013074 0.999908 -0.003509 -2.716370 0.015380 0.003710 0.999875 122.050140
0.999744 0.015050 -0.016889 -0.422494 -0.015112 0.999879 -0.003572 -2.750882 0.016834 0.003826 0.999851 123.296501
0.999689 0.017100 -0.018135 -0.448722 -0.017155 0.999849 -0.002930 -2.779049 0.018082 0.003240 0.999831 124.537460
0.999671 0.017066 -0.019136 -0.467319 -0.017120 0.999850 -0.002697 -2.812524 0.019088 0.003024 0.999813 125.773575
0.999602 0.019779 -0.020116 -0.503980 -0.019797 0.999804 -0.000687 -2.844977 0.020099 0.001085 0.999797 127.019150
0.999551 0.021435 -0.020940 -0.538255 -0.021398 0.999769 0.002000 -2.862533 0.020978 -0.001551 0.999779 128.277374
0.999553 0.020253 -0.021977 -0.566670 -0.020211 0.999793 0.002149 -2.890623 0.022016 -0.001704 0.999756 129.525864
0.999542 0.019975 -0.022745 -0.598085 -0.019952 0.999800 0.001220 -2.917015 0.022765 -0.000766 0.999741 130.776077
0.999556 0.018078 -0.023703 -0.616359 -0.018042 0.999836 0.001714 -2.934967 0.023730 -0.001285 0.999718 132.026321
0.999569 0.015857 -0.024701 -0.633404 -0.015765 0.999868 0.003904 -2.966906 0.024760 -0.003513 0.999687 133.293228
0.999590 0.013867 -0.025058 -0.658155 -0.013727 0.999889 0.005759 -2.987189 0.025135 -0.005413 0.999669 134.560059
0.999595 0.012223 -0.025694 -0.683509 -0.012054 0.999905 0.006714 -3.009524 0.025774 -0.006402 0.999647 135.826889
0.999624 0.008907 -0.025943 -0.698010 -0.008768 0.999947 0.005474 -3.031051 0.025991 -0.005244 0.999648 137.090118
0.999632 0.007127 -0.026179 -0.726806 -0.007005 0.999964 0.004739 -3.048061 0.026211 -0.004554 0.999646 138.345108
0.999642 0.005627 -0.026174 -0.757610 -0.005509 0.999974 0.004586 -3.075561 0.026199 -0.004440 0.999647 139.615067
0.999639 0.005830 -0.026242 -0.787229 -0.005700 0.999971 0.005040 -3.098228 0.026270 -0.004888 0.999643 140.876648
0.999660 0.006118 -0.025335 -0.820974 -0.005951 0.999960 0.006671 -3.121034 0.025374 -0.006518 0.999657 142.134216
0.999665 0.007783 -0.024674 -0.856386 -0.007582 0.999938 0.008198 -3.137557 0.024736 -0.008008 0.999662 143.391953
0.999685 0.007895 -0.023833 -0.895732 -0.007730 0.999946 0.007008 -3.158917 0.023887 -0.006821 0.999691 144.643280
0.999692 0.008793 -0.023228 -0.931256 -0.008667 0.999947 0.005522 -3.176717 0.023275 -0.005319 0.999715 145.906357
0.999702 0.009058 -0.022671 -0.964306 -0.008988 0.999955 0.003174 -3.197373 0.022699 -0.002969 0.999738 147.162598
0.999726 0.008151 -0.021931 -0.989436 -0.008157 0.999967 -0.000160 -3.222866 0.021929 0.000339 0.999759 148.401138
0.999732 0.008491 -0.021549 -1.011770 -0.008564 0.999958 -0.003284 -3.251652 0.021520 0.003468 0.999762 149.651398
0.999726 0.008996 -0.021611 -1.042365 -0.009092 0.999949 -0.004341 -3.283776 0.021571 0.004537 0.999757 150.914459
0.999723 0.009270 -0.021614 -1.070607 -0.009367 0.999946 -0.004391 -3.315501 0.021572 0.004592 0.999757 152.169876
0.999717 0.009671 -0.021735 -1.098345 -0.009758 0.999945 -0.003896 -3.349325 0.021696 0.004107 0.999756 153.427109
0.999707 0.010250 -0.021917 -1.128632 -0.010317 0.999942 -0.002942 -3.382287 0.021885 0.003168 0.999755 154.687775
0.999697 0.010838 -0.022081 -1.164118 -0.010896 0.999937 -0.002512 -3.412752 0.022053 0.002752 0.999753 155.957977
0.999685 0.011054 -0.022539 -1.192447 -0.011114 0.999935 -0.002563 -3.443333 0.022510 0.002813 0.999743 157.215866
0.999657 0.011560 -0.023495 -1.226550 -0.011624 0.999929 -0.002582 -3.471622 0.023463 0.002855 0.999721 158.480209
0.999636 0.011190 -0.024560 -1.259500 -0.011240 0.999935 -0.001880 -3.500462 0.024537 0.002156 0.999697 159.746506
0.999614 0.011669 -0.025231 -1.301099 -0.011711 0.999930 -0.001522 -3.532063 0.025212 0.001817 0.999680 161.009506
0.999600 0.011923 -0.025665 -1.340917 -0.011988 0.999925 -0.002411 -3.564182 0.025634 0.002718 0.999668 162.260544
0.999570 0.012538 -0.026491 -1.379426 -0.012632 0.999914 -0.003386 -3.593103 0.026446 0.003720 0.999643 163.512924
0.999541 0.012960 -0.027383 -1.418594 -0.013068 0.999907 -0.003772 -3.622796 0.027332 0.004128 0.999618 164.771881
0.999526 0.012658 -0.028053 -1.458195 -0.012792 0.999908 -0.004608 -3.656164 0.027992 0.004965 0.999596 166.032654
0.999491 0.013468 -0.028904 -1.493918 -0.013627 0.999893 -0.005315 -3.690846 0.028829 0.005706 0.999568 167.298157
0.999465 0.013925 -0.029579 -1.530517 -0.014080 0.999888 -0.005014 -3.724024 0.029506 0.005427 0.999550 168.562973
0.999429 0.014310 -0.030601 -1.573572 -0.014440 0.999888 -0.004030 -3.757388 0.030540 0.004470 0.999524 169.831055
0.999389 0.014721 -0.031699 -1.613723 -0.014850 0.999882 -0.003830 -3.790703 0.031639 0.004298 0.999490 171.091766
0.999352 0.015191 -0.032636 -1.658882 -0.015314 0.999877 -0.003507 -3.824911 0.032578 0.004005 0.999461 172.345123
0.999318 0.015452 -0.033551 -1.707157 -0.015568 0.999874 -0.003200 -3.859029 0.033497 0.003720 0.999432 173.603165
0.999287 0.015764 -0.034318 -1.760194 -0.015906 0.999866 -0.003879 -3.892236 0.034252 0.004422 0.999403 174.857468
0.999249 0.017061 -0.034779 -1.814358 -0.017216 0.999843 -0.004154 -3.927343 0.034703 0.004750 0.999386 176.122620
0.999219 0.017503 -0.035421 -1.861539 -0.017655 0.999836 -0.003986 -3.958275 0.035345 0.004609 0.999365 177.378952
0.999207 0.017286 -0.035867 -1.918140 -0.017471 0.999836 -0.004844 -3.990649 0.035777 0.005467 0.999345 178.632248
0.999205 0.016513 -0.036296 -1.961586 -0.016749 0.999840 -0.006217 -4.022727 0.036187 0.006820 0.999322 179.890747
0.999234 0.014257 -0.036442 -2.009183 -0.014493 0.999876 -0.006215 -4.061651 0.036349 0.006739 0.999316 181.149918
0.999198 0.014379 -0.037379 -2.057596 -0.014500 0.999891 -0.002945 -4.098501 0.037333 0.003484 0.999297 182.411118
0.999193 0.013917 -0.037674 -2.103606 -0.013888 0.999903 0.001029 -4.130585 0.037685 -0.000505 0.999290 183.686096
0.999195 0.014074 -0.037579 -2.151513 -0.014046 0.999901 0.000995 -4.160093 0.037589 -0.000467 0.999293 184.954788
0.999183 0.015417 -0.037354 -2.210422 -0.015487 0.999879 -0.001574 -4.189187 0.037325 0.002151 0.999301 186.201584
0.999163 0.015942 -0.037678 -2.267068 -0.016083 0.999865 -0.003443 -4.219128 0.037618 0.004046 0.999284 187.444687
0.999150 0.015917 -0.038029 -2.321689 -0.016056 0.999865 -0.003365 -4.253175 0.037970 0.003972 0.999271 188.686630
0.999144 0.016821 -0.037805 -2.383687 -0.016921 0.999854 -0.002331 -4.289321 0.037760 0.002969 0.999282 189.927567
0.999133 0.016971 -0.038027 -2.445932 -0.016999 0.999855 -0.000411 -4.321223 0.038014 0.001057 0.999277 191.182632
0.999152 0.016705 -0.037627 -2.509455 -0.016710 0.999860 0.000178 -4.351656 0.037625 0.000450 0.999292 192.424515
0.999177 0.017293 -0.036703 -2.571333 -0.017311 0.999850 -0.000178 -4.382102 0.036695 0.000813 0.999326 193.651596
0.999225 0.016216 -0.035869 -2.620390 -0.016276 0.999867 -0.001369 -4.411382 0.035842 0.001952 0.999356 194.883331
0.999251 0.016619 -0.034945 -2.673482 -0.016705 0.999858 -0.002159 -4.444038 0.034904 0.002741 0.999387 196.104782
0.999299 0.015791 -0.033948 -2.710895 -0.015895 0.999870 -0.002793 -4.476141 0.033899 0.003331 0.999420 197.326080
0.999326 0.015899 -0.033101 -2.755097 -0.015987 0.999869 -0.002415 -4.508195 0.033059 0.002943 0.999449 198.547623
0.999352 0.016369 -0.032047 -2.795113 -0.016402 0.999865 -0.000780 -4.542846 0.032030 0.001305 0.999486 199.760971
0.999353 0.017415 -0.031465 -2.838381 -0.017431 0.999848 -0.000260 -4.577734 0.031456 0.000809 0.999505 200.975189
0.999362 0.018194 -0.030718 -2.886719 -0.018220 0.999834 -0.000585 -4.605280 0.030702 0.001144 0.999528 202.173981
0.999375 0.018427 -0.030163 -2.934731 -0.018445 0.999830 -0.000322 -4.635949 0.030151 0.000878 0.999545 203.362228
0.999400 0.018409 -0.029341 -2.976743 -0.018426 0.999830 -0.000284 -4.664679 0.029331 0.000824 0.999569 204.540085
0.999406 0.019095 -0.028675 -3.018083 -0.019115 0.999817 -0.000414 -4.692514 0.028662 0.000962 0.999589 205.711121
0.999421 0.019258 -0.028051 -3.054948 -0.019278 0.999814 -0.000448 -4.721938 0.028037 0.000989 0.999606 206.866455
0.999451 0.018391 -0.027571 -3.092249 -0.018403 0.999831 -0.000158 -4.753921 0.027563 0.000665 0.999620 208.007385
0.999450 0.018587 -0.027472 -3.125077 -0.018590 0.999827 0.000140 -4.782455 0.027469 0.000371 0.999623 209.144638
0.999427 0.018561 -0.028297 -3.160681 -0.018546 0.999828 0.000780 -4.812452 0.028306 -0.000254 0.999599 210.277466
0.999401 0.018703 -0.029121 -3.198874 -0.018685 0.999825 0.000877 -4.839395 0.029132 -0.000332 0.999575 211.376160
0.999375 0.019106 -0.029740 -3.233714 -0.019105 0.999817 0.000314 -4.870366 0.029740 0.000254 0.999558 212.471680
0.999339 0.019579 -0.030622 -3.269677 -0.019604 0.999808 -0.000509 -4.898804 0.030606 0.001109 0.999531 213.551605
0.999312 0.019980 -0.031258 -3.306636 -0.020017 0.999799 -0.000848 -4.926666 0.031235 0.001473 0.999511 214.620117
0.999263 0.019747 -0.032910 -3.343289 -0.019782 0.999804 -0.000748 -4.956729 0.032889 0.001399 0.999458 215.677292
0.999210 0.019617 -0.034566 -3.383775 -0.019632 0.999807 -0.000104 -4.984118 0.034557 0.000782 0.999402 216.724731
0.999154 0.019297 -0.036314 -3.416528 -0.019269 0.999814 0.001106 -5.015090 0.036328 -0.000405 0.999340 217.752304
0.999072 0.019900 -0.038200 -3.458230 -0.019809 0.999800 0.002750 -5.041040 0.038247 -0.001990 0.999266 218.764816
0.998956 0.020444 -0.040850 -3.503266 -0.020348 0.999789 0.002767 -5.066732 0.040897 -0.001933 0.999161 219.762939
0.998832 0.021154 -0.043438 -3.554785 -0.021083 0.999776 0.002108 -5.091018 0.043473 -0.001189 0.999054 220.752884
0.998707 0.021234 -0.046192 -3.603886 -0.021150 0.999774 0.002302 -5.113234 0.046230 -0.001322 0.998930 221.725388
0.998537 0.022231 -0.049284 -3.652100 -0.022141 0.999752 0.002377 -5.136928 0.049324 -0.001282 0.998782 222.670715
0.998378 0.023058 -0.052056 -3.700068 -0.022975 0.999734 0.002185 -5.162165 0.052093 -0.000985 0.998642 223.592972
0.998205 0.023039 -0.055279 -3.750561 -0.022975 0.999734 0.001799 -5.184700 0.055306 -0.000526 0.998469 224.498123
0.998015 0.022996 -0.058626 -3.802036 -0.022947 0.999736 0.001510 -5.207922 0.058645 -0.000161 0.998279 225.382675
0.997802 0.024080 -0.061728 -3.852137 -0.024036 0.999710 0.001457 -5.230538 0.061745 0.000030 0.998092 226.227432
0.997619 0.024582 -0.064442 -3.909310 -0.024587 0.999697 0.000719 -5.254594 0.064440 0.000868 0.997921 227.064606
0.997411 0.026336 -0.066913 -3.971164 -0.026350 0.999653 0.000677 -5.277831 0.066908 0.001088 0.997759 227.876404
0.997307 0.027454 -0.068005 -4.031960 -0.027451 0.999623 0.000978 -5.297591 0.068006 0.000891 0.997684 228.667923
0.997296 0.027814 -0.068025 -4.085402 -0.027773 0.999613 0.001537 -5.318806 0.068042 0.000356 0.997682 229.438980
0.997307 0.028106 -0.067744 -4.141206 -0.028052 0.999605 0.001752 -5.341218 0.067767 0.000153 0.997701 230.201660
0.997317 0.028143 -0.067579 -4.192222 -0.028123 0.999604 0.001255 -5.361877 0.067588 0.000649 0.997713 230.941071
0.997289 0.028509 -0.067837 -4.250207 -0.028603 0.999591 -0.000404 -5.381264 0.067798 0.002343 0.997696 231.678223
0.997312 0.028753 -0.067388 -4.304509 -0.028979 0.999577 -0.002375 -5.398154 0.067291 0.004322 0.997724 232.406982
0.997401 0.028628 -0.066116 -4.358227 -0.028954 0.999573 -0.003991 -5.420759 0.065974 0.005895 0.997804 233.125076
0.997463 0.029531 -0.064767 -4.410242 -0.029892 0.999543 -0.004608 -5.436926 0.064602 0.006533 0.997890 233.847427
0.997576 0.029487 -0.063035 -4.457417 -0.029871 0.999540 -0.005172 -5.457172 0.062853 0.007043 0.997998 234.559296
0.997684 0.029502 -0.061281 -4.500603 -0.029880 0.999540 -0.005266 -5.480788 0.061098 0.007085 0.998107 235.278076
0.997793 0.029455 -0.059504 -4.546418 -0.029849 0.999538 -0.005754 -5.501721 0.059307 0.007517 0.998212 235.984161
0.997896 0.029868 -0.057550 -4.595109 -0.030254 0.999525 -0.005848 -5.526482 0.057348 0.007577 0.998325 236.685608
0.998034 0.030219 -0.054916 -4.636310 -0.030572 0.999517 -0.005597 -5.549421 0.054720 0.007265 0.998475 237.384537
0.998200 0.030086 -0.051890 -4.673357 -0.030405 0.999523 -0.005370 -5.568796 0.051704 0.006938 0.998638 238.082535
0.998371 0.029345 -0.048920 -4.710960 -0.029642 0.999546 -0.005348 -5.593468 0.048741 0.006789 0.998788 238.778305
0.998491 0.029533 -0.046301 -4.749131 -0.029815 0.999541 -0.005420 -5.620075 0.046120 0.006792 0.998913 239.479431
0.998629 0.029252 -0.043408 -4.787189 -0.029535 0.999546 -0.005908 -5.638564 0.043215 0.007182 0.999040 240.168640
0.998740 0.029319 -0.040725 -4.817533 -0.029600 0.999542 -0.006314 -5.658217 0.040521 0.007511 0.999150 240.855453
0.998824 0.030075 -0.038025 -4.851286 -0.030368 0.999513 -0.007142 -5.676965 0.037791 0.008289 0.999251 241.542953
0.998898 0.030576 -0.035616 -4.881128 -0.030878 0.999491 -0.007961 -5.697650 0.035354 0.009052 0.999334 242.228867
0.998983 0.030904 -0.032829 -4.906907 -0.031158 0.999488 -0.007230 -5.720966 0.032589 0.008245 0.999435 242.923050
0.999038 0.031345 -0.030666 -4.933435 -0.031578 0.999476 -0.007149 -5.740089 0.030426 0.008111 0.999504 243.626083
0.999111 0.031077 -0.028501 -4.960649 -0.031300 0.999483 -0.007415 -5.761527 0.028256 0.008300 0.999566 244.338211
0.999163 0.031055 -0.026642 -4.985556 -0.031295 0.999473 -0.008636 -5.783344 0.026360 0.009462 0.999608 245.053070
0.999192 0.031197 -0.025335 -5.005388 -0.031489 0.999442 -0.011183 -5.801196 0.024972 0.011971 0.999616 245.767563
0.999221 0.030650 -0.024868 -5.025941 -0.030977 0.999437 -0.012856 -5.819711 0.024460 0.013617 0.999608 246.493683
0.999225 0.030657 -0.024668 -5.047304 -0.030997 0.999428 -0.013529 -5.843619 0.024239 0.014283 0.999604 247.221756
0.999239 0.030202 -0.024684 -5.068853 -0.030557 0.999433 -0.014132 -5.867831 0.024243 0.014875 0.999595 247.961060
0.999217 0.030874 -0.024750 -5.094314 -0.031239 0.999407 -0.014474 -5.894728 0.024288 0.015236 0.999589 248.693954
0.999204 0.031638 -0.024296 -5.115684 -0.032017 0.999369 -0.015399 -5.915297 0.023793 0.016164 0.999586 249.431702
0.999211 0.031200 -0.024590 -5.133364 -0.031622 0.999356 -0.016984 -5.935464 0.024045 0.017748 0.999553 250.180649
0.999310 0.028079 -0.024291 -5.136751 -0.028544 0.999412 -0.019003 -5.962940 0.023743 0.019683 0.999524 250.931793
0.999367 0.026403 -0.023839 -5.151758 -0.026869 0.999450 -0.019416 -5.994655 0.023314 0.020045 0.999527 251.673477
0.999357 0.027042 -0.023525 -5.182708 -0.027423 0.999495 -0.016044 -6.024339 0.023079 0.016679 0.999595 252.488937
0.999219 0.031929 -0.023270 -5.220477 -0.032182 0.999426 -0.010578 -6.046474 0.022919 0.011319 0.999673 253.288010
0.999246 0.031681 -0.022427 -5.244412 -0.031861 0.999462 -0.007719 -6.070363 0.022171 0.008427 0.999719 254.081421
0.999339 0.029657 -0.021020 -5.252391 -0.029856 0.999512 -0.009232 -6.092987 0.020736 0.009853 0.999736 254.886490
0.999376 0.030528 -0.017775 -5.271175 -0.030800 0.999409 -0.015249 -6.110582 0.017299 0.015787 0.999726 255.682388
0.999352 0.033079 -0.014214 -5.295125 -0.033348 0.999261 -0.019118 -6.132385 0.013571 0.019580 0.999716 256.509125
0.999335 0.034626 -0.011440 -5.306947 -0.034850 0.999194 -0.019936 -6.159733 0.010740 0.020321 0.999736 257.335358
0.999373 0.034359 -0.008497 -5.310425 -0.034508 0.999242 -0.018029 -6.193059 0.007871 0.018311 0.999801 258.201355
0.999468 0.032056 -0.005954 -5.307762 -0.032142 0.999373 -0.014857 -6.227436 0.005474 0.015040 0.999872 259.068756
0.999551 0.029765 -0.003389 -5.302073 -0.029807 0.999471 -0.013014 -6.259601 0.003000 0.013109 0.999910 259.909729
0.999567 0.029420 -0.000445 -5.302855 -0.029423 0.999488 -0.012531 -6.296374 0.000076 0.012539 0.999921 260.752197
0.999515 0.031060 0.002033 -5.308374 -0.031027 0.999414 -0.014449 -6.323420 -0.002481 0.014379 0.999894 261.604370
0.999487 0.031770 0.004096 -5.309162 -0.031699 0.999362 -0.016466 -6.351159 -0.004617 0.016328 0.999856 262.432800
0.999449 0.032517 0.006628 -5.309332 -0.032400 0.999331 -0.016990 -6.380161 -0.007176 0.016766 0.999834 263.264679
0.999398 0.033369 0.009513 -5.309645 -0.033219 0.999328 -0.015501 -6.408292 -0.010024 0.015176 0.999835 264.106842
0.999329 0.034470 0.012409 -5.306790 -0.034296 0.999314 -0.014008 -6.443971 -0.012883 0.013573 0.999825 264.962769
0.999253 0.035565 0.015088 -5.302374 -0.035353 0.999276 -0.014079 -6.472841 -0.015577 0.013535 0.999787 265.790009
0.999204 0.035706 0.017772 -5.292001 -0.035445 0.999262 -0.014811 -6.500278 -0.018288 0.014170 0.999732 266.576569
0.999180 0.034943 0.020474 -5.277713 -0.034635 0.999285 -0.015170 -6.528176 -0.020990 0.014449 0.999675 267.348755
0.999209 0.032834 0.022422 -5.255186 -0.032509 0.999363 -0.014694 -6.556328 -0.022890 0.013954 0.999641 268.174469
0.999225 0.031612 0.023442 -5.230809 -0.031278 0.999406 -0.014484 -6.592357 -0.023886 0.013739 0.999620 269.005524
0.999229 0.031210 0.023838 -5.210064 -0.030869 0.999418 -0.014534 -6.623816 -0.024278 0.013787 0.999610 269.829773
0.999210 0.031381 0.024375 -5.189356 -0.031033 0.999413 -0.014536 -6.647046 -0.024817 0.013769 0.999597 270.612274
0.999192 0.031833 0.024531 -5.169926 -0.031496 0.999405 -0.014033 -6.675657 -0.024963 0.013249 0.999601 271.430817
0.999191 0.032285 0.023959 -5.150592 -0.031968 0.999398 -0.013486 -6.705379 -0.024380 0.012709 0.999622 272.262848
0.999211 0.032539 0.022758 -5.129511 -0.032218 0.999378 -0.014371 -6.733370 -0.023211 0.013627 0.999638 273.093475
0.999249 0.032486 0.021135 -5.110198 -0.032165 0.999364 -0.015372 -6.763014 -0.021621 0.014680 0.999658 273.940460
0.999252 0.033244 0.019739 -5.098096 -0.032934 0.999332 -0.015846 -6.793245 -0.020253 0.015184 0.999680 274.766846
0.999257 0.033927 0.018263 -5.083981 -0.033630 0.999301 -0.016328 -6.824846 -0.018804 0.015702 0.999700 275.582092
0.999253 0.034842 0.016704 -5.075463 -0.034566 0.999266 -0.016516 -6.851812 -0.017268 0.015926 0.999724 276.429382
0.999268 0.035346 0.014641 -5.066241 -0.035109 0.999253 -0.016154 -6.880588 -0.015201 0.015628 0.999762 277.268158
0.999306 0.035263 0.012004 -5.058616 -0.035078 0.999267 -0.015316 -6.908069 -0.012535 0.014884 0.999811 278.103241
0.999395 0.033907 0.007726 -5.049422 -0.033801 0.999339 -0.013385 -6.934313 -0.008175 0.013116 0.999881 278.951294
0.999464 0.032559 0.003438 -5.044480 -0.032516 0.999400 -0.011917 -6.960537 -0.003824 0.011799 0.999923 279.771637
0.999478 0.032258 -0.001473 -5.047433 -0.032272 0.999422 -0.010663 -6.986113 0.001128 0.010705 0.999942 280.610046
0.999476 0.031783 -0.006148 -5.058286 -0.031844 0.999442 -0.010134 -7.010084 0.005822 0.010324 0.999930 281.423676
0.999449 0.031366 -0.010891 -5.067479 -0.031473 0.999457 -0.009739 -7.034275 0.010579 0.010077 0.999893 282.233795
0.999413 0.030641 -0.015299 -5.075359 -0.030789 0.999480 -0.009583 -7.059813 0.014997 0.010048 0.999837 283.023010
0.999346 0.030333 -0.019664 -5.087179 -0.030532 0.999485 -0.009888 -7.080824 0.019354 0.010482 0.999758 283.801117
0.999255 0.030483 -0.023669 -5.108299 -0.030725 0.999479 -0.009924 -7.102323 0.023354 0.010644 0.999671 284.570709
0.999132 0.031093 -0.027729 -5.132927 -0.031385 0.999456 -0.010165 -7.126914 0.027398 0.011027 0.999564 285.345551
0.999034 0.031031 -0.031112 -5.157146 -0.031356 0.999458 -0.010020 -7.153183 0.030785 0.010986 0.999466 286.070892
0.998915 0.030283 -0.035375 -5.178721 -0.030680 0.999472 -0.010731 -7.179074 0.035031 0.011804 0.999317 286.793152
0.998713 0.031161 -0.040017 -5.213719 -0.031651 0.999431 -0.011654 -7.204072 0.039631 0.012906 0.999131 287.485931
0.998399 0.032347 -0.046393 -5.250455 -0.033000 0.999366 -0.013362 -7.222796 0.045931 0.014871 0.998834 288.177826
0.997971 0.032646 -0.054662 -5.287586 -0.033512 0.999326 -0.015009 -7.243049 0.054135 0.016811 0.998392 288.840088
0.997345 0.032796 -0.065014 -5.331145 -0.033900 0.999298 -0.015945 -7.267733 0.064446 0.018107 0.997757 289.484222
0.996386 0.033231 -0.078166 -5.382061 -0.034608 0.999267 -0.016334 -7.290343 0.077566 0.018980 0.996807 290.111938
0.994946 0.034156 -0.094428 -5.442955 -0.035808 0.999233 -0.015855 -7.313613 0.093814 0.019157 0.995405 290.721710
0.992841 0.036285 -0.113801 -5.521355 -0.038200 0.999162 -0.014685 -7.335477 0.113173 0.018927 0.993395 291.325104
0.990020 0.037830 -0.135754 -5.606889 -0.040150 0.999090 -0.014392 -7.355051 0.135086 0.019699 0.990638 291.915070
0.986299 0.039367 -0.160199 -5.706777 -0.042112 0.999018 -0.013778 -7.376123 0.159500 0.020336 0.986988 292.470642
0.981491 0.040927 -0.187082 -5.811678 -0.044157 0.998938 -0.013131 -7.395929 0.186346 0.021149 0.982257 293.029633
0.975337 0.042240 -0.216641 -5.941809 -0.045799 0.998885 -0.011434 -7.411777 0.215916 0.021074 0.976184 293.567108
0.967506 0.042361 -0.249276 -6.077403 -0.046094 0.998895 -0.009157 -7.429653 0.248613 0.020350 0.968389 294.102478
0.957842 0.042854 -0.284082 -6.231331 -0.046718 0.998885 -0.006837 -7.448704 0.283472 0.019821 0.958776 294.617432
0.946246 0.044220 -0.320410 -6.403633 -0.047871 0.998847 -0.003523 -7.465414 0.319885 0.018672 0.947272 295.114227
0.932581 0.045934 -0.358025 -6.588721 -0.049341 0.998782 -0.000381 -7.479881 0.357572 0.018021 0.933712 295.590851
0.916856 0.046775 -0.396469 -6.783673 -0.049845 0.998754 0.002561 -7.490917 0.396095 0.017414 0.918044 296.051117
0.898827 0.047236 -0.435752 -6.995665 -0.049834 0.998743 0.005471 -7.503516 0.435462 0.016797 0.900050 296.495636
0.878191 0.047019 -0.475994 -7.225809 -0.049198 0.998758 0.007888 -7.510328 0.475773 0.016491 0.879413 296.925873
0.854622 0.046275 -0.517185 -7.472750 -0.048065 0.998795 0.009942 -7.518173 0.517022 0.016362 0.855816 297.332153
0.827974 0.045814 -0.558892 -7.741050 -0.046788 0.998826 0.012561 -7.524788 0.558812 0.015749 0.829145 297.722748
0.798309 0.046077 -0.600483 -8.029924 -0.046074 0.998819 0.015390 -7.529340 0.600483 0.015381 0.799490 298.097626
0.765887 0.047131 -0.641246 -8.337568 -0.046512 0.998758 0.017856 -7.535903 0.641291 0.016150 0.767128 298.453339
0.730020 0.046792 -0.681823 -8.657473 -0.045353 0.998771 0.019985 -7.536667 0.681920 0.016333 0.731245 298.803497
0.690234 0.045847 -0.722132 -8.995158 -0.041994 0.998847 0.023276 -7.529066 0.722366 0.014260 0.691364 299.128845
0.646120 0.045047 -0.761905 -9.344422 -0.036826 0.998934 0.027831 -7.525110 0.762347 0.010075 0.647090 299.444122
0.597323 0.045773 -0.800693 -9.711152 -0.032817 0.998929 0.032624 -7.523613 0.801329 0.006790 0.598185 299.733643
0.545175 0.049011 -0.836888 -10.086803 -0.033013 0.998770 0.036985 -7.532107 0.837672 0.007465 0.546123 299.971313
0.491039 0.054346 -0.869441 -10.484457 -0.037186 0.998450 0.041408 -7.532284 0.870344 0.011998 0.492299 300.163727
0.434972 0.057340 -0.898616 -10.877817 -0.039093 0.998232 0.044774 -7.517857 0.899595 0.015654 0.436445 300.332031
0.377160 0.058951 -0.924270 -11.270434 -0.039108 0.998096 0.047701 -7.505969 0.925322 0.018156 0.378747 300.472992
0.318562 0.060237 -0.945986 -11.660594 -0.037078 0.998007 0.051064 -7.490314 0.947177 0.018808 0.320160 300.606506
0.258799 0.062476 -0.963909 -12.061387 -0.034242 0.997872 0.055483 -7.479179 0.965324 0.018647 0.260387 300.699951
0.198517 0.064802 -0.977953 -12.465863 -0.031504 0.997718 0.059717 -7.462315 0.979591 0.018954 0.200105 300.773956
0.135754 0.067153 -0.988464 -12.887978 -0.028297 0.997556 0.063884 -7.452281 0.990338 0.019298 0.137323 300.821808
0.070936 0.069796 -0.995036 -13.314775 -0.026618 0.997326 0.068059 -7.428805 0.997126 0.021658 0.072605 300.826111
0.005209 0.073389 -0.997290 -13.758732 -0.023409 0.997039 0.073248 -7.404215 0.999712 0.022964 0.006912 300.808960
-0.061791 0.077890 -0.995045 -14.209110 -0.020432 0.996643 0.079284 -7.374119 0.997880 0.025230 -0.059993 300.763367
-0.129228 0.082054 -0.988214 -14.666863 -0.016978 0.996241 0.084941 -7.344337 0.991470 0.027755 -0.127349 300.688416
-0.196262 0.085906 -0.976781 -15.126499 -0.013138 0.995835 0.090222 -7.310787 0.980463 0.030540 -0.194316 300.589172
-0.262086 0.089445 -0.960891 -15.587248 -0.007988 0.995460 0.094842 -7.272927 0.965011 0.032532 -0.260182 300.461639
-0.326245 0.091639 -0.940833 -16.051914 -0.002634 0.995198 0.097848 -7.235135 0.945282 0.034401 -0.324437 300.293030
-0.387749 0.092920 -0.917070 -16.507502 0.002716 0.995017 0.099669 -7.197194 0.921761 0.036156 -0.386069 300.109314
-0.446402 0.092747 -0.890013 -16.958946 0.007995 0.994988 0.099677 -7.157785 0.894797 0.037381 -0.444906 299.877930
-0.501570 0.092081 -0.860202 -17.406710 0.012600 0.994991 0.099163 -7.112713 0.865025 0.038899 -0.500218 299.608459
-0.552399 0.091138 -0.828583 -17.849396 0.016489 0.995005 0.098450 -7.065270 0.833417 0.040721 -0.551143 299.307404
-0.598099 0.090460 -0.796300 -18.290707 0.019969 0.994983 0.098032 -7.019236 0.801173 0.042732 -0.596905 298.971771
-0.638390 0.090220 -0.764407 -18.737335 0.022838 0.994890 0.098350 -6.969149 0.769374 0.045328 -0.637188 298.594604
-0.674992 0.091901 -0.732080 -19.203182 0.028220 0.994702 0.098849 -6.907582 0.737286 0.046063 -0.674009 298.184052
-0.710160 0.096554 -0.697388 -19.679209 0.036335 0.994258 0.100656 -6.852074 0.703102 0.046143 -0.709590 297.731537
-0.744202 0.100374 -0.660370 -20.144890 0.043367 0.993820 0.102185 -6.797237 0.666545 0.047408 -0.743955 297.245850
-0.775796 0.102142 -0.622662 -20.589983 0.048588 0.993551 0.102445 -6.746387 0.629111 0.049223 -0.775756 296.709076
-0.804766 0.099764 -0.585148 -21.010807 0.051188 0.993767 0.099031 -6.683867 0.591380 0.049744 -0.804857 296.129120
-0.830752 0.096798 -0.548161 -21.420422 0.053775 0.994114 0.094051 -6.625779 0.554039 0.048656 -0.831068 295.524384
-0.854521 0.092378 -0.511136 -21.804895 0.054898 0.994609 0.087978 -6.558680 0.516508 0.047118 -0.854985 294.885406
-0.875927 0.089670 -0.474036 -22.179026 0.056683 0.994898 0.083460 -6.502594 0.479101 0.046235 -0.876541 294.203461
-0.895246 0.087791 -0.436838 -22.541630 0.057837 0.994999 0.081435 -6.441360 0.441803 0.047639 -0.895846 293.474823
-0.913014 0.085421 -0.398884 -22.885334 0.058205 0.995104 0.079874 -6.388454 0.403754 0.049709 -0.913516 292.713318
-0.929124 0.084061 -0.360087 -23.206888 0.060107 0.995200 0.077234 -6.327626 0.364851 0.050116 -0.929716 291.914032
-0.943642 0.085021 -0.319860 -23.518433 0.064049 0.995083 0.075545 -6.268041 0.324710 0.050801 -0.944448 291.090546
-0.956033 0.086947 -0.280073 -23.802530 0.068572 0.994841 0.074768 -6.217984 0.285129 0.052275 -0.957063 290.226776
-0.966759 0.086862 -0.240483 -24.044792 0.070872 0.994709 0.074376 -6.155164 0.245671 0.054860 -0.967800 289.336029
-0.975202 0.088636 -0.202791 -24.265100 0.075036 0.994445 0.073813 -6.102962 0.208207 0.056766 -0.976436 288.426147
-0.982227 0.088367 -0.165595 -24.448910 0.077302 0.994395 0.072128 -6.049037 0.171040 0.058045 -0.983553 287.483765
-0.987600 0.087451 -0.130376 -24.594934 0.079158 0.994574 0.067503 -5.984260 0.135572 0.056346 -0.989164 286.514374
-0.991604 0.086137 -0.096449 -24.706591 0.080283 0.994778 0.063016 -5.929599 0.101373 0.054744 -0.993341 285.513977
-0.994354 0.084480 -0.064215 -24.786177 0.080591 0.994884 0.060917 -5.873668 0.069033 0.055398 -0.996075 284.476440
-0.996038 0.082571 -0.033020 -24.833231 0.080510 0.994976 0.059509 -5.820091 0.037768 0.056615 -0.997681 283.412781
-0.996683 0.081292 -0.003700 -24.850901 0.080949 0.995077 0.057176 -5.764565 0.008330 0.056687 -0.998357 282.323944
-0.996460 0.080693 0.023599 -24.834948 0.081901 0.995081 0.055723 -5.716233 -0.018986 0.057458 -0.998167 281.200745
-0.995685 0.078653 0.049238 -24.781750 0.081348 0.995147 0.055355 -5.665181 -0.044645 0.059122 -0.997252 280.036377
-0.994383 0.076698 0.072939 -24.706345 0.080786 0.995221 0.054850 -5.613288 -0.068384 0.060434 -0.995827 278.857635
-0.992820 0.073959 0.094014 -24.607126 0.079162 0.995458 0.052879 -5.567229 -0.089677 0.059942 -0.994165 277.673126
-0.991411 0.069477 0.110800 -24.471537 0.075386 0.995897 0.050061 -5.523118 -0.106867 0.057984 -0.992581 276.486298
-0.990257 0.064833 0.123237 -24.312819 0.071277 0.996271 0.048619 -5.477515 -0.119625 0.056929 -0.991186 275.284454
-0.989486 0.061005 0.131130 -24.141228 0.068040 0.996436 0.049856 -5.430450 -0.127622 0.058254 -0.990111 274.069031
-0.989111 0.057987 0.135263 -23.960100 0.065348 0.996577 0.050628 -5.381964 -0.131864 0.058916 -0.989515 272.826202
-0.989058 0.056899 0.136112 -23.775507 0.064216 0.996684 0.049981 -5.336378 -0.132817 0.058175 -0.989432 271.555298
-0.989396 0.054652 0.134567 -23.581442 0.061735 0.996887 0.049035 -5.289297 -0.131468 0.056823 -0.989690 270.271729
-0.989747 0.053641 0.132378 -23.392025 0.060694 0.996912 0.049830 -5.238930 -0.129296 0.057354 -0.989946 268.973907
-0.990038 0.052901 0.130485 -23.205585 0.059944 0.996916 0.050649 -5.191175 -0.127403 0.057966 -0.990156 267.649506
