1.000000 0.000000 0.000000 0.000000 0.000000 1.000000 0.000000 0.000000 0.000000 0.000000 1.000000 0.000000
0.999981 0.000620 -0.006178 -0.004874 -0.000620 1.000000 0.000058 -0.001689 0.006178 -0.000054 0.999981 0.091744
0.999914 0.001532 -0.013001 -0.010280 -0.001532 0.999999 -0.000020 -0.005464 0.013001 0.000040 0.999915 0.186471
0.999790 0.002071 -0.020402 -0.016136 -0.002082 0.999998 -0.000523 -0.009723 0.020401 0.000566 0.999792 0.276475
0.999582 0.002755 -0.028783 -0.021735 -0.002804 0.999995 -0.001668 -0.012743 0.028779 0.001748 0.999584 0.378344
0.999222 0.003032 -0.039333 -0.028238 -0.003140 0.999992 -0.002668 -0.017421 0.039324 0.002790 0.999223 0.488594
0.998611 0.003268 -0.052594 -0.036933 -0.003449 0.999988 -0.003368 -0.020793 0.052583 0.003545 0.998610 0.615620
0.997644 0.003150 -0.068538 -0.049361 -0.003415 0.999987 -0.003747 -0.023043 0.068525 0.003972 0.997642 0.758559
0.996201 0.001867 -0.087067 -0.060457 -0.002222 0.999990 -0.003971 -0.023582 0.087059 0.004149 0.996195 0.907258
0.994286 0.001138 -0.106742 -0.074863 -0.001595 0.999990 -0.004193 -0.029129 0.106736 0.004339 0.994278 1.066765
0.991658 0.001635 -0.128889 -0.100212 -0.002291 0.999985 -0.004941 -0.036731 0.128879 0.005195 0.991647 1.234487
0.988269 0.004977 -0.152645 -0.142876 -0.005943 0.999965 -0.005874 -0.049435 0.152611 0.006712 0.988264 1.406819
0.984034 0.008147 -0.177793 -0.193247 -0.009608 0.999927 -0.007360 -0.059810 0.177720 0.008951 0.984040 1.580616
0.978790 0.010701 -0.204585 -0.248837 -0.012698 0.999884 -0.008454 -0.068921 0.204471 0.010872 0.978812 1.766425
0.972152 0.011684 -0.234059 -0.307640 -0.014075 0.999864 -0.008546 -0.077281 0.233927 0.011603 0.972185 1.951477
0.964281 0.013336 -0.264546 -0.376848 -0.016144 0.999834 -0.008441 -0.085708 0.264390 0.012410 0.964336 2.141487
0.955000 0.014765 -0.296238 -0.454963 -0.017975 0.999806 -0.008115 -0.092015 0.296060 0.013075 0.955080 2.336721
0.943839 0.016475 -0.329993 -0.544496 -0.020067 0.999771 -0.007481 -0.101600 0.329794 0.013683 0.943954 2.534649
0.931405 0.018531 -0.363514 -0.640235 -0.022758 0.999714 -0.007348 -0.108708 0.363273 0.015117 0.931560 2.725070
0.917769 0.020530 -0.396583 -0.748897 -0.025516 0.999648 -0.007300 -0.114579 0.396293 0.016819 0.917970 2.922145
0.902068 0.020765 -0.431093 -0.858330 -0.026419 0.999626 -0.007133 -0.114920 0.430784 0.017823 0.902279 3.121598
0.883920 0.016829 -0.467335 -0.966136 -0.023401 0.999692 -0.008261 -0.112666 0.467052 0.018238 0.884042 3.323874
0.863095 0.013211 -0.504869 -1.083948 -0.020741 0.999742 -0.009298 -0.119369 0.504615 0.018497 0.863146 3.532155
0.838691 0.014511 -0.544414 -1.234811 -0.022085 0.999729 -0.007376 -0.133049 0.544159 0.018210 0.838784 3.734800
0.810205 0.019237 -0.585831 -1.416272 -0.026761 0.999633 -0.004185 -0.146456 0.585536 0.019068 0.810422 3.928444
0.778070 0.021670 -0.627804 -1.604987 -0.029977 0.999547 -0.002651 -0.156336 0.627462 0.020883 0.778367 4.115939
0.742264 0.020731 -0.669787 -1.796207 -0.030310 0.999537 -0.002653 -0.155538 0.669422 0.022270 0.742548 4.305346
0.702873 0.016654 -0.711120 -1.995984 -0.026307 0.999651 -0.002591 -0.157768 0.710829 0.020528 0.703066 4.502815
0.660429 0.014140 -0.750755 -2.213188 -0.023440 0.999724 -0.001790 -0.164533 0.750522 0.018780 0.660578 4.691987
0.615925 0.013495 -0.787689 -2.456203 -0.022468 0.999747 -0.000440 -0.171337 0.787484 0.017969 0.616073 4.875861
0.567740 0.013776 -0.823093 -2.722905 -0.021559 0.999766 0.001863 -0.175854 0.822926 0.016688 0.567904 5.050989
0.516577 0.013934 -0.856128 -3.007003 -0.021365 0.999766 0.003380 -0.181223 0.855974 0.016545 0.516753 5.208211
0.463611 0.014425 -0.885921 -3.311352 -0.021633 0.999754 0.004958 -0.182361 0.885775 0.016866 0.463809 5.358719
0.409121 0.015471 -0.912349 -3.634870 -0.021872 0.999735 0.007145 -0.184791 0.912218 0.017032 0.409352 5.492199
0.353285 0.016389 -0.935372 -3.980074 -0.022342 0.999709 0.009078 -0.190277 0.935249 0.017691 0.353548 5.605980
0.297650 0.018287 -0.954500 -4.346900 -0.021885 0.999685 0.012328 -0.192380 0.954424 0.017220 0.297956 5.718323
0.243297 0.019297 -0.969760 -4.732375 -0.018844 0.999707 0.015166 -0.195695 0.969769 0.014584 0.243589 5.811886
0.191589 0.019254 -0.981286 -5.125342 -0.017052 0.999722 0.016286 -0.204435 0.981327 0.013613 0.191864 5.886246
0.143245 0.019586 -0.989493 -5.543440 -0.019017 0.999674 0.017034 -0.211916 0.989505 0.016377 0.143571 5.926713
0.099814 0.019070 -0.994823 -5.979774 -0.020683 0.999640 0.017087 -0.206895 0.994791 0.018871 0.100173 5.959119
0.060755 0.017292 -0.998003 -6.429015 -0.022033 0.999630 0.015979 -0.201453 0.997910 0.021018 0.061113 5.980384
0.025816 0.014403 -0.999563 -6.891650 -0.021708 0.999668 0.013844 -0.202031 0.999431 0.021341 0.026120 5.991453
-0.006391 0.011822 -0.999910 -7.364974 -0.021378 0.999700 0.011956 -0.205111 0.999751 0.021452 -0.006137 5.989173
-0.033849 0.009789 -0.999379 -7.853766 -0.022147 0.999699 0.010542 -0.208908 0.999182 0.022490 -0.033622 5.972102
-0.055137 0.007884 -0.998448 -8.352724 -0.022785 0.999698 0.009152 -0.207922 0.998219 0.023255 -0.054940 5.940373
-0.071936 0.007061 -0.997384 -8.872205 -0.023517 0.999685 0.008774 -0.202522 0.997132 0.024087 -0.071747 5.907435
-0.085430 0.007350 -0.996317 -9.420803 -0.023831 0.999672 0.009418 -0.203480 0.996059 0.024548 -0.085227 5.862331
-0.095223 0.008229 -0.995422 -9.989453 -0.025321 0.999622 0.010686 -0.209693 0.995134 0.026223 -0.094979 5.803998
-0.102232 0.009174 -0.994718 -10.571334 -0.026864 0.999567 0.011980 -0.216501 0.994398 0.027947 -0.101941 5.742058
-0.106477 0.009753 -0.994267 -11.168540 -0.027521 0.999540 0.012752 -0.216282 0.993934 0.028721 -0.106160 5.673698
-0.107478 0.010248 -0.994155 -11.783511 -0.025836 0.999580 0.013097 -0.217230 0.993872 0.027093 -0.107168 5.614757
-0.106353 0.011891 -0.994257 -12.418384 -0.025027 0.999580 0.014631 -0.218897 0.994013 0.026439 -0.106010 5.547268
-0.105168 0.013461 -0.994363 -13.067639 -0.025492 0.999543 0.016227 -0.224562 0.994128 0.027055 -0.104777 5.474803
-0.103310 0.012986 -0.994564 -13.725728 -0.026478 0.999525 0.015801 -0.230992 0.994297 0.027966 -0.102918 5.398696
-0.101347 0.010895 -0.994792 -14.407041 -0.025372 0.999586 0.013532 -0.245711 0.994528 0.026611 -0.101028 5.325845
-0.100233 0.010424 -0.994909 -15.103738 -0.024936 0.999605 0.012986 -0.252756 0.994651 0.026110 -0.099934 5.263044
-0.099175 0.012986 -0.994985 -15.815181 -0.024246 0.999586 0.015462 -0.260436 0.994775 0.025657 -0.098819 5.195989
-0.097458 0.015975 -0.995111 -16.548506 -0.024498 0.999530 0.018445 -0.266842 0.994938 0.026176 -0.097021 5.120083
-0.096238 0.017476 -0.995205 -17.283625 -0.024264 0.999508 0.019898 -0.272782 0.995063 0.026063 -0.095767 5.045008
-0.095261 0.016536 -0.995315 -18.023380 -0.024453 0.999521 0.018946 -0.277185 0.995152 0.026143 -0.094811 4.972936
-0.093782 0.014047 -0.995494 -18.771313 -0.024638 0.999561 0.016425 -0.284714 0.995288 0.026068 -0.093395 4.899442
-0.092413 0.013447 -0.995630 -19.536173 -0.023983 0.999589 0.015726 -0.288755 0.995432 0.025331 -0.092052 4.824934
-0.091029 0.015139 -0.995733 -20.325821 -0.019938 0.999656 0.017021 -0.296240 0.995649 0.021402 -0.090696 4.764125
-0.089663 0.017190 -0.995824 -21.116377 -0.018069 0.999658 0.018883 -0.305113 0.995808 0.019687 -0.089321 4.693895
-0.088151 0.018478 -0.995936 -21.921843 -0.016213 0.999669 0.019982 -0.312494 0.995975 0.017909 -0.087823 4.623729
-0.087279 0.014089 -0.996084 -22.714958 -0.015881 0.999753 0.015532 -0.320799 0.996057 0.017174 -0.087034 4.554737
-0.087088 0.007129 -0.996175 -23.512733 -0.013589 0.999873 0.008343 -0.330868 0.996108 0.014264 -0.086980 4.491798
-0.086797 0.002804 -0.996222 -24.323523 -0.011875 0.999922 0.003849 -0.339460 0.996155 0.012164 -0.086757 4.428227
-0.087014 0.003375 -0.996201 -25.148256 -0.012517 0.999912 0.004481 -0.352064 0.996128 0.012859 -0.086964 4.356888
-0.086792 0.009765 -0.996179 -26.014431 -0.012158 0.999867 0.010860 -0.362443 0.996152 0.013054 -0.086662 4.284869
-0.086945 0.015601 -0.996091 -26.883617 -0.012334 0.999784 0.016735 -0.368545 0.996137 0.013741 -0.086734 4.210706
-0.087375 0.019482 -0.995985 -27.744976 -0.014096 0.999684 0.020791 -0.370829 0.996076 0.015856 -0.087073 4.125996
-0.087637 0.019193 -0.995968 -28.593191 -0.014930 0.999677 0.020578 -0.370980 0.996041 0.016674 -0.087322 4.047056
-0.089055 0.015854 -0.995901 -29.432741 -0.016598 0.999711 0.017399 -0.375005 0.995888 0.018079 -0.088766 3.965724
-0.089679 0.013696 -0.995876 -30.281549 -0.016864 0.999741 0.015267 -0.377626 0.995828 0.018163 -0.089425 3.882607
-0.090853 0.014237 -0.995763 -31.133934 -0.018123 0.999709 0.015947 -0.379570 0.995699 0.019495 -0.090569 3.794243
-0.091715 0.015106 -0.995671 -31.977598 -0.018628 0.999684 0.016883 -0.383564 0.995611 0.020096 -0.091404 3.711293
-0.092342 0.013065 -0.995642 -32.803837 -0.019133 0.999706 0.014892 -0.387613 0.995543 0.020425 -0.092065 3.629221
-0.092492 0.007306 -0.995687 -33.617760 -0.021421 0.999727 0.009326 -0.392572 0.995483 0.022191 -0.092311 3.541253
-0.093068 0.003482 -0.995654 -34.449745 -0.022657 0.999728 0.005614 -0.405772 0.995402 0.023081 -0.092964 3.452244
-0.093030 0.003489 -0.995657 -35.292458 -0.023070 0.999718 0.005659 -0.418909 0.995396 0.023496 -0.092924 3.361727
-0.093472 0.005431 -0.995607 -36.138371 -0.021825 0.999734 0.007502 -0.441398 0.995383 0.022430 -0.093328 3.282394
-0.094059 0.009248 -0.995524 -36.988243 -0.023901 0.999648 0.011545 -0.460762 0.995280 0.024879 -0.093805 3.193623
-0.094445 0.013759 -0.995435 -37.844414 -0.023829 0.999587 0.016077 -0.474622 0.995245 0.025238 -0.094078 3.112127
-0.095267 0.015958 -0.995324 -38.692200 -0.024591 0.999529 0.018379 -0.489195 0.995148 0.026227 -0.094829 3.027599
-0.095766 0.015496 -0.995283 -39.531590 -0.022801 0.999582 0.017757 -0.505879 0.995143 0.024394 -0.095372 2.947025
-0.096466 0.011171 -0.995274 -40.347412 -0.022911 0.999647 0.013441 -0.522575 0.995073 0.024100 -0.096176 2.865627
-0.096221 0.007344 -0.995333 -41.174191 -0.022892 0.999692 0.009589 -0.542307 0.995097 0.023708 -0.096024 2.777894
-0.096556 0.004607 -0.995317 -42.013569 -0.025188 0.999658 0.007071 -0.565236 0.995009 0.025752 -0.096407 2.680790
-0.097161 0.002334 -0.995266 -42.846264 -0.025901 0.999653 0.004873 -0.585393 0.994932 0.026252 -0.097067 2.587112
-0.097373 0.000388 -0.995248 -43.674007 -0.022541 0.999743 0.002595 -0.608727 0.994993 0.022686 -0.097339 2.507664
-0.099099 -0.002940 -0.995073 -44.489555 -0.018157 0.999834 -0.001146 -0.631933 0.994912 0.017954 -0.099136 2.438081
-0.100309 -0.004595 -0.994946 -45.304993 -0.013448 0.999904 -0.003262 -0.654377 0.994865 0.013053 -0.100361 2.367515
-0.101716 -0.002121 -0.994811 -46.139526 -0.013130 0.999914 -0.000790 -0.675585 0.994727 0.012981 -0.101735 2.278721
-0.103132 0.003152 -0.994663 -46.975132 -0.010852 0.999932 0.004294 -0.692385 0.994608 0.011237 -0.103091 2.195122
-0.104866 0.005654 -0.994470 -47.801380 -0.010501 0.999922 0.006792 -0.708591 0.994431 0.011155 -0.104798 2.111419
-0.106202 0.004362 -0.994335 -48.623623 -0.011466 0.999919 0.005611 -0.722244 0.994278 0.011997 -0.106143 2.022327
-0.107055 0.000137 -0.994253 -49.432518 -0.015127 0.999884 0.001767 -0.735048 0.994138 0.015229 -0.107040 1.918933
-0.107660 -0.003430 -0.994182 -50.230354 -0.018992 0.999819 -0.001392 -0.752063 0.994006 0.018732 -0.107706 1.814857
-0.108779 -0.005781 -0.994049 -51.031925 -0.023148 0.999727 -0.003281 -0.764549 0.993796 0.022653 -0.108883 1.707132
-0.109220 -0.005413 -0.994003 -51.838516 -0.024973 0.999685 -0.002699 -0.778367 0.993704 0.024528 -0.109321 1.608163
-0.110466 -0.004953 -0.993868 -52.629982 -0.026250 0.999653 -0.002065 -0.793849 0.993533 0.025861 -0.110558 1.514259
-0.111626 -0.006193 -0.993731 -53.415012 -0.029241 0.999568 -0.002945 -0.811939 0.993320 0.028729 -0.111759 1.413189
-0.112082 -0.007261 -0.993672 -54.204578 -0.031955 0.999482 -0.003699 -0.824460 0.993185 0.031339 -0.112256 1.313114
-0.112872 -0.006559 -0.993588 -54.986618 -0.031891 0.999487 -0.002976 -0.840470 0.993098 0.031350 -0.113023 1.223655
-0.113692 -0.004790 -0.993504 -55.765667 -0.032185 0.999481 -0.001136 -0.859949 0.992995 0.031846 -0.113788 1.126720
-0.114198 -0.001768 -0.993456 -56.550804 -0.033719 0.999429 0.002097 -0.874108 0.992886 0.033738 -0.114193 1.028050
-0.114968 -0.000406 -0.993369 -57.338783 -0.034474 0.999399 0.003581 -0.890410 0.992771 0.034658 -0.114913 0.928090
-0.115578 -0.000862 -0.993298 -58.099655 -0.034412 0.999403 0.003137 -0.911251 0.992702 0.034544 -0.115539 0.840249
-0.115987 -0.002781 -0.993247 -58.850254 -0.034100 0.999418 0.001184 -0.934410 0.992665 0.034007 -0.116014 0.745493
-0.116320 -0.006482 -0.993191 -59.588161 -0.033850 0.999424 -0.002558 -0.958317 0.992635 0.033322 -0.116473 0.651926
-0.116521 -0.009151 -0.993146 -60.314442 -0.034939 0.999376 -0.005109 -0.984839 0.992573 0.034105 -0.116768 0.555777
-0.115496 -0.011197 -0.993245 -61.028114 -0.035303 0.999351 -0.007160 -1.013937 0.992680 0.034237 -0.115817 0.462247
-0.113584 -0.011855 -0.993458 -61.726479 -0.035483 0.999339 -0.007869 -1.046766 0.992895 0.034357 -0.113930 0.370977
-0.109546 -0.011248 -0.993918 -62.404961 -0.034758 0.999368 -0.007479 -1.076961 0.993374 0.033727 -0.109868 0.287452
-0.104574 -0.010274 -0.994464 -63.073166 -0.032653 0.999443 -0.006892 -1.106010 0.993981 0.031751 -0.104852 0.216064
-0.097870 -0.008843 -0.995160 -63.722847 -0.031030 0.999501 -0.005830 -1.139607 0.994715 0.030309 -0.098096 0.148607
-0.089450 -0.007702 -0.995962 -64.353638 -0.030477 0.999523 -0.004993 -1.172625 0.995525 0.029907 -0.089642 0.086478
-0.078341 -0.006243 -0.996907 -64.964775 -0.031597 0.999494 -0.003776 -1.197969 0.996426 0.031204 -0.078499 0.021506
-0.063989 -0.004937 -0.997938 -65.569237 -0.033603 0.999431 -0.002790 -1.223473 0.997385 0.033355 -0.064119 -0.032625
-0.046397 -0.003711 -0.998916 -66.153458 -0.033730 0.999429 -0.002146 -1.245424 0.998353 0.033594 -0.046496 -0.069566
-0.024646 -0.002897 -0.999692 -66.706184 -0.033734 0.999429 -0.002064 -1.265174 0.999127 0.033673 -0.024730 -0.092362
0.000034 -0.002508 -0.999997 -67.240944 -0.032276 0.999476 -0.002508 -1.282998 0.999479 0.032276 -0.000047 -0.094752
0.028592 -0.002726 -0.999587 -67.755646 -0.029218 0.999567 -0.003562 -1.299592 0.999164 0.029307 0.028500 -0.074141
0.061961 -0.002712 -0.998075 -68.248123 -0.026567 0.999637 -0.004366 -1.315846 0.997725 0.026786 0.061866 -0.040248
0.098697 -0.002537 -0.995114 -68.725906 -0.023916 0.999702 -0.004921 -1.330352 0.994830 0.024285 0.098606 0.012069
0.138380 -0.002757 -0.990375 -69.177208 -0.022166 0.999737 -0.005881 -1.349465 0.990131 0.022767 0.138282 0.080454
0.182792 -0.001729 -0.983150 -69.628738 -0.019668 0.999792 -0.005415 -1.366288 0.982955 0.020326 0.182720 0.167454
0.230230 -0.002222 -0.973134 -70.062531 -0.015116 0.999869 -0.005859 -1.379731 0.973019 0.016058 0.230166 0.284036
0.279400 -0.006027 -0.960156 -70.488243 -0.005677 0.999952 -0.007929 -1.395909 0.960158 0.007666 0.279353 0.430159
0.329711 -0.010191 -0.944027 -70.896599 0.001186 0.999945 -0.010381 -1.411280 0.944081 0.002303 0.329705 0.592583
0.381510 -0.013863 -0.924261 -71.295006 0.008205 0.999899 -0.011611 -1.422357 0.924328 -0.003154 0.381585 0.777656
0.432491 -0.013636 -0.901535 -71.689095 0.010240 0.999895 -0.010212 -1.432900 0.901580 -0.004815 0.432585 0.973642
0.480371 -0.014589 -0.876944 -72.067184 0.013517 0.999866 -0.009230 -1.434224 0.876961 -0.007420 0.480504 1.193804
0.525571 -0.017165 -0.850577 -72.432060 0.020923 0.999755 -0.007247 -1.434405 0.850492 -0.013988 0.525801 1.443723
0.569431 -0.022327 -0.821736 -72.767982 0.031575 0.999487 -0.005276 -1.443672 0.821432 -0.022942 0.569844 1.722003
0.612654 -0.025178 -0.789950 -73.097672 0.033886 0.999410 -0.005574 -1.459317 0.789624 -0.023353 0.613146 1.990519
0.655026 -0.029710 -0.755022 -73.412476 0.032817 0.999402 -0.010855 -1.463201 0.754893 -0.017667 0.655610 2.251960
0.696901 -0.035465 -0.716290 -73.723213 0.031007 0.999333 -0.019311 -1.466707 0.716497 -0.008752 0.697535 2.529230
0.737281 -0.038566 -0.674484 -74.022743 0.029497 0.999255 -0.024893 -1.474378 0.674942 -0.001542 0.737869 2.842349
0.775358 -0.039299 -0.630297 -74.313942 0.030247 0.999227 -0.025093 -1.483654 0.630797 0.000392 0.775948 3.195885
0.810789 -0.039952 -0.583973 -74.593269 0.031670 0.999201 -0.024390 -1.494475 0.584480 0.001281 0.811407 3.584756
0.842997 -0.039563 -0.536462 -74.866997 0.031325 0.999210 -0.024465 -1.510402 0.537006 0.003819 0.843570 4.003615
0.870392 -0.038096 -0.490883 -75.128952 0.031846 0.999270 -0.021083 -1.534608 0.491328 0.002718 0.870970 4.468938
0.893106 -0.035544 -0.448440 -75.377029 0.030162 0.999362 -0.019142 -1.556442 0.448835 0.003570 0.893608 4.954931
0.912257 -0.032712 -0.408310 -75.618591 0.027282 0.999445 -0.019116 -1.570519 0.408708 0.006299 0.912643 5.463006
0.927404 -0.029573 -0.372890 -75.846916 0.025158 0.999544 -0.016702 -1.587439 0.373214 0.006109 0.927725 6.010911
0.938790 -0.028672 -0.343294 -76.056541 0.025349 0.999578 -0.014166 -1.603275 0.343555 0.004597 0.939121 6.579529
0.947074 -0.028932 -0.319710 -76.244652 0.026545 0.999578 -0.011823 -1.621083 0.319917 0.002711 0.947442 7.166802
0.953706 -0.029098 -0.299331 -76.432823 0.027512 0.999576 -0.009512 -1.638835 0.299480 0.000836 0.954102 7.775620
0.959098 -0.028223 -0.281665 -76.618240 0.027376 0.999601 -0.006945 -1.655503 0.281749 -0.001050 0.959488 8.392507
0.963321 -0.024256 -0.267252 -76.813995 0.023831 0.999704 -0.004834 -1.678837 0.267290 -0.001712 0.963615 9.027371
0.966804 -0.022549 -0.254523 -77.001152 0.022280 0.999744 -0.003943 -1.695272 0.254547 -0.001859 0.967059 9.668500
0.969971 -0.022835 -0.242147 -77.167137 0.022679 0.999737 -0.003432 -1.713002 0.242162 -0.002163 0.970234 10.317315
0.973103 -0.022554 -0.229262 -77.333580 0.022436 0.999743 -0.003123 -1.735056 0.229274 -0.002104 0.973360 10.990483
0.976300 -0.022217 -0.215278 -77.501808 0.022268 0.999750 -0.002187 -1.753648 0.215272 -0.002658 0.976550 11.670406
0.979153 -0.021937 -0.201935 -77.660469 0.022128 0.999754 -0.001316 -1.775321 0.201914 -0.003180 0.979398 12.374531
0.981701 -0.021893 -0.189169 -77.811050 0.021685 0.999760 -0.003172 -1.796647 0.189193 -0.000988 0.981939 13.092808
0.983797 -0.021973 -0.177933 -77.957855 0.020913 0.999751 -0.007830 -1.817130 0.178061 0.003982 0.984011 13.819567
0.985353 -0.023314 -0.168925 -78.089897 0.021429 0.999686 -0.012976 -1.835595 0.169175 0.009167 0.985543 14.548592
0.986692 -0.021149 -0.161221 -78.228294 0.019227 0.999724 -0.013470 -1.861458 0.161462 0.010191 0.986826 15.301961
0.987598 -0.019222 -0.155820 -78.362633 0.018147 0.999801 -0.008322 -1.887193 0.155949 0.005391 0.987750 16.086721
0.988262 -0.014603 -0.152067 -78.501717 0.014668 0.999892 -0.000694 -1.913343 0.152061 -0.001545 0.988370 16.871696
0.988711 -0.014138 -0.149164 -78.624496 0.014586 0.999892 0.001910 -1.932314 0.149121 -0.004064 0.988811 17.648371
0.989077 -0.015412 -0.146591 -78.741982 0.015707 0.999876 0.000855 -1.953097 0.146559 -0.003148 0.989197 18.414959
0.989365 -0.017351 -0.144416 -78.853973 0.017493 0.999847 -0.000284 -1.969818 0.144399 -0.002246 0.989517 19.181690
0.989540 -0.017646 -0.143175 -78.968498 0.017972 0.999838 0.000981 -1.983990 0.143134 -0.003544 0.989697 19.958485
0.989558 -0.019419 -0.142822 -79.081673 0.019957 0.999798 0.002334 -1.998570 0.142748 -0.005160 0.989746 20.746010
0.989785 -0.019956 -0.141163 -79.197182 0.020572 0.999784 0.002912 -2.012619 0.141074 -0.005786 0.989982 21.527906
0.989916 -0.022790 -0.139809 -79.307869 0.022933 0.999737 -0.000588 -2.030161 0.139786 -0.002624 0.990178 22.298056
0.990093 -0.022176 -0.138650 -79.431511 0.021261 0.999741 -0.008075 -2.051301 0.138793 0.005047 0.990309 23.052919
0.990266 -0.022712 -0.137321 -79.547058 0.020647 0.999652 -0.016441 -2.068920 0.137647 0.013445 0.990390 23.795765
0.990327 -0.023312 -0.136782 -79.660065 0.020727 0.999579 -0.020293 -2.094666 0.137198 0.017261 0.990393 24.556152
0.990536 -0.021728 -0.135526 -79.778671 0.019272 0.999626 -0.019405 -2.121438 0.135897 0.016609 0.990584 25.332458
0.990856 -0.019411 -0.133520 -79.896027 0.017370 0.999714 -0.016435 -2.150599 0.133801 0.013965 0.990910 26.106363
0.991202 -0.017149 -0.131244 -80.014374 0.015666 0.999801 -0.012322 -2.176665 0.131429 0.010157 0.991274 26.882122
0.991284 -0.018800 -0.130395 -80.114815 0.017418 0.999779 -0.011734 -2.197340 0.130587 0.009360 0.991393 27.644348
0.991269 -0.021198 -0.130143 -80.214310 0.019765 0.999729 -0.012294 -2.220797 0.130369 0.009615 0.991419 28.413830
0.991349 -0.021562 -0.129468 -80.317215 0.020062 0.999716 -0.012876 -2.243142 0.129709 0.010167 0.991500 29.178581
0.991418 -0.022489 -0.128781 -80.420547 0.020789 0.999678 -0.014529 -2.265642 0.129067 0.011727 0.991567 29.949892
0.991438 -0.024568 -0.128245 -80.516464 0.022711 0.999615 -0.015924 -2.284183 0.128587 0.012875 0.991615 30.720812
0.991505 -0.024927 -0.127659 -80.619560 0.023054 0.999604 -0.016123 -2.310951 0.128011 0.013043 0.991687 31.498119
0.991653 -0.022518 -0.126957 -80.733765 0.020692 0.999663 -0.015687 -2.335974 0.127267 0.012929 0.991784 32.273945
0.991732 -0.021097 -0.126581 -80.844597 0.019183 0.999683 -0.016320 -2.357924 0.126885 0.013757 0.991822 33.060844
0.991592 -0.020303 -0.127800 -80.951004 0.018284 0.999689 -0.016949 -2.381849 0.128105 0.014470 0.991655 33.851715
0.991410 -0.020862 -0.129113 -81.058243 0.018832 0.999679 -0.016926 -2.408485 0.129425 0.014350 0.991485 34.642624
0.991135 -0.018450 -0.131572 -81.175980 0.016311 0.999717 -0.017315 -2.438557 0.131854 0.015015 0.991155 35.446404
0.990844 -0.014783 -0.134199 -81.295700 0.012469 0.999759 -0.018069 -2.467965 0.134434 0.016230 0.990790 36.245373
0.990622 -0.014596 -0.135851 -81.411491 0.011686 0.999686 -0.022187 -2.496947 0.136132 0.020391 0.990481 37.036598
0.990408 -0.013082 -0.137553 -81.530388 0.009622 0.999621 -0.025785 -2.523157 0.137839 0.024214 0.990159 37.836987
0.990258 -0.012940 -0.138641 -81.645668 0.009275 0.999591 -0.027049 -2.559256 0.138934 0.025500 0.989973 38.675072
0.990127 -0.010893 -0.139752 -81.768501 0.007274 0.999626 -0.026378 -2.587597 0.139987 0.025101 0.989835 39.526577
0.989876 -0.011809 -0.141443 -81.882339 0.008225 0.999631 -0.025899 -2.629874 0.141696 0.024473 0.989608 40.385750
0.989682 -0.012941 -0.142697 -82.004578 0.009484 0.999645 -0.024879 -2.670058 0.142968 0.023269 0.989454 41.244377
0.989618 -0.012652 -0.143162 -82.133698 0.009482 0.999695 -0.022807 -2.704535 0.143406 0.021212 0.989437 42.098186
0.989548 -0.013036 -0.143612 -82.259537 0.010405 0.999764 -0.019059 -2.743882 0.143826 0.017365 0.989451 42.959423
0.989693 -0.012749 -0.142637 -82.384621 0.010517 0.999810 -0.016390 -2.786443 0.142819 0.014721 0.989639 43.815868
0.990023 -0.009374 -0.140592 -82.524361 0.007190 0.999846 -0.016040 -2.823308 0.140720 0.014869 0.989938 44.673737
0.990367 -0.008533 -0.138206 -82.654640 0.006172 0.999828 -0.017500 -2.860586 0.138332 0.016479 0.990249 45.529156
0.990621 -0.011617 -0.136143 -82.770554 0.008989 0.999762 -0.019898 -2.894989 0.136341 0.018488 0.990489 46.379902
0.990804 -0.015679 -0.134397 -82.882072 0.012922 0.999688 -0.021359 -2.935205 0.134690 0.019426 0.990697 47.247066
0.991099 -0.016101 -0.132146 -83.007790 0.013285 0.999666 -0.022164 -2.975923 0.132459 0.020211 0.990982 48.114910
0.991282 -0.016831 -0.130681 -83.125954 0.014206 0.999679 -0.020992 -3.013820 0.130992 0.018953 0.991202 48.987064
0.991424 -0.017712 -0.129480 -83.238251 0.015372 0.999700 -0.019056 -3.059392 0.129779 0.016902 0.991399 49.857513
0.991575 -0.017518 -0.128346 -83.352234 0.015143 0.999696 -0.019454 -3.098330 0.128648 0.017346 0.991539 50.725525
0.991781 -0.015439 -0.127011 -83.477837 0.012641 0.999660 -0.022807 -3.143902 0.127319 0.021014 0.991639 51.579678
0.991990 -0.013661 -0.125574 -83.604156 0.010201 0.999552 -0.028151 -3.187093 0.125903 0.026644 0.991685 52.434235
0.992170 -0.011951 -0.124320 -83.727600 0.007830 0.999405 -0.033583 -3.235377 0.124648 0.032346 0.991674 53.293800
0.992343 -0.007771 -0.123267 -83.860390 0.002910 0.999213 -0.039565 -3.291006 0.123478 0.038904 0.991584 54.142296
0.992503 -0.007625 -0.121981 -83.975464 0.002616 0.999149 -0.041170 -3.341915 0.122191 0.040542 0.991678 54.987148
0.992544 -0.009437 -0.121522 -84.081146 0.005036 0.999322 -0.036472 -3.395030 0.121783 0.035589 0.991918 55.866638
0.992455 -0.010076 -0.122191 -84.192429 0.006732 0.999592 -0.027747 -3.453340 0.122421 0.026715 0.992119 56.743649
0.992260 -0.013214 -0.123472 -84.295784 0.010702 0.999722 -0.020986 -3.499547 0.123715 0.019502 0.992126 57.612621
0.991877 -0.016291 -0.126150 -84.402931 0.013577 0.999658 -0.022348 -3.539165 0.126471 0.020453 0.991759 58.470379
0.991543 -0.021292 -0.128023 -84.503479 0.018229 0.999520 -0.025056 -3.583717 0.128496 0.022510 0.991455 59.304905
0.991205 -0.022952 -0.130329 -84.614792 0.019609 0.999447 -0.026870 -3.621028 0.130874 0.024078 0.991107 60.141975
0.990876 -0.021812 -0.133001 -84.736389 0.018059 0.999406 -0.029363 -3.669423 0.133563 0.026693 0.990681 60.976749
0.990436 -0.021190 -0.136340 -84.859940 0.016867 0.999320 -0.032786 -3.712107 0.136942 0.030173 0.990120 61.793922
0.989936 -0.020940 -0.139956 -84.977943 0.016004 0.999213 -0.036306 -3.755041 0.140606 0.033701 0.989492 62.607807
0.989625 -0.019406 -0.142358 -85.105812 0.013868 0.999112 -0.039788 -3.810304 0.143003 0.037401 0.989015 63.415810
0.989233 -0.013789 -0.145698 -85.246933 0.007999 0.999158 -0.040248 -3.864017 0.146130 0.038650 0.988510 64.234596
0.988796 -0.009629 -0.148961 -85.385590 0.003851 0.999231 -0.039025 -3.917979 0.149222 0.038014 0.988073 65.042213
0.988223 -0.005331 -0.152930 -85.521988 0.000030 0.999400 -0.034644 -3.969041 0.153023 0.034231 0.987630 65.858200
0.987547 -0.005092 -0.157244 -85.651085 0.000354 0.999545 -0.030148 -4.017214 0.157327 0.029717 0.987099 66.663910
0.986774 -0.005240 -0.162015 -85.779411 0.000880 0.999636 -0.026971 -4.064666 0.162098 0.026472 0.986420 67.462807
0.985805 -0.004862 -0.167822 -85.915207 0.000462 0.999655 -0.026251 -4.106343 0.167891 0.025801 0.985468 68.257645
0.984812 -0.006223 -0.173512 -86.044350 0.002086 0.999709 -0.024014 -4.148021 0.173611 0.023287 0.984539 69.052101
0.983762 -0.006486 -0.179360 -86.179893 0.002226 0.999711 -0.023939 -4.194897 0.179463 0.023151 0.983492 69.831337
0.982795 -0.002552 -0.184684 -86.338669 -0.002142 0.999680 -0.025216 -4.241351 0.184689 0.025178 0.982474 70.599022
0.981842 -0.000250 -0.189698 -86.495247 -0.005188 0.999590 -0.028168 -4.285278 0.189627 0.028640 0.981438 71.369179
0.980745 -0.001558 -0.195286 -86.643684 -0.004567 0.999512 -0.030913 -4.326488 0.195239 0.031210 0.980259 72.134628
0.979741 -0.001583 -0.200263 -86.807205 -0.004968 0.999469 -0.032207 -4.371940 0.200207 0.032549 0.979213 72.903091
0.978913 0.002053 -0.204267 -86.988235 -0.008172 0.999543 -0.029118 -4.415231 0.204113 0.030173 0.978482 73.686272
0.977718 0.003143 -0.209899 -87.156532 -0.008632 0.999644 -0.025239 -4.460603 0.209745 0.026489 0.977397 74.464622
0.976587 0.001761 -0.215115 -87.322685 -0.006953 0.999702 -0.023383 -4.507544 0.215009 0.024331 0.976309 75.240860
0.975069 -0.000493 -0.221902 -87.492142 -0.005572 0.999628 -0.026708 -4.548120 0.221832 0.027279 0.974703 75.994858
0.973222 -0.001069 -0.229866 -87.669937 -0.006872 0.999407 -0.033746 -4.595914 0.229766 0.034422 0.972637 76.738434
0.971065 -0.002283 -0.238806 -87.851624 -0.006759 0.999291 -0.037040 -4.637320 0.238721 0.037583 0.970361 77.491837
0.968389 -0.002201 -0.249436 -88.050804 -0.006845 0.999350 -0.035392 -4.681517 0.249352 0.035980 0.967744 78.256775
0.965514 -0.001916 -0.260343 -88.254890 -0.006260 0.999513 -0.030571 -4.720379 0.260275 0.031146 0.965032 79.023651
0.962475 0.000824 -0.271368 -88.478096 -0.007697 0.999676 -0.024262 -4.752419 0.271260 0.025440 0.962170 79.790146
0.959526 0.000444 -0.281620 -88.694252 -0.006629 0.999757 -0.021012 -4.798272 0.281543 0.022028 0.959296 80.533188
0.956421 0.003277 -0.291974 -88.927368 -0.010982 0.999633 -0.024757 -4.838521 0.291786 0.026884 0.956106 81.252350
0.953213 0.002137 -0.302292 -89.155853 -0.012872 0.999355 -0.033526 -4.877062 0.302026 0.035848 0.952626 81.945000
0.949805 0.000523 -0.312842 -89.390587 -0.013327 0.999159 -0.038791 -4.911560 0.312558 0.041013 0.949013 82.652466
0.946112 0.001172 -0.323839 -89.638298 -0.013502 0.999267 -0.035831 -4.947961 0.323559 0.038272 0.945433 83.373810
0.942316 0.004822 -0.334691 -89.898735 -0.015677 0.999435 -0.029737 -4.994181 0.334359 0.033269 0.941859 84.100197
0.938421 0.005537 -0.345451 -90.165848 -0.015162 0.999568 -0.025168 -5.034655 0.345162 0.028856 0.938099 84.831001
0.933823 0.003040 -0.357723 -90.428757 -0.013424 0.999557 -0.026549 -5.084311 0.357484 0.029594 0.933450 85.543251
0.929461 -0.000502 -0.368919 -90.699112 -0.011850 0.999442 -0.031216 -5.124566 0.368729 0.033385 0.928937 86.243805
0.926015 -0.005179 -0.377451 -90.970810 -0.009767 0.999242 -0.037673 -5.171383 0.377360 0.038573 0.925263 86.937172
0.923204 -0.010165 -0.384176 -91.252991 -0.007066 0.999032 -0.043415 -5.215735 0.384245 0.042795 0.922239 87.629578
0.920294 -0.010894 -0.391077 -91.554153 -0.007532 0.998934 -0.045550 -5.269315 0.391156 0.044865 0.919230 88.336632
0.917343 -0.006697 -0.398042 -91.873947 -0.012659 0.998862 -0.045981 -5.321196 0.397897 0.047219 0.916214 89.034393
0.914166 -0.005711 -0.405300 -92.188866 -0.013598 0.998906 -0.044747 -5.372484 0.405112 0.046417 0.913088 89.732010
0.910905 -0.004749 -0.412589 -92.508255 -0.012639 0.999143 -0.039403 -5.419878 0.412423 0.041106 0.910065 90.440788
0.908122 -0.002320 -0.418699 -92.842239 -0.012137 0.999419 -0.031863 -5.473392 0.418530 0.034017 0.907566 91.167305
0.905673 0.007143 -0.423917 -93.203712 -0.019922 0.999471 -0.025722 -5.522737 0.423509 0.031740 0.905336 91.876610
0.903127 0.011807 -0.429211 -93.560020 -0.026422 0.999256 -0.028109 -5.560015 0.428560 0.036727 0.902767 92.557739
0.900719 0.007486 -0.434337 -93.891136 -0.025854 0.999003 -0.036399 -5.589820 0.433632 0.044015 0.900015 93.232376
0.898577 -0.000962 -0.438815 -94.211334 -0.020460 0.998818 -0.044086 -5.631163 0.438338 0.048592 0.897496 93.909798
0.896573 -0.000083 -0.442896 -94.560768 -0.021970 0.998761 -0.044661 -5.682273 0.442350 0.049772 0.895460 94.597870
0.894377 0.006355 -0.447269 -94.937103 -0.027540 0.998784 -0.040879 -5.727187 0.446465 0.048879 0.893465 95.294380
0.891922 0.008278 -0.452114 -95.298340 -0.028128 0.998912 -0.037201 -5.776879 0.451314 0.045897 0.891184 95.987206
0.889522 0.004252 -0.456872 -95.647636 -0.024516 0.998960 -0.038436 -5.832283 0.456234 0.045390 0.888702 96.682785
0.887230 0.001384 -0.461325 -96.007141 -0.024603 0.998714 -0.044320 -5.878120 0.460671 0.050672 0.886123 97.360832
0.884696 -0.001730 -0.466165 -96.374542 -0.024678 0.998417 -0.050540 -5.925891 0.465515 0.056217 0.883253 98.052917
0.882326 -0.000806 -0.470638 -96.751724 -0.027055 0.998258 -0.052431 -5.971938 0.469860 0.058995 0.880767 98.732811
0.879918 0.002141 -0.475121 -97.133537 -0.029093 0.998356 -0.049381 -6.027589 0.474234 0.057274 0.878534 99.421211
0.877662 0.002691 -0.479273 -97.517677 -0.029316 0.998413 -0.048080 -6.084836 0.478383 0.056248 0.876348 100.110756
0.875045 0.003494 -0.484029 -97.897469 -0.030515 0.998383 -0.047960 -6.144227 0.483079 0.056737 0.873736 100.788681
0.872530 0.001499 -0.488559 -98.277184 -0.028990 0.998392 -0.048710 -6.198494 0.487701 0.056664 0.871170 101.469650
0.870307 -0.000616 -0.492510 -98.653748 -0.027247 0.998408 -0.049395 -6.254384 0.491756 0.056408 0.868904 102.135216
0.867966 -0.001196 -0.496623 -99.039978 -0.026879 0.998418 -0.049382 -6.308008 0.495896 0.056211 0.866561 102.798126
0.865556 -0.000294 -0.500813 -99.436111 -0.028123 0.998393 -0.049191 -6.365164 0.500023 0.056662 0.864157 103.465622
0.863147 -0.000195 -0.504952 -99.834137 -0.028695 0.998365 -0.049436 -6.420467 0.504136 0.057160 0.861730 104.131645
0.860777 -0.002685 -0.508975 -100.224693 -0.028315 0.998185 -0.053152 -6.479043 0.508193 0.060164 0.859139 104.780197
0.858624 -0.005557 -0.512577 -100.627869 -0.027893 0.997953 -0.057543 -6.537972 0.511847 0.063706 0.856711 105.427170
0.856496 -0.006760 -0.516109 -101.025841 -0.028669 0.997747 -0.060647 -6.597986 0.515357 0.066740 0.854373 106.067940
0.854801 -0.004271 -0.518939 -101.439941 -0.030524 0.997821 -0.058490 -6.649502 0.518058 0.065837 0.852808 106.717140
0.852962 0.000772 -0.521972 -101.850006 -0.032243 0.998167 -0.051211 -6.707648 0.520976 0.060511 0.851424 107.357414
0.851520 0.003037 -0.524313 -102.255135 -0.029882 0.998639 -0.042746 -6.764989 0.523469 0.052067 0.850452 108.004257
0.849413 0.002420 -0.527723 -102.638618 -0.027228 0.998859 -0.039245 -6.816784 0.527026 0.047704 0.848509 108.621674
0.847316 -0.001047 -0.531089 -103.012764 -0.023780 0.998920 -0.039908 -6.866006 0.530557 0.046443 0.846376 109.229256
0.845190 -0.002875 -0.534458 -103.384956 -0.023669 0.998803 -0.042803 -6.913396 0.533941 0.048826 0.844111 109.805267
0.843506 -0.004895 -0.537097 -103.751617 -0.023227 0.998691 -0.045581 -6.959404 0.536617 0.050923 0.842288 110.366898
0.841938 -0.006674 -0.539533 -104.109772 -0.022051 0.998663 -0.046765 -7.004241 0.539123 0.051270 0.840665 110.915993
0.840574 -0.008081 -0.541637 -104.454170 -0.020824 0.998668 -0.047216 -7.051289 0.541296 0.050967 0.839286 111.447670
0.839343 -0.007411 -0.543552 -104.798370 -0.021371 0.998684 -0.046617 -7.097012 0.543182 0.050744 0.838080 111.966164
0.837915 -0.007211 -0.545753 -105.127441 -0.021174 0.998730 -0.045707 -7.136663 0.545389 0.049854 0.836699 112.466789
0.836441 -0.008430 -0.547992 -105.443329 -0.019674 0.998775 -0.045394 -7.176171 0.547703 0.048751 0.835251 112.952095
0.835202 -0.009313 -0.549864 -105.744095 -0.018747 0.998793 -0.045392 -7.217544 0.549623 0.048220 0.834020 113.414162
0.833783 -0.009774 -0.552005 -106.033501 -0.019076 0.998736 -0.046498 -7.255518 0.551762 0.049299 0.832543 113.847214
0.832387 -0.010460 -0.554096 -106.312019 -0.020237 0.998581 -0.049253 -7.296863 0.553825 0.052211 0.830994 114.253731
0.830864 -0.013142 -0.556320 -106.572670 -0.019759 0.998394 -0.053095 -7.326149 0.556124 0.055107 0.829270 114.640175
0.828344 -0.016216 -0.559985 -106.822151 -0.017699 0.998325 -0.055090 -7.357265 0.559940 0.055544 0.826669 115.020721
0.825175 -0.019847 -0.564529 -107.063271 -0.013730 0.998383 -0.055168 -7.389795 0.564711 0.053274 0.823568 115.395004
0.821532 -0.019605 -0.569825 -107.306740 -0.013898 0.998423 -0.054388 -7.423457 0.569993 0.052601 0.819964 115.742546
0.817623 -0.016468 -0.575518 -107.548996 -0.017173 0.998449 -0.052967 -7.454260 0.575497 0.053191 0.816072 116.068428
0.813861 -0.011646 -0.580943 -107.780304 -0.021332 0.998526 -0.049901 -7.482907 0.580668 0.053005 0.812413 116.371422
0.809457 -0.006392 -0.587144 -108.004921 -0.023690 0.998771 -0.043532 -7.508646 0.586701 0.049147 0.808311 116.667038
0.804518 -0.004525 -0.593911 -108.210602 -0.024173 0.998893 -0.040356 -7.531122 0.593436 0.046823 0.803518 116.944153
0.799051 -0.006463 -0.601228 -108.400146 -0.021542 0.998993 -0.039369 -7.554363 0.600877 0.044410 0.798107 117.209702
0.792471 -0.008079 -0.609856 -108.578545 -0.019728 0.999050 -0.038870 -7.578466 0.609590 0.042834 0.791558 117.458321
0.784039 -0.009602 -0.620637 -108.751450 -0.017940 0.999112 -0.038120 -7.596839 0.620452 0.041021 0.783171 117.692596
0.774231 -0.009296 -0.632835 -108.918549 -0.018559 0.999129 -0.037382 -7.617290 0.632631 0.040687 0.773384 117.903801
0.762401 -0.008453 -0.647050 -109.090591 -0.020690 0.999085 -0.037431 -7.635201 0.646774 0.041925 0.761528 118.092400
0.748738 -0.009485 -0.662798 -109.255653 -0.021974 0.998993 -0.039120 -7.655962 0.662502 0.043855 0.747775 118.271805
0.734352 -0.011407 -0.678673 -109.414734 -0.024120 0.998789 -0.042885 -7.677622 0.678340 0.047862 0.733187 118.438911
0.719241 -0.014092 -0.694618 -109.564392 -0.025780 0.998564 -0.046953 -7.697653 0.694282 0.051678 0.717845 118.584320
0.704288 -0.014350 -0.709769 -109.724892 -0.030505 0.998261 -0.050452 -7.712670 0.709258 0.057184 0.702626 118.718628
0.688891 -0.011617 -0.724772 -109.897896 -0.038573 0.997867 -0.052658 -7.728929 0.723838 0.064233 0.686974 118.851311
0.672001 -0.009976 -0.740483 -110.070297 -0.042591 0.997734 -0.052093 -7.735353 0.739325 0.066545 0.670053 118.989342
0.653204 -0.011283 -0.757098 -110.234642 -0.041732 0.997833 -0.050876 -7.744895 0.756031 0.064828 0.651317 119.136215
0.633015 -0.012063 -0.774045 -110.401176 -0.041366 0.997923 -0.049382 -7.757402 0.773033 0.063279 0.631201 119.278778
0.611028 -0.010947 -0.791533 -110.578247 -0.043114 0.997960 -0.047083 -7.776667 0.790434 0.062895 0.609310 119.402130
0.587346 -0.007556 -0.809301 -110.765663 -0.047676 0.997897 -0.043918 -7.786151 0.807930 0.064379 0.585751 119.513138
0.562607 -0.004155 -0.826714 -110.956551 -0.051496 0.997869 -0.040060 -7.797121 0.825119 0.065110 0.561194 119.618210
0.537502 -0.001684 -0.843261 -111.140594 -0.054914 0.997805 -0.036995 -7.807553 0.841472 0.066192 0.536230 119.718201
0.511378 0.000804 -0.859356 -111.334038 -0.059514 0.997632 -0.034482 -7.822410 0.857293 0.068777 0.510215 119.808838
0.485052 0.004238 -0.874475 -111.529976 -0.064480 0.997440 -0.030931 -7.834182 0.872105 0.071389 0.484084 119.891663
0.456948 0.006922 -0.889466 -111.723854 -0.068563 0.997269 -0.027462 -7.845291 0.886847 0.073533 0.456175 119.967903
0.427230 0.006389 -0.904120 -111.915764 -0.069365 0.997259 -0.025731 -7.859866 0.901478 0.073708 0.426502 120.050606
0.395225 0.004103 -0.918575 -112.119896 -0.070995 0.997135 -0.026093 -7.879694 0.915837 0.075527 0.394384 120.127403
0.360786 0.000407 -0.932648 -112.341179 -0.072263 0.997006 -0.027519 -7.891814 0.929845 0.077324 0.359735 120.203033
0.322503 -0.002303 -0.946566 -112.591537 -0.073856 0.996887 -0.027589 -7.902484 0.943683 0.078807 0.321329 120.278061
0.281201 -0.003704 -0.959642 -112.854065 -0.075234 0.996830 -0.025893 -7.912365 0.956695 0.079479 0.280031 120.346901
0.237796 -0.005605 -0.971299 -113.139633 -0.076176 0.996796 -0.024402 -7.923321 0.968323 0.079793 0.236607 120.406006
0.191190 -0.008288 -0.981518 -113.438194 -0.077297 0.996732 -0.023474 -7.931743 0.978505 0.080356 0.189925 120.459389
0.142033 -0.010887 -0.989802 -113.759155 -0.078887 0.996634 -0.022283 -7.942189 0.986713 0.081248 0.140697 120.496223
0.091878 -0.012169 -0.995696 -114.091850 -0.080068 0.996597 -0.019568 -7.951898 0.992546 0.081522 0.090591 120.521805
0.039682 -0.011902 -0.999142 -114.447968 -0.081483 0.996560 -0.015107 -7.959474 0.995885 0.082012 0.038575 120.527527
-0.013703 -0.010931 -0.999846 -114.810150 -0.080743 0.996687 -0.009790 -7.965498 0.996641 0.080596 -0.014540 120.527000
-0.068342 -0.010229 -0.997609 -115.188530 -0.079193 0.996848 -0.004796 -7.974528 0.994514 0.078676 -0.068937 120.502281
-0.122464 -0.009837 -0.992424 -115.574226 -0.077447 0.996996 -0.000326 -7.981329 0.989447 0.076820 -0.122858 120.456284
-0.175821 -0.008893 -0.984382 -115.967072 -0.075978 0.997099 0.004563 -7.990110 0.981486 0.075593 -0.175987 120.385460
-0.227397 -0.008696 -0.973763 -116.369476 -0.075372 0.997118 0.008696 -7.991723 0.970881 0.075372 -0.227397 120.285530
-0.277079 -0.008350 -0.960811 -116.782822 -0.073246 0.997236 0.012456 -7.991552 0.958051 0.073827 -0.276924 120.166161
-0.325829 -0.008177 -0.945393 -117.207397 -0.069676 0.997451 0.015387 -7.990623 0.942858 0.070885 -0.325568 120.024200
-0.373116 -0.008139 -0.927749 -117.643852 -0.066192 0.997647 0.017869 -7.992248 0.925421 0.068077 -0.372776 119.854347
-0.417347 -0.007551 -0.908716 -118.077873 -0.062658 0.997825 0.020486 -7.992864 0.906585 0.065488 -0.416912 119.659363
-0.459365 -0.007643 -0.888215 -118.520012 -0.059811 0.997960 0.022345 -7.990439 0.886232 0.063389 -0.458884 119.432411
-0.497960 -0.007317 -0.867169 -118.968613 -0.057593 0.998036 0.024651 -7.988972 0.865285 0.062218 -0.497403 119.178185
-0.532061 -0.007528 -0.846673 -119.419052 -0.056332 0.998060 0.026526 -7.985190 0.844830 0.061808 -0.531452 118.893684
-0.560389 -0.008250 -0.828189 -119.864777 -0.055988 0.998040 0.027942 -7.979373 0.826335 0.062027 -0.559752 118.587410
-0.583440 -0.009355 -0.812103 -120.327339 -0.056601 0.997971 0.029168 -7.972363 0.810182 0.062984 -0.582785 118.245590
