1.000000 0.000000 0.000000 0.000000 0.000000 1.000000 0.000000 0.000000 0.000000 0.000000 1.000000 0.000000
0.999996 0.002698 0.001183 -0.026729 -0.002700 0.999995 0.001455 -0.020574 -0.001179 -0.001458 0.999998 0.773546
0.999985 0.005325 0.001393 -0.045834 -0.005328 0.999983 0.002156 -0.039945 -0.001382 -0.002163 0.999997 1.528798
0.999976 0.006520 0.002307 -0.058867 -0.006524 0.999977 0.001768 -0.057926 -0.002295 -0.001783 0.999996 2.272241
0.999965 0.008006 0.002586 -0.072263 -0.008011 0.999966 0.001873 -0.074891 -0.002571 -0.001893 0.999995 3.004735
0.999961 0.008204 0.003121 -0.084660 -0.008209 0.999965 0.001777 -0.091391 -0.003106 -0.001802 0.999994 3.713943
0.999956 0.008716 0.003405 -0.095018 -0.008726 0.999958 0.002690 -0.110259 -0.003381 -0.002719 0.999991 4.410681
0.999950 0.009041 0.004231 -0.107373 -0.009062 0.999947 0.004890 -0.125274 -0.004186 -0.004928 0.999979 5.098378
0.999942 0.009182 0.005550 -0.105766 -0.009229 0.999921 0.008540 -0.137781 -0.005471 -0.008590 0.999948 5.759849
0.999939 0.008811 0.006727 -0.098775 -0.008892 0.999888 0.012044 -0.154767 -0.006620 -0.012103 0.999905 6.409591
0.999938 0.007996 0.007687 -0.088788 -0.008103 0.999870 0.013927 -0.166007 -0.007575 -0.013989 0.999873 7.016432
0.999932 0.007972 0.008478 -0.082671 -0.008090 0.999869 0.013990 -0.179999 -0.008365 -0.014057 0.999866 7.603092
0.999920 0.008738 0.009195 -0.073878 -0.008847 0.999890 0.011889 -0.193402 -0.009090 -0.011969 0.999887 8.149473
0.999912 0.008492 0.010216 -0.062981 -0.008588 0.999919 0.009444 -0.199713 -0.010135 -0.009531 0.999903 8.679117
0.999906 0.007030 0.011736 -0.053821 -0.007125 0.999942 0.008105 -0.205469 -0.011679 -0.008188 0.999898 9.177439
0.999898 0.003850 0.013784 -0.036677 -0.003934 0.999974 0.006063 -0.215024 -0.013760 -0.006117 0.999887 9.649122
0.999882 0.002324 0.015213 -0.028248 -0.002402 0.999984 0.005135 -0.233085 -0.015201 -0.005171 0.999871 10.091376
0.999829 0.005860 0.017567 -0.032526 -0.005923 0.999976 0.003562 -0.249483 -0.017546 -0.003666 0.999839 10.504992
0.999733 0.009766 0.020954 -0.032658 -0.009833 0.999947 0.003131 -0.260628 -0.020922 -0.003336 0.999776 10.888796
0.999651 0.010467 0.024264 -0.025335 -0.010557 0.999938 0.003595 -0.256486 -0.024225 -0.003849 0.999699 11.244907
0.999593 0.007191 0.027599 -0.008964 -0.007304 0.999965 0.003983 -0.258894 -0.027570 -0.004183 0.999611 11.572842
0.999541 0.002673 0.030192 0.019235 -0.002789 0.999989 0.003805 -0.264089 -0.030181 -0.003888 0.999537 11.867972
0.999459 -0.000488 0.032887 0.042327 0.000317 0.999986 0.005199 -0.276581 -0.032889 -0.005186 0.999446 12.136158
0.999368 -0.001157 0.035535 0.053547 0.000936 0.999980 0.006234 -0.287723 -0.035542 -0.006197 0.999349 12.367674
0.999292 -0.000339 0.037634 0.056579 0.000126 0.999984 0.005658 -0.293304 -0.037635 -0.005649 0.999276 12.565932
0.999202 0.000556 0.039932 0.055401 -0.000742 0.999989 0.004630 -0.298002 -0.039929 -0.004656 0.999192 12.740275
0.999092 0.002276 0.042539 0.050316 -0.002449 0.999989 0.004011 -0.304279 -0.042530 -0.004112 0.999087 12.903828
0.999003 0.004665 0.044401 0.047382 -0.004818 0.999983 0.003356 -0.310555 -0.044384 -0.003566 0.999008 13.068234
0.998920 0.005826 0.046105 0.050034 -0.005933 0.999980 0.002191 -0.310625 -0.046091 -0.002462 0.998934 13.217315
0.998842 0.005094 0.047840 0.062668 -0.005131 0.999987 0.000650 -0.311729 -0.047836 -0.000895 0.998855 13.360461
0.998766 0.004019 0.049491 0.077750 -0.003994 0.999992 -0.000602 -0.314187 -0.049493 0.000403 0.998774 13.497841
0.998712 0.003526 0.050609 0.087219 -0.003454 0.999993 -0.001504 -0.318112 -0.050614 0.001328 0.998717 13.624373
0.998635 0.003920 0.052082 0.092755 -0.003802 0.999990 -0.002368 -0.323574 -0.052091 0.002167 0.998640 13.750289
0.998547 0.004423 0.053712 0.095925 -0.004227 0.999984 -0.003767 -0.324059 -0.053728 0.003535 0.998549 13.873305
0.998502 0.004399 0.054536 0.106137 -0.004104 0.999976 -0.005530 -0.323418 -0.054559 0.005298 0.998496 13.982752
0.998456 0.003757 0.055423 0.121916 -0.003346 0.999966 -0.007498 -0.323213 -0.055449 0.007301 0.998435 14.100929
0.998486 0.003200 0.054922 0.142903 -0.002714 0.999957 -0.008915 -0.324335 -0.054948 0.008752 0.998451 14.220751
0.998605 0.002984 0.052722 0.158721 -0.002455 0.999946 -0.010093 -0.327398 -0.052750 0.009950 0.998558 14.341186
0.998762 0.003208 0.049646 0.168710 -0.002673 0.999938 -0.010840 -0.329155 -0.049678 0.010694 0.998708 14.464066
0.998933 0.003759 0.046037 0.176804 -0.003228 0.999928 -0.011588 -0.330795 -0.046078 0.011427 0.998873 14.593443
0.999158 0.004196 0.040814 0.181440 -0.003688 0.999915 -0.012506 -0.329018 -0.040863 0.012345 0.999089 14.719228
0.999406 0.004215 0.034211 0.191669 -0.003768 0.999907 -0.013125 -0.329954 -0.034263 0.012988 0.999328 14.841177
0.999619 0.004291 0.027250 0.199888 -0.003918 0.999898 -0.013730 -0.332290 -0.027306 0.013618 0.999534 14.966804
0.999803 0.004483 0.019326 0.205012 -0.004198 0.999882 -0.014783 -0.333938 -0.019390 0.014699 0.999704 15.093075
0.999947 0.003843 0.009562 0.221628 -0.003689 0.999863 -0.016146 -0.332825 -0.009623 0.016110 0.999824 15.234471
0.999992 0.002643 -0.002969 0.227929 -0.002694 0.999843 -0.017497 -0.334897 0.002922 0.017505 0.999843 15.386127
0.999820 0.001934 -0.018892 0.237229 -0.002296 0.999814 -0.019154 -0.343010 0.018851 0.019193 0.999638 15.547016
0.999277 0.002366 -0.037938 0.227758 -0.003126 0.999795 -0.019980 -0.349935 0.037883 0.020085 0.999080 15.719567
0.998201 0.003360 -0.059870 0.211028 -0.004567 0.999789 -0.020040 -0.355689 0.059790 0.020277 0.998005 15.914786
0.996517 0.004003 -0.083291 0.185854 -0.005623 0.999800 -0.019215 -0.362423 0.083198 0.019616 0.996340 16.137190
0.993942 0.005103 -0.109788 0.150991 -0.007143 0.999809 -0.018198 -0.372013 0.109674 0.018872 0.993788 16.376709
0.990177 0.006115 -0.139683 0.099629 -0.008543 0.999822 -0.016791 -0.382823 0.139556 0.017820 0.990054 16.634388
0.984904 0.006517 -0.172978 0.058389 -0.009122 0.999857 -0.014267 -0.396426 0.172861 0.015629 0.984822 16.913845
0.977686 0.007423 -0.209941 -0.010593 -0.009969 0.999889 -0.011072 -0.405707 0.209835 0.012918 0.977651 17.207592
0.968320 0.009111 -0.249545 -0.103714 -0.011132 0.999916 -0.006688 -0.421860 0.249463 0.009254 0.968340 17.502728
0.956685 0.012869 -0.290839 -0.218125 -0.014321 0.999893 -0.002864 -0.428993 0.290771 0.006905 0.956768 17.801010
0.942841 0.016378 -0.332842 -0.343094 -0.017111 0.999853 0.000729 -0.436346 0.332805 0.005007 0.942982 18.110664
0.926437 0.018876 -0.375977 -0.478390 -0.018324 0.999819 0.005043 -0.439864 0.376004 0.002217 0.926615 18.429176
0.907596 0.022114 -0.419262 -0.641994 -0.019108 0.999753 0.011369 -0.450133 0.419410 -0.002307 0.907794 18.757580
0.886097 0.026189 -0.462760 -0.823572 -0.020524 0.999640 0.017274 -0.459637 0.463046 -0.005809 0.886315 19.082375
0.861814 0.030454 -0.506310 -1.029253 -0.022876 0.999514 0.021181 -0.466201 0.506709 -0.006672 0.862091 19.388783
0.834193 0.033323 -0.550465 -1.242946 -0.024315 0.999424 0.023654 -0.468456 0.550937 -0.006347 0.834523 19.697018
0.803760 0.036271 -0.593848 -1.486040 -0.026607 0.999333 0.025026 -0.464104 0.594359 -0.004314 0.804188 20.004427
0.770583 0.038371 -0.636183 -1.756115 -0.027646 0.999259 0.026782 -0.458790 0.636739 -0.003050 0.771073 20.314650
0.734035 0.041518 -0.677841 -2.047326 -0.029280 0.999136 0.029491 -0.448280 0.678480 -0.001800 0.734617 20.623234
0.695346 0.042259 -0.717431 -2.350720 -0.027955 0.999105 0.031756 -0.434990 0.718131 -0.002026 0.695905 20.918306
0.654735 0.042083 -0.754686 -2.690194 -0.026376 0.999113 0.032829 -0.429942 0.755398 -0.001589 0.655265 21.209131
0.612143 0.040784 -0.789695 -3.049211 -0.022586 0.999163 0.034094 -0.418642 0.790424 -0.003034 0.612552 21.504814
0.567514 0.040731 -0.822356 -3.440338 -0.019092 0.999158 0.036312 -0.420343 0.823143 -0.004907 0.567813 21.792625
0.520853 0.041659 -0.852629 -3.860571 -0.017992 0.999122 0.037826 -0.413142 0.853457 -0.004361 0.521145 22.054611
0.471220 0.040731 -0.881075 -4.311320 -0.016993 0.999167 0.037102 -0.396128 0.881852 -0.002511 0.471519 22.294888
0.419017 0.039588 -0.907115 -4.784490 -0.013675 0.999211 0.037290 -0.378258 0.907875 -0.003221 0.419228 22.521151
0.365124 0.037845 -0.930189 -5.279032 -0.009440 0.999273 0.036950 -0.369115 0.930911 -0.004710 0.365216 22.733679
0.310653 0.036977 -0.949804 -5.807527 -0.008006 0.999309 0.036286 -0.367826 0.950490 -0.003668 0.310735 22.903994
0.257500 0.040560 -0.965427 -6.372624 -0.008268 0.999175 0.039773 -0.341370 0.966243 -0.002260 0.257623 23.049864
0.206092 0.044450 -0.977523 -6.964835 -0.005942 0.999006 0.044174 -0.322449 0.978515 -0.003295 0.206151 23.192722
0.157566 0.045470 -0.986461 -7.566454 -0.001650 0.998950 0.045782 -0.312768 0.987507 -0.005586 0.157475 23.308201
0.112749 0.046292 -0.992545 -8.178681 0.000405 0.998912 0.046635 -0.307361 0.993623 -0.005660 0.112608 23.387794
0.072314 0.044653 -0.996382 -8.814574 0.000696 0.998995 0.044821 -0.297327 0.997382 -0.003935 0.072211 23.425156
0.036901 0.040281 -0.998507 -9.469870 -0.002242 0.999188 0.040225 -0.271511 0.999316 0.000754 0.036962 23.453407
0.008712 0.039672 -0.999175 -10.146701 -0.005132 0.999201 0.039628 -0.244631 0.999949 0.004782 0.008909 23.451050
-0.012141 0.042821 -0.999009 -10.847269 -0.006888 0.999055 0.042907 -0.221692 0.999903 0.007403 -0.011835 23.430433
-0.025528 0.047817 -0.998530 -11.569280 -0.006167 0.998829 0.047989 -0.194362 0.999655 0.007383 -0.025203 23.415815
-0.033618 0.050569 -0.998155 -12.325665 -0.005223 0.998697 0.050772 -0.177455 0.999421 0.006920 -0.033310 23.401615
-0.037933 0.048170 -0.998119 -13.086007 -0.004245 0.998821 0.048366 -0.149728 0.999271 0.006072 -0.037684 23.374081
-0.037761 0.043332 -0.998347 -13.858833 0.002212 0.999061 0.043280 -0.098576 0.999284 -0.000574 -0.037822 23.361177
-0.033837 0.042290 -0.998532 -14.674252 0.012970 0.999039 0.041871 -0.081167 0.999343 -0.011534 -0.034353 23.369766
-0.028652 0.042910 -0.998668 -15.528612 0.014108 0.998996 0.042519 -0.068061 0.999490 -0.012871 -0.029228 23.350306
-0.023337 0.041387 -0.998871 -16.411644 0.012560 0.999076 0.041102 -0.036359 0.999649 -0.011586 -0.023835 23.322321
-0.020857 0.035510 -0.999152 -17.322775 0.017006 0.999237 0.035158 -0.008335 0.999638 -0.016258 -0.021445 23.333815
-0.019332 0.025658 -0.999484 -18.198725 0.015249 0.999562 0.025365 -0.001127 0.999697 -0.014750 -0.019715 23.319563
-0.018907 0.017686 -0.999665 -19.097378 0.008068 0.999814 0.017536 0.013700 0.999789 -0.007734 -0.019047 23.285637
-0.020018 0.014972 -0.999688 -20.022776 0.001682 0.999887 0.014941 0.019064 0.999798 -0.001382 -0.020040 23.271065
-0.024383 0.020485 -0.999493 -20.989668 -0.007470 0.999758 0.020673 0.023853 0.999675 0.007970 -0.024224 23.247627
-0.029812 0.028173 -0.999158 -21.990465 -0.012949 0.999508 0.028570 0.040374 0.999472 0.013790 -0.029432 23.226271
-0.034639 0.037198 -0.998707 -22.997663 -0.015468 0.999167 0.037751 0.055588 0.999280 0.016756 -0.034035 23.199215
-0.036749 0.046799 -0.998228 -24.017855 -0.016676 0.998735 0.047437 0.086244 0.999185 0.018390 -0.035922 23.165920
-0.038030 0.054438 -0.997793 -25.046143 -0.014833 0.998374 0.055035 0.116294 0.999166 0.016893 -0.037161 23.149933
-0.039076 0.056300 -0.997649 -26.071310 -0.013350 0.998293 0.056859 0.147646 0.999147 0.015540 -0.038257 23.118999
-0.040752 0.053945 -0.997712 -27.090097 -0.014407 0.998406 0.054571 0.189300 0.999065 0.016598 -0.039910 23.079321
-0.043558 0.049722 -0.997813 -28.123232 -0.014902 0.998617 0.050413 0.228853 0.998940 0.017065 -0.042757 23.042673
-0.048394 0.044641 -0.997830 -29.137724 -0.014906 0.998857 0.045410 0.255980 0.998717 0.017071 -0.047673 23.000240
-0.054134 0.040446 -0.997714 -30.176212 -0.015065 0.999032 0.041317 0.284957 0.998420 0.017268 -0.053472 22.948435
-0.060392 0.038092 -0.997448 -31.218443 -0.016815 0.999091 0.039173 0.310433 0.998033 0.019138 -0.059696 22.890093
-0.067156 0.040181 -0.996933 -32.274837 -0.017541 0.998987 0.041446 0.335574 0.997588 0.020270 -0.066384 22.818638
-0.073699 0.044314 -0.996296 -33.345016 -0.019285 0.998762 0.045850 0.357264 0.997094 0.022593 -0.072753 22.742025
-0.080187 0.047410 -0.995652 -34.419659 -0.021918 0.998543 0.049313 0.382302 0.996539 0.025777 -0.079031 22.650755
-0.084544 0.049228 -0.995203 -35.489727 -0.024560 0.998372 0.051471 0.415595 0.996117 0.028794 -0.083198 22.551250
-0.087727 0.050532 -0.994862 -36.556484 -0.028850 0.998165 0.053244 0.446674 0.995727 0.033373 -0.086108 22.446154
-0.089345 0.051677 -0.994659 -37.631542 -0.032435 0.997972 0.054763 0.485355 0.995472 0.037154 -0.087488 22.335434
-0.090851 0.051685 -0.994522 -38.699966 -0.033822 0.997916 0.054951 0.521402 0.995290 0.038629 -0.088913 22.232595
-0.091908 0.050907 -0.994465 -39.776218 -0.034747 0.997920 0.054295 0.558714 0.995161 0.039545 -0.089948 22.128237
-0.093151 0.050238 -0.994384 -40.846817 -0.035889 0.997908 0.053778 0.591861 0.995005 0.040697 -0.091153 22.023735
-0.094289 0.049727 -0.994302 -41.933231 -0.038102 0.997840 0.053517 0.626983 0.994816 0.042931 -0.092190 21.911360
-0.095161 0.048085 -0.994300 -43.021358 -0.042318 0.997734 0.052302 0.658484 0.994562 0.047054 -0.092910 21.796198
-0.095695 0.043985 -0.994438 -44.100441 -0.047758 0.997670 0.048724 0.691443 0.994264 0.052155 -0.093371 21.676037
-0.095018 0.042365 -0.994574 -45.199654 -0.050431 0.997606 0.047312 0.733823 0.994197 0.054652 -0.092654 21.563061
-0.093825 0.045980 -0.994526 -46.320576 -0.051734 0.997358 0.050991 0.769379 0.994244 0.056235 -0.091199 21.453070
-0.092393 0.049127 -0.994510 -47.437401 -0.051551 0.997207 0.054049 0.807306 0.994387 0.056262 -0.089602 21.343227
-0.090965 0.049308 -0.994633 -48.543060 -0.049637 0.997308 0.053981 0.843859 0.994616 0.054281 -0.088272 21.243128
-0.088606 0.048699 -0.994876 -49.656223 -0.049290 0.997366 0.053211 0.880415 0.994846 0.053752 -0.085972 21.145082
-0.084747 0.049319 -0.995181 -50.773373 -0.052804 0.997148 0.053913 0.919069 0.995002 0.057119 -0.081901 21.028717
-0.079225 0.050140 -0.995595 -51.896248 -0.056415 0.996908 0.054695 0.960713 0.995259 0.060500 -0.076152 20.910494
-0.074193 0.049985 -0.995990 -53.029289 -0.059357 0.996751 0.054444 1.004991 0.995476 0.063159 -0.070985 20.803556
-0.069073 0.049106 -0.996402 -54.167709 -0.060700 0.996730 0.053330 1.047839 0.995763 0.064165 -0.065867 20.713833
-0.063754 0.048366 -0.996793 -55.287991 -0.060579 0.996795 0.052241 1.087490 0.996125 0.063716 -0.060619 20.627480
-0.058757 0.048279 -0.997104 -56.410694 -0.060006 0.996853 0.051803 1.125239 0.996467 0.062876 -0.055675 20.553265
-0.053951 0.049114 -0.997335 -57.553349 -0.059423 0.996862 0.052305 1.162075 0.996774 0.062086 -0.050864 20.484140
-0.048926 0.051497 -0.997474 -58.704037 -0.058081 0.996833 0.054313 1.194267 0.997112 0.060592 -0.045780 20.413206
-0.043942 0.052257 -0.997666 -59.850227 -0.059112 0.996745 0.054813 1.239309 0.997284 0.061383 -0.040710 20.343990
-0.038715 0.051805 -0.997907 -61.007950 -0.058879 0.996802 0.054032 1.279291 0.997514 0.060847 -0.035541 20.285007
-0.033701 0.047541 -0.998301 -62.150928 -0.058783 0.997045 0.049466 1.319484 0.997702 0.060350 -0.030807 20.230350
-0.029530 0.043370 -0.998623 -63.306934 -0.058283 0.997284 0.045035 1.347569 0.997863 0.059532 -0.026923 20.186325
-0.026119 0.042537 -0.998753 -64.458817 -0.059291 0.997270 0.044024 1.380123 0.997899 0.060367 -0.023525 20.137661
-0.023124 0.044189 -0.998756 -65.620338 -0.058588 0.997246 0.045478 1.408800 0.998014 0.059567 -0.020471 20.101412
-0.020990 0.044414 -0.998793 -66.793350 -0.058386 0.997253 0.045572 1.436330 0.998073 0.059272 -0.018339 20.071634
-0.019734 0.044204 -0.998828 -67.963844 -0.060047 0.997166 0.045316 1.467509 0.998001 0.060870 -0.017024 20.028519
-0.018959 0.045316 -0.998793 -69.147568 -0.061434 0.997032 0.046403 1.496560 0.997931 0.062240 -0.016119 19.991869
-0.018253 0.044946 -0.998823 -70.332672 -0.061814 0.997027 0.045995 1.526050 0.997921 0.062581 -0.015421 19.955828
-0.017269 0.043541 -0.998902 -71.524902 -0.062358 0.997060 0.044539 1.556751 0.997904 0.063058 -0.014503 19.922523
-0.016688 0.042782 -0.998945 -72.712593 -0.061171 0.997169 0.043728 1.588430 0.997988 0.061836 -0.014024 19.897484
-0.016495 0.042700 -0.998952 -73.909874 -0.058373 0.997343 0.043595 1.615831 0.998159 0.059031 -0.013958 19.884966
-0.016537 0.043766 -0.998905 -75.115402 -0.056076 0.997429 0.044630 1.640471 0.998290 0.056753 -0.014040 19.868889
-0.016800 0.046532 -0.998776 -76.320610 -0.055820 0.997315 0.047403 1.665604 0.998300 0.056548 -0.014157 19.846298
-0.016960 0.049745 -0.998618 -77.525734 -0.057707 0.997048 0.050647 1.700735 0.998190 0.058486 -0.014039 19.816998
-0.016774 0.050066 -0.998605 -78.717247 -0.059777 0.996909 0.050985 1.737371 0.998071 0.060548 -0.013729 19.785444
-0.016788 0.048041 -0.998704 -79.906876 -0.061044 0.996932 0.048982 1.774653 0.997994 0.061787 -0.013804 19.754164
-0.016582 0.046356 -0.998787 -81.093880 -0.060962 0.997019 0.047286 1.807932 0.998002 0.061672 -0.013707 19.727564
-0.016286 0.045618 -0.998826 -82.277222 -0.060349 0.997093 0.046523 1.839121 0.998044 0.061036 -0.013485 19.708078
-0.016036 0.046696 -0.998780 -83.465691 -0.059086 0.997119 0.047567 1.866465 0.998124 0.059777 -0.013230 19.688385
-0.016220 0.049142 -0.998660 -84.659897 -0.059102 0.996998 0.050020 1.896061 0.998120 0.059835 -0.013267 19.664173
-0.016051 0.051200 -0.998559 -85.842499 -0.059519 0.996868 0.052070 1.923863 0.998098 0.060269 -0.012954 19.640144
-0.016107 0.051285 -0.998554 -87.022247 -0.060593 0.996798 0.052172 1.957749 0.998033 0.061345 -0.012948 19.614086
-0.016180 0.049659 -0.998635 -88.195908 -0.060311 0.996899 0.050550 1.988009 0.998048 0.061047 -0.013135 19.596375
-0.016115 0.048681 -0.998684 -89.364700 -0.059933 0.996971 0.049565 2.017936 0.998072 0.060653 -0.013149 19.578693
-0.016402 0.049464 -0.998641 -90.535172 -0.059147 0.996979 0.050353 2.040904 0.998115 0.059892 -0.013427 19.561001
-0.016484 0.052257 -0.998498 -91.718742 -0.058587 0.996867 0.053139 2.070387 0.998146 0.059375 -0.013371 19.547871
-0.016355 0.054518 -0.998379 -92.899940 -0.056792 0.996850 0.055365 2.099005 0.998252 0.057605 -0.013208 19.536427
-0.016110 0.055843 -0.998310 -94.065392 -0.057356 0.996743 0.056681 2.138536 0.998224 0.058173 -0.012854 19.511448
-0.015994 0.057433 -0.998221 -95.235184 -0.059594 0.996519 0.058290 2.176968 0.998095 0.060420 -0.012516 19.486240
-0.016232 0.056884 -0.998249 -96.392815 -0.060791 0.996477 0.057772 2.213864 0.998019 0.061622 -0.012717 19.459455
-0.016460 0.053518 -0.998431 -97.544693 -0.063432 0.996499 0.054460 2.246510 0.997850 0.064229 -0.013007 19.433950
-0.016296 0.051699 -0.998530 -98.701889 -0.065586 0.996456 0.052662 2.282851 0.997714 0.066347 -0.012847 19.410299
-0.016758 0.050424 -0.998587 -99.857109 -0.066334 0.996471 0.051430 2.317238 0.997657 0.067103 -0.013354 19.394348
-0.017067 0.050540 -0.998576 -101.007210 -0.065488 0.996521 0.051555 2.346025 0.997707 0.066274 -0.013697 19.385103
-0.017709 0.052210 -0.998479 -102.178528 -0.066012 0.996396 0.053272 2.381078 0.997662 0.066855 -0.014199 19.361361
-0.018130 0.053501 -0.998403 -103.367523 -0.064608 0.996418 0.054568 2.416041 0.997746 0.065494 -0.014608 19.344938
-0.018978 0.053399 -0.998393 -104.524902 -0.067749 0.996209 0.054570 2.450223 0.997522 0.068675 -0.015288 19.308969
-0.019659 0.053645 -0.998367 -105.691055 -0.071334 0.995939 0.054919 2.495916 0.997259 0.072297 -0.015752 19.271544
-0.020524 0.052655 -0.998402 -106.865829 -0.074468 0.995758 0.054047 2.544215 0.997012 0.075459 -0.016516 19.237354
-0.021034 0.049160 -0.998569 -108.032501 -0.074527 0.995934 0.050600 2.580299 0.996997 0.075485 -0.017285 19.205765
-0.021887 0.045046 -0.998745 -109.226013 -0.075861 0.996030 0.046586 2.616705 0.996878 0.076785 -0.018383 19.177343
-0.023044 0.044098 -0.998761 -110.419312 -0.073260 0.996266 0.045678 2.652738 0.997047 0.074222 -0.019727 19.154993
-0.023963 0.043589 -0.998762 -111.618141 -0.069818 0.996537 0.045167 2.679912 0.997272 0.070814 -0.020837 19.135969
-0.024857 0.045007 -0.998677 -112.832748 -0.069480 0.996493 0.046638 2.708862 0.997274 0.070548 -0.021643 19.108612
-0.026432 0.048684 -0.998464 -114.054916 -0.069219 0.996327 0.050412 2.740758 0.997251 0.070446 -0.022965 19.077208
-0.027523 0.049180 -0.998411 -115.272652 -0.067768 0.996399 0.050949 2.776378 0.997321 0.069062 -0.024091 19.053701
-0.028832 0.045467 -0.998550 -116.481339 -0.067866 0.996571 0.047336 2.808725 0.997278 0.069132 -0.025648 19.023165
-0.029822 0.042253 -0.998662 -117.707970 -0.068669 0.996659 0.044219 2.847832 0.997194 0.069896 -0.026821 18.982080
-0.031499 0.041090 -0.998659 -118.942497 -0.067922 0.996757 0.043154 2.878836 0.997193 0.069190 -0.028606 18.944794
-0.032547 0.042088 -0.998584 -120.196739 -0.069755 0.996581 0.044277 2.907390 0.997033 0.071097 -0.029500 18.898670
-0.033521 0.046173 -0.998371 -121.462349 -0.074223 0.996059 0.048558 2.944024 0.996678 0.075730 -0.029962 18.837313
-0.034116 0.049535 -0.998190 -122.735245 -0.079660 0.995458 0.052122 2.983307 0.996238 0.081294 -0.030015 18.772541
-0.034736 0.049287 -0.998180 -124.001747 -0.086089 0.994923 0.052122 3.027898 0.995682 0.087743 -0.030317 18.696693
-0.035400 0.047345 -0.998251 -125.260689 -0.089591 0.994705 0.050354 3.071196 0.995349 0.091217 -0.030971 18.630693
-0.036169 0.046275 -0.998274 -126.525261 -0.091728 0.994557 0.049426 3.109438 0.995127 0.093357 -0.031728 18.568373
-0.037413 0.045681 -0.998255 -127.792252 -0.092313 0.994525 0.048970 3.146609 0.995027 0.093984 -0.032991 18.514820
-0.038249 0.045237 -0.998244 -129.048401 -0.091261 0.994642 0.048571 3.180336 0.995092 0.092959 -0.033915 18.469286
-0.039275 0.045849 -0.998176 -130.310577 -0.091503 0.994584 0.049285 3.213924 0.995030 0.093272 -0.034867 18.410027
-0.040071 0.050041 -0.997943 -131.562973 -0.091891 0.994328 0.053549 3.256827 0.994962 0.093848 -0.035246 18.352953
-0.041220 0.053780 -0.997702 -132.829910 -0.090859 0.994211 0.057345 3.297862 0.995010 0.093014 -0.036095 18.300158
-0.041127 0.053061 -0.997744 -134.091095 -0.090755 0.994263 0.056616 3.337337 0.995024 0.092878 -0.036076 18.237864
-0.040836 0.051600 -0.997833 -135.337891 -0.091766 0.994251 0.055170 3.377418 0.994943 0.093820 -0.035866 18.183136
-0.040303 0.051212 -0.997874 -136.595459 -0.092151 0.994239 0.054748 3.416105 0.994929 0.094162 -0.035352 18.129589
-0.039117 0.050762 -0.997944 -137.855164 -0.092343 0.994251 0.054193 3.453152 0.994959 0.094273 -0.034204 18.084982
-0.038767 0.052944 -0.997845 -139.117996 -0.092236 0.994142 0.056331 3.492024 0.994982 0.094221 -0.033657 18.035093
-0.038188 0.056013 -0.997699 -140.371246 -0.093087 0.993887 0.059362 3.540057 0.994925 0.095140 -0.032740 17.987999
-0.037673 0.057008 -0.997663 -141.620682 -0.094133 0.993729 0.060338 3.586066 0.994847 0.096186 -0.032070 17.933332
-0.037265 0.054585 -0.997814 -142.864975 -0.095798 0.993713 0.057938 3.632005 0.994703 0.097747 -0.031801 17.880386
-0.037271 0.051567 -0.997974 -144.100861 -0.095091 0.993953 0.054911 3.683038 0.994771 0.096945 -0.032142 17.832169
-0.037615 0.050534 -0.998014 -145.346100 -0.092480 0.994258 0.053830 3.723813 0.995004 0.094321 -0.032726 17.790396
-0.037758 0.050084 -0.998031 -146.588852 -0.090619 0.994457 0.053333 3.761320 0.995170 0.092454 -0.033011 17.752731
-0.038112 0.050190 -0.998012 -147.820496 -0.089218 0.994578 0.053425 3.802480 0.995283 0.091077 -0.033428 17.712841
-0.038805 0.049362 -0.998027 -149.042145 -0.087433 0.994781 0.052601 3.836300 0.995414 0.089302 -0.034286 17.670967
-0.039096 0.049281 -0.998020 -150.269577 -0.087154 0.994809 0.052536 3.878525 0.995427 0.089035 -0.034598 17.626568
-0.039560 0.051406 -0.997894 -151.501740 -0.085715 0.994820 0.054646 3.920285 0.995534 0.087697 -0.034949 17.582254
-0.040044 0.052786 -0.997803 -152.730820 -0.082708 0.995002 0.055957 3.962825 0.995769 0.084767 -0.035478 17.539238
-0.040931 0.051480 -0.997835 -153.966080 -0.080692 0.995239 0.054656 3.999595 0.995898 0.082754 -0.036582 17.499550
-0.041901 0.051595 -0.997789 -155.193405 -0.081704 0.995144 0.054890 4.042425 0.995775 0.083823 -0.037482 17.445208
-0.042194 0.056102 -0.997533 -156.438599 -0.082828 0.994789 0.059451 4.083925 0.995670 0.085132 -0.037327 17.385109
-0.042461 0.061469 -0.997205 -157.657211 -0.086519 0.994130 0.064964 4.138134 0.995345 0.089036 -0.036893 17.321016
-0.041681 0.061241 -0.997252 -158.886963 -0.090128 0.993820 0.064798 4.194828 0.995058 0.092581 -0.035904 17.251699
-0.040753 0.057526 -0.997512 -160.105194 -0.093199 0.993770 0.061118 4.253850 0.994813 0.095458 -0.035137 17.183374
-0.040085 0.052456 -0.997818 -161.314163 -0.095290 0.993869 0.056077 4.298919 0.994642 0.097330 -0.034841 17.118942
-0.039652 0.050607 -0.997931 -162.536209 -0.096836 0.993821 0.054246 4.347804 0.994510 0.098786 -0.034506 17.061636
-0.039201 0.047659 -0.998094 -163.757538 -0.093567 0.994298 0.051153 4.390803 0.994841 0.095394 -0.034519 17.025002
-0.039632 0.043709 -0.998258 -164.981186 -0.089439 0.994877 0.047112 4.428483 0.995203 0.091151 -0.035520 16.985640
-0.040646 0.041203 -0.998324 -166.202530 -0.084764 0.995405 0.044533 4.456827 0.995572 0.086432 -0.036966 16.945606
-0.041927 0.043461 -0.998175 -167.420868 -0.082852 0.995461 0.046823 4.488238 0.995679 0.084664 -0.038135 16.896532
-0.041890 0.049253 -0.997907 -168.647034 -0.083137 0.995149 0.052607 4.523129 0.995657 0.085166 -0.037592 16.836784
-0.041076 0.051224 -0.997842 -169.868271 -0.083871 0.994983 0.054529 4.569246 0.995630 0.085930 -0.036574 16.773348
-0.040021 0.048990 -0.997997 -171.079697 -0.084667 0.995039 0.052241 4.604885 0.995605 0.086588 -0.035675 16.707691
-0.039527 0.048526 -0.998039 -172.304153 -0.085909 0.994957 0.051779 4.646558 0.995519 0.087787 -0.035159 16.647760
-0.039136 0.049250 -0.998019 -173.525650 -0.085291 0.994975 0.052444 4.689712 0.995587 0.087174 -0.034739 16.599457
-0.038356 0.047973 -0.998112 -174.731064 -0.085095 0.995062 0.051096 4.720674 0.995634 0.086894 -0.034084 16.549488
-0.037149 0.046929 -0.998207 -175.899170 -0.085586 0.995077 0.049967 4.755259 0.995638 0.087289 -0.032950 16.497810
-0.035700 0.048494 -0.998185 -177.046753 -0.086919 0.994886 0.051443 4.785266 0.995576 0.088597 -0.031303 16.440870
-0.035093 0.050006 -0.998132 -178.169464 -0.087127 0.994792 0.052902 4.811817 0.995579 0.088821 -0.030553 16.391552
-0.035005 0.051199 -0.998075 -179.258972 -0.087594 0.994686 0.054097 4.837437 0.995541 0.089319 -0.030334 16.344482
-0.034911 0.052041 -0.998035 -180.324005 -0.088284 0.994579 0.054949 4.866927 0.995483 0.090029 -0.030127 16.299641
-0.035047 0.052691 -0.997996 -181.359756 -0.087343 0.994627 0.055580 4.891494 0.995562 0.089116 -0.030257 16.263502
-0.034677 0.052165 -0.998036 -182.358612 -0.088008 0.994598 0.055043 4.912752 0.995516 0.089744 -0.029898 16.220596
-0.033168 0.052333 -0.998079 -183.328156 -0.088879 0.994517 0.055100 4.932286 0.995490 0.090536 -0.028334 16.181293
-0.032529 0.052729 -0.998079 -184.270325 -0.089982 0.994398 0.055467 4.958302 0.995412 0.091614 -0.027602 16.145794
-0.033747 0.051450 -0.998105 -185.203354 -0.089049 0.994547 0.054278 4.979587 0.995455 0.090712 -0.028981 16.117922
-0.037890 0.048980 -0.998081 -186.128632 -0.087535 0.994796 0.052142 4.997813 0.995441 0.089342 -0.033406 16.086813
-0.042798 0.046096 -0.998020 -187.037827 -0.086623 0.995002 0.049671 5.014580 0.995321 0.088577 -0.038591 16.054138
-0.047587 0.043589 -0.997916 -187.936371 -0.087870 0.994992 0.047651 5.038162 0.994995 0.089954 -0.043519 16.002560
-0.051396 0.042679 -0.997766 -188.848175 -0.089226 0.994895 0.047152 5.064760 0.994684 0.091450 -0.047326 15.949054
-0.054315 0.043111 -0.997593 -189.753632 -0.090603 0.994734 0.047920 5.090195 0.994405 0.092988 -0.050123 15.890394
-0.056763 0.044536 -0.997394 -190.666611 -0.089328 0.994771 0.049503 5.120187 0.994383 0.091906 -0.052488 15.839911
-0.058640 0.046137 -0.997212 -191.587067 -0.086385 0.994950 0.051112 5.142340 0.994535 0.089142 -0.054358 15.797207
-0.060047 0.046677 -0.997104 -192.499298 -0.085124 0.995028 0.051706 5.165854 0.994559 0.087982 -0.055775 15.745639
-0.060984 0.046036 -0.997077 -193.403381 -0.085525 0.995021 0.051172 5.185625 0.994468 0.088395 -0.056743 15.683578
-0.061722 0.044820 -0.997087 -194.300903 -0.087036 0.994944 0.050111 5.213811 0.994291 0.089875 -0.057509 15.620116
-0.061624 0.044084 -0.997125 -195.195541 -0.089561 0.994750 0.049514 5.241419 0.994073 0.092355 -0.057352 15.551586
-0.060786 0.042845 -0.997231 -196.094238 -0.091183 0.994662 0.048293 5.268141 0.993977 0.093866 -0.056555 15.479932
-0.060314 0.040626 -0.997352 -196.996552 -0.091465 0.994743 0.046051 5.297610 0.993980 0.094000 -0.056281 15.413898
-0.059978 0.038323 -0.997464 -197.912354 -0.091317 0.994862 0.043714 5.325158 0.994014 0.093708 -0.056170 15.361217
-0.059465 0.038256 -0.997497 -198.836655 -0.091431 0.994856 0.043605 5.350791 0.994034 0.093795 -0.055661 15.299802
-0.058900 0.040587 -0.997438 -199.772171 -0.089610 0.994924 0.045776 5.380401 0.994234 0.092077 -0.054964 15.246114
-0.058971 0.041856 -0.997382 -200.708588 -0.089195 0.994903 0.047025 5.404627 0.994267 0.091734 -0.054937 15.195445
-0.058368 0.037962 -0.997573 -201.648758 -0.084976 0.995461 0.042854 5.432750 0.994672 0.087271 -0.054877 15.151130
-0.058297 0.035364 -0.997673 -202.586014 -0.083996 0.995655 0.040201 5.452955 0.994759 0.086144 -0.055073 15.094531
-0.058277 0.036001 -0.997651 -203.541840 -0.088519 0.995227 0.041084 5.473067 0.994368 0.090705 -0.054812 15.017730
-0.057088 0.039032 -0.997606 -204.511200 -0.089933 0.994972 0.044075 5.505689 0.994310 0.092234 -0.053290 14.954659
-0.056117 0.038932 -0.997665 -205.476212 -0.088548 0.995108 0.043813 5.533175 0.994490 0.090800 -0.052395 14.903612
-0.054453 0.039912 -0.997718 -206.457794 -0.087924 0.995128 0.044607 5.560365 0.994638 0.090153 -0.050678 14.849200
-0.053375 0.044267 -0.997593 -207.457428 -0.088714 0.994856 0.048892 5.591526 0.994626 0.091110 -0.049174 14.788267
-0.051999 0.048356 -0.997476 -208.463394 -0.086372 0.994866 0.052732 5.625247 0.994905 0.088896 -0.047555 14.742493
-0.051249 0.049135 -0.997476 -209.459534 -0.085811 0.994879 0.053416 5.650462 0.994992 0.088332 -0.046770 14.689790
-0.049144 0.049774 -0.997551 -210.469116 -0.088384 0.994623 0.053982 5.684250 0.994873 0.090821 -0.044480 14.627581
-0.046378 0.050952 -0.997624 -211.491959 -0.089948 0.994428 0.054970 5.727369 0.994866 0.092283 -0.041537 14.567675
-0.043378 0.050984 -0.997757 -212.517883 -0.090536 0.994387 0.054747 5.763973 0.994948 0.092707 -0.038519 14.516369
-0.040636 0.048497 -0.997996 -213.544083 -0.093300 0.994273 0.052115 5.802654 0.994808 0.095231 -0.035878 14.461276
-0.038089 0.045510 -0.998237 -214.573807 -0.093267 0.994440 0.048896 5.841139 0.994912 0.094965 -0.033632 14.418680
-0.036978 0.044423 -0.998328 -215.602768 -0.092887 0.994534 0.047694 5.871294 0.994990 0.094496 -0.032650 14.380835
-0.035683 0.046428 -0.998284 -216.651184 -0.093889 0.994346 0.049601 5.898936 0.994943 0.095498 -0.031122 14.345153
-0.034518 0.048819 -0.998211 -217.708084 -0.094832 0.994139 0.051899 5.939466 0.994895 0.096454 -0.029686 14.301807
-0.033834 0.048366 -0.998257 -218.765350 -0.094891 0.994161 0.051383 5.975822 0.994913 0.096464 -0.029047 14.266670
-0.033483 0.045400 -0.998408 -219.820328 -0.094014 0.994395 0.048370 6.011757 0.995008 0.095484 -0.029027 14.237325
-0.034091 0.042836 -0.998500 -220.881058 -0.091858 0.994718 0.045810 6.041791 0.995188 0.093282 -0.029976 14.212131
-0.034302 0.041929 -0.998532 -221.950317 -0.090196 0.994913 0.044875 6.066218 0.995333 0.091603 -0.030345 14.180805
-0.034629 0.040959 -0.998561 -223.035110 -0.090931 0.994886 0.043961 6.096667 0.995255 0.092322 -0.030728 14.141030
-0.034781 0.041067 -0.998551 -224.132202 -0.090271 0.994942 0.044063 6.120465 0.995310 0.091673 -0.030898 14.109651
-0.035571 0.041655 -0.998499 -225.225266 -0.092588 0.994696 0.044795 6.152411 0.995069 0.094042 -0.031525 14.065009
-0.036247 0.043318 -0.998404 -226.341766 -0.093458 0.994535 0.046543 6.186662 0.994963 0.094996 -0.032001 14.014887
-0.038061 0.044722 -0.998274 -227.478790 -0.093647 0.994442 0.048121 6.218860 0.994878 0.095317 -0.033661 13.982742
-0.039206 0.046291 -0.998158 -228.615540 -0.094761 0.994252 0.049832 6.251973 0.994728 0.096540 -0.034594 13.934293
-0.040798 0.046959 -0.998063 -229.770020 -0.096047 0.994085 0.050698 6.285863 0.994540 0.097930 -0.036047 13.884653
-0.042282 0.045583 -0.998065 -230.920563 -0.098030 0.993949 0.049548 6.326889 0.994285 0.099935 -0.037558 13.828094
-0.044184 0.040896 -0.998186 -232.066696 -0.096914 0.994274 0.045026 6.364437 0.994312 0.098727 -0.039968 13.777620
-0.046596 0.034928 -0.998303 -233.212967 -0.094418 0.994760 0.039211 6.395301 0.994442 0.096085 -0.043054 13.733089
-0.048931 0.030985 -0.998321 -234.372086 -0.091079 0.995216 0.035353 6.419936 0.994641 0.092656 -0.045875 13.687407
-0.051431 0.031076 -0.998193 -235.567917 -0.088197 0.995469 0.035535 6.441181 0.994774 0.089865 -0.048457 13.643654
-0.054986 0.034686 -0.997885 -236.768158 -0.084145 0.995680 0.039246 6.457747 0.994935 0.086125 -0.051830 13.594975
-0.057475 0.037287 -0.997650 -237.976974 -0.082650 0.995694 0.041975 6.483266 0.994920 0.084869 -0.054146 13.533958
-0.059441 0.036802 -0.997553 -239.174286 -0.081043 0.995843 0.041568 6.509927 0.994937 0.083315 -0.056212 13.466704
-0.061992 0.037062 -0.997388 -240.382523 -0.081302 0.995802 0.042056 6.540127 0.994760 0.083696 -0.058718 13.390447
-0.064582 0.038109 -0.997184 -241.600677 -0.080708 0.995798 0.043283 6.572811 0.994643 0.083276 -0.061235 13.315176
-0.067177 0.037707 -0.997028 -242.826538 -0.080079 0.995858 0.043058 6.601628 0.994522 0.082734 -0.063880 13.232711
-0.069417 0.036271 -0.996928 -244.053589 -0.079996 0.995918 0.041805 6.631675 0.994375 0.082653 -0.066232 13.145852
-0.071982 0.035917 -0.996759 -245.294022 -0.080744 0.995861 0.041716 6.661955 0.994132 0.083485 -0.068784 13.057247
-0.074226 0.036701 -0.996566 -246.535263 -0.080843 0.995812 0.042695 6.693818 0.993959 0.083735 -0.070948 12.964944
-0.076207 0.037049 -0.996403 -247.779922 -0.081488 0.995735 0.043256 6.722404 0.993757 0.084491 -0.072863 12.868121
-0.078991 0.038141 -0.996145 -249.031479 -0.082590 0.995582 0.044668 6.754227 0.993448 0.085800 -0.075492 12.766652
-0.081360 0.039295 -0.995910 -250.295456 -0.083921 0.995404 0.046130 6.786879 0.993145 0.087331 -0.077688 12.658445
-0.082734 0.039647 -0.995783 -251.552994 -0.085381 0.995252 0.046719 6.821892 0.992907 0.088887 -0.078956 12.547174
-0.083815 0.039689 -0.995691 -252.824188 -0.088037 0.995004 0.047073 6.856806 0.992585 0.091603 -0.079902 12.429689
-0.084307 0.039785 -0.995645 -254.088669 -0.088975 0.994911 0.047289 6.893772 0.992459 0.092574 -0.080338 12.316292
-0.084948 0.038846 -0.995628 -255.339706 -0.088178 0.995026 0.046346 6.926799 0.992476 0.091729 -0.081100 12.204111
-0.085354 0.037720 -0.995636 -256.591736 -0.086363 0.995242 0.045109 6.958815 0.992601 0.089836 -0.081690 12.094818
-0.086318 0.037586 -0.995558 -257.846100 -0.084997 0.995367 0.044949 6.985575 0.992635 0.088500 -0.082723 11.988111
-0.086751 0.037680 -0.995517 -259.108032 -0.085250 0.995338 0.045103 7.013923 0.992576 0.088781 -0.083134 11.880656
-0.087339 0.037607 -0.995469 -260.373932 -0.085085 0.995354 0.045068 7.043266 0.992538 0.088636 -0.083733 11.765018
-0.088070 0.038108 -0.995385 -261.643433 -0.084719 0.995361 0.045603 7.066424 0.992505 0.088344 -0.084433 11.651610
-0.088213 0.038357 -0.995363 -262.905731 -0.083036 0.995497 0.045721 7.098042 0.992635 0.086684 -0.084631 11.540071
-0.089347 0.040305 -0.995185 -264.159576 -0.079005 0.995746 0.047421 7.128215 0.992862 0.082862 -0.085783 11.440017
-0.090016 0.043617 -0.994985 -265.423981 -0.075806 0.995842 0.050512 7.158737 0.993051 0.079973 -0.086335 11.334214
-0.090658 0.045983 -0.994820 -266.685669 -0.074074 0.995855 0.052781 7.188822 0.993123 0.078475 -0.086876 11.225119
-0.090517 0.044898 -0.994882 -267.932465 -0.073617 0.995948 0.051644 7.221690 0.993170 0.077915 -0.086845 11.107594
-0.091284 0.043704 -0.994865 -269.164093 -0.075489 0.995858 0.050674 7.257828 0.992960 0.079727 -0.087606 10.988706
-0.091632 0.045705 -0.994743 -270.402008 -0.080996 0.995294 0.053191 7.292880 0.992493 0.085444 -0.087499 10.853468
-0.091596 0.050441 -0.994518 -271.656464 -0.085430 0.994636 0.058315 7.342889 0.992125 0.090303 -0.086796 10.716158
-0.091643 0.049582 -0.994557 -272.885071 -0.087842 0.994464 0.057672 7.390505 0.991910 0.092649 -0.086780 10.585775
-0.091953 0.043046 -0.994833 -274.108368 -0.088647 0.994744 0.051236 7.436988 0.991810 0.092900 -0.087653 10.469078
-0.092268 0.037800 -0.995016 -275.335693 -0.086409 0.995205 0.045820 7.470910 0.991978 0.090207 -0.088559 10.360156
-0.092692 0.037191 -0.995000 -276.576019 -0.082380 0.995590 0.044888 7.497276 0.992281 0.086129 -0.089219 10.254312
-0.091692 0.038707 -0.995035 -277.814392 -0.079455 0.995774 0.046057 7.514575 0.992612 0.083284 -0.088229 10.140883
-0.090530 0.040847 -0.995056 -279.048615 -0.079082 0.995709 0.048069 7.540457 0.992749 0.083043 -0.086911 10.026304
-0.089944 0.042633 -0.995034 -280.282623 -0.079723 0.995569 0.049862 7.568791 0.992751 0.083812 -0.086147 9.911929
-0.089122 0.044066 -0.995045 -281.511047 -0.080778 0.995410 0.051317 7.605823 0.992740 0.084951 -0.085153 9.790142
-0.088674 0.044946 -0.995046 -282.736420 -0.081542 0.995301 0.052224 7.642222 0.992717 0.085769 -0.084593 9.667747
-0.088296 0.044434 -0.995103 -283.962036 -0.081642 0.995320 0.051687 7.676608 0.992743 0.085806 -0.084255 9.558179
-0.088303 0.042739 -0.995176 -285.169189 -0.082264 0.995353 0.050046 7.708622 0.992691 0.086286 -0.084377 9.439716
-0.088656 0.041889 -0.995181 -286.395416 -0.082393 0.995383 0.049238 7.734844 0.992649 0.086361 -0.084795 9.331251
-0.089144 0.041588 -0.995150 -287.623810 -0.082994 0.995343 0.049031 7.765660 0.992555 0.086962 -0.085277 9.222442
-0.089116 0.041405 -0.995160 -288.839752 -0.083427 0.995314 0.048883 7.796747 0.992521 0.087379 -0.085244 9.108534
-0.089134 0.041827 -0.995141 -290.064789 -0.084215 0.995224 0.049373 7.826100 0.992453 0.088207 -0.085186 8.990303
-0.089410 0.041943 -0.995111 -291.293976 -0.083757 0.995257 0.049475 7.860828 0.992467 0.087771 -0.085473 8.874914
-0.089367 0.040850 -0.995161 -292.501892 -0.083470 0.995337 0.048353 7.891005 0.992495 0.087387 -0.085541 8.769408
-0.089684 0.038451 -0.995228 -293.728607 -0.083476 0.995448 0.045982 7.925059 0.992466 0.087201 -0.086067 8.656396
-0.090166 0.035953 -0.995278 -294.951080 -0.083589 0.995549 0.043535 7.955711 0.992413 0.087120 -0.086760 8.538583
-0.090668 0.034661 -0.995278 -296.179565 -0.085018 0.995476 0.042413 7.982478 0.992246 0.088462 -0.087311 8.422007
-0.091053 0.034418 -0.995251 -297.402344 -0.088197 0.995197 0.042485 8.011542 0.991933 0.091647 -0.087580 8.294982
-0.091330 0.034930 -0.995208 -298.636383 -0.091442 0.994868 0.043309 8.040453 0.991613 0.094959 -0.087668 8.165670
-0.092430 0.035147 -0.995099 -299.877838 -0.094262 0.994580 0.043884 8.071536 0.991247 0.097856 -0.088616 8.045317
-0.092846 0.034906 -0.995068 -301.111267 -0.095842 0.994431 0.043826 8.105834 0.991057 0.099438 -0.088983 7.915034
-0.093355 0.033153 -0.995081 -302.332703 -0.095162 0.994573 0.042064 8.134128 0.991075 0.098620 -0.089694 7.795905
-0.094008 0.031132 -0.995085 -303.567566 -0.093516 0.994816 0.039958 8.163376 0.991170 0.096813 -0.090610 7.686482
-0.095105 0.030892 -0.994988 -304.811401 -0.091033 0.995060 0.039596 8.189555 0.991296 0.094342 -0.091823 7.577335
-0.096051 0.032428 -0.994848 -306.058655 -0.088814 0.995203 0.041015 8.218646 0.991406 0.092296 -0.092710 7.461382
-0.096978 0.033681 -0.994717 -307.300201 -0.087417 0.995277 0.042222 8.241453 0.991440 0.091050 -0.093575 7.344107
-0.097660 0.033216 -0.994665 -308.533905 -0.087454 0.995290 0.041824 8.266598 0.991370 0.091072 -0.094295 7.214556
-0.097452 0.031965 -0.994727 -309.773163 -0.089156 0.995185 0.040714 8.296150 0.991239 0.092653 -0.094133 7.079347
-0.097107 0.031425 -0.994778 -311.024353 -0.089201 0.995204 0.040146 8.325182 0.991269 0.092634 -0.093838 6.949490
-0.096854 0.031490 -0.994800 -312.279572 -0.088158 0.995299 0.040089 8.349347 0.991387 0.091582 -0.093623 6.822802
