1.000000 0.000000 0.000000 0.000000 0.000000 1.000000 0.000000 0.000000 0.000000 0.000000 1.000000 0.000000
0.999950 -0.001829 0.009839 0.006925 0.001818 0.999998 0.001115 -0.007457 -0.009841 -0.001097 0.999951 0.293617
0.999878 -0.004194 0.015034 0.019971 0.004180 0.999991 0.000993 -0.011962 -0.015038 -0.000931 0.999887 0.579495
0.999850 -0.006629 0.016002 0.031794 0.006632 0.999978 -0.000157 -0.014740 -0.016000 0.000263 0.999872 0.877100
0.999885 -0.007813 0.012957 0.045467 0.007835 0.999968 -0.001676 -0.017258 -0.012944 0.001777 0.999915 1.178607
0.999936 -0.009822 0.005539 0.054520 0.009840 0.999946 -0.003236 -0.017509 -0.005507 0.003291 0.999979 1.493218
0.999912 -0.010797 -0.007758 0.056992 0.010757 0.999929 -0.005175 -0.027391 0.007813 0.005091 0.999957 1.813770
0.999650 -0.009314 -0.024748 0.044802 0.009179 0.999942 -0.005546 -0.037647 0.024798 0.005317 0.999678 2.144393
0.999001 -0.005115 -0.044398 0.018819 0.004877 0.999973 -0.005474 -0.048554 0.044425 0.005252 0.998999 2.492659
0.997909 -0.001887 -0.064601 -0.014465 0.001445 0.999975 -0.006887 -0.054590 0.064612 0.006779 0.997887 2.848094
0.996352 -0.001567 -0.085328 -0.039958 0.000915 0.999970 -0.007684 -0.053919 0.085338 0.007578 0.996323 3.212623
0.994336 -0.002584 -0.106255 -0.072396 0.001793 0.999970 -0.007540 -0.059518 0.106271 0.007307 0.994310 3.589436
0.992030 -0.003483 -0.125957 -0.110099 0.002642 0.999973 -0.006846 -0.071201 0.125977 0.006459 0.992012 3.970416
0.989536 -0.002454 -0.144266 -0.170685 0.001549 0.999978 -0.006383 -0.083682 0.144278 0.006093 0.989518 4.363095
0.987084 -0.001145 -0.160199 -0.236594 0.000184 0.999982 -0.006017 -0.091019 0.160203 0.005910 0.987066 4.768927
0.984689 -0.000730 -0.174320 -0.314456 -0.000381 0.999980 -0.006340 -0.100430 0.174321 0.006310 0.984669 5.181022
0.982486 -0.001593 -0.186331 -0.383408 0.000218 0.999973 -0.007397 -0.108474 0.186338 0.007227 0.982459 5.605543
0.980537 -0.004543 -0.196281 -0.456505 0.002764 0.999953 -0.009336 -0.120837 0.196314 0.008612 0.980503 6.047340
0.978830 -0.003348 -0.204649 -0.549693 0.001147 0.999940 -0.010874 -0.136672 0.204673 0.010409 0.978775 6.505051
0.977253 -0.002858 -0.212055 -0.655672 0.000178 0.999920 -0.012655 -0.142489 0.212075 0.012330 0.977176 6.972560
0.975538 -0.003580 -0.219801 -0.758404 0.000187 0.999881 -0.015453 -0.153531 0.219830 0.015034 0.975422 7.449206
0.973658 -0.006852 -0.227910 -0.854932 0.002997 0.999847 -0.017257 -0.164526 0.227993 0.016119 0.973529 7.938123
0.971783 -0.012430 -0.235547 -0.955823 0.008285 0.999793 -0.018580 -0.179506 0.235729 0.016105 0.971685 8.447396
0.969655 -0.012246 -0.244172 -1.077700 0.007626 0.999774 -0.019860 -0.210428 0.244360 0.017395 0.969529 8.976354
0.967512 -0.008161 -0.252694 -1.226490 0.002336 0.999725 -0.023344 -0.225240 0.252815 0.021995 0.967265 9.494070
0.965159 -0.005405 -0.261608 -1.378137 -0.001592 0.999647 -0.026526 -0.240398 0.261659 0.026018 0.964810 10.031464
0.962802 -0.007664 -0.270099 -1.518177 -0.000080 0.999590 -0.028648 -0.257408 0.270208 0.027604 0.962406 10.579041
0.960369 -0.009794 -0.278561 -1.662668 0.001415 0.999541 -0.030264 -0.286847 0.278730 0.028670 0.959942 11.139954
0.958078 -0.009282 -0.286358 -1.831545 0.000099 0.999486 -0.032066 -0.315690 0.286508 0.030693 0.957586 11.709838
0.955509 -0.008179 -0.294850 -2.010109 -0.002394 0.999367 -0.035481 -0.342938 0.294954 0.034608 0.954885 12.293139
0.953230 -0.009249 -0.302103 -2.188841 -0.003106 0.999179 -0.040392 -0.370576 0.302229 0.039441 0.952419 12.882150
0.951482 -0.010088 -0.307537 -2.380248 -0.004798 0.998854 -0.047610 -0.408154 0.307665 0.046776 0.950344 13.480611
0.950067 -0.009806 -0.311893 -2.586758 -0.007835 0.998441 -0.055258 -0.440472 0.311949 0.054942 0.948509 14.082082
0.948638 -0.009515 -0.316219 -2.797128 -0.011110 0.997929 -0.063358 -0.480925 0.316167 0.063617 0.946568 14.699257
0.947266 -0.008704 -0.320330 -3.012357 -0.015035 0.997323 -0.071558 -0.520379 0.320096 0.072600 0.944599 15.324309
0.945813 -0.007070 -0.324636 -3.238255 -0.019359 0.996757 -0.078109 -0.571289 0.324135 0.080162 0.942608 15.957017
0.944111 -0.005155 -0.329587 -3.476777 -0.023871 0.996183 -0.083960 -0.628984 0.328762 0.087135 0.940385 16.600849
0.942125 -0.003186 -0.335245 -3.724435 -0.028540 0.995563 -0.089667 -0.690069 0.334044 0.094046 0.937854 17.259359
0.940362 -0.000500 -0.340175 -3.974622 -0.033596 0.994974 -0.094332 -0.760415 0.338512 0.100135 0.935619 17.931086
0.938291 0.002521 -0.345838 -4.237034 -0.038649 0.994474 -0.097608 -0.830799 0.343681 0.104951 0.933204 18.608936
0.936241 0.004202 -0.351334 -4.503462 -0.041681 0.994196 -0.099183 -0.905585 0.348878 0.107503 0.930982 19.309029
0.933924 0.005539 -0.357428 -4.770887 -0.043654 0.994164 -0.098656 -0.990636 0.354795 0.107741 0.928715 20.012877
0.931673 0.005990 -0.363248 -5.042498 -0.044356 0.994259 -0.097372 -1.077549 0.360580 0.106831 0.926590 20.733072
0.928605 0.006463 -0.371013 -5.328211 -0.045047 0.994417 -0.095425 -1.163341 0.368325 0.105325 0.923712 21.468563
0.925503 0.008520 -0.378645 -5.624957 -0.047022 0.994597 -0.092554 -1.252229 0.375811 0.103463 0.920902 22.215149
0.921986 0.010900 -0.387070 -5.930445 -0.048420 0.995003 -0.087315 -1.335990 0.384185 0.099245 0.917907 22.970774
0.918274 0.014312 -0.395688 -6.254857 -0.050851 0.995333 -0.082009 -1.423973 0.392668 0.095427 0.914716 23.725803
0.914349 0.018389 -0.404509 -6.587726 -0.054613 0.995441 -0.078193 -1.508549 0.401227 0.093587 0.911185 24.481682
0.910359 0.019182 -0.413374 -6.929992 -0.055577 0.995542 -0.076200 -1.590379 0.410070 0.092343 0.907367 25.249239
0.906261 0.019509 -0.422268 -7.281329 -0.056701 0.995517 -0.075697 -1.669129 0.418898 0.092544 0.903305 26.011843
0.902213 0.019868 -0.430834 -7.645601 -0.057668 0.995526 -0.074855 -1.743447 0.427419 0.092380 0.899321 26.785534
0.898355 0.021545 -0.438741 -8.033431 -0.059675 0.995523 -0.073302 -1.823464 0.435197 0.092034 0.895619 27.568592
0.894306 0.021562 -0.446936 -8.422698 -0.059537 0.995691 -0.071095 -1.898463 0.443477 0.090190 0.891737 28.365959
0.890093 0.022739 -0.455212 -8.826634 -0.059822 0.995943 -0.067222 -1.977584 0.451837 0.087065 0.887842 29.178375
0.886226 0.025070 -0.462574 -9.267212 -0.060550 0.996237 -0.062012 -2.051285 0.459279 0.082965 0.884409 30.006710
0.882561 0.025079 -0.469529 -9.714485 -0.059230 0.996552 -0.058104 -2.123400 0.466453 0.079090 0.881003 30.842260
0.878572 0.024031 -0.477006 -10.148850 -0.057750 0.996751 -0.056152 -2.196091 0.474106 0.076881 0.877105 31.677517
0.875251 0.024117 -0.483067 -10.622434 -0.057786 0.996816 -0.054936 -2.261882 0.480204 0.075998 0.873858 32.519474
0.872145 0.025569 -0.488578 -11.114082 -0.058841 0.996867 -0.052865 -2.327619 0.485696 0.074855 0.870917 33.377483
0.869377 0.024743 -0.493530 -11.608493 -0.057783 0.996984 -0.051803 -2.397761 0.490760 0.073554 0.868185 34.252285
0.866854 0.022984 -0.498032 -12.129365 -0.056101 0.997089 -0.051632 -2.464831 0.495396 0.072697 0.865620 35.129700
0.864823 0.022021 -0.501594 -12.642342 -0.055587 0.997095 -0.052066 -2.529235 0.498991 0.072910 0.863535 35.997223
0.863543 0.022666 -0.503765 -13.168779 -0.056742 0.997012 -0.052407 -2.593471 0.501072 0.073840 0.862249 36.870613
0.862980 0.022753 -0.504725 -13.687065 -0.056667 0.997041 -0.051943 -2.659127 0.502050 0.073427 0.861716 37.752274
0.862448 0.022909 -0.505627 -14.181600 -0.056023 0.997158 -0.050379 -2.723744 0.503036 0.071776 0.861280 38.632538
0.862108 0.021834 -0.506254 -14.688717 -0.054479 0.997274 -0.049763 -2.790519 0.503787 0.070481 0.860948 39.523319
0.861267 0.020333 -0.507747 -15.196301 -0.053303 0.997302 -0.050479 -2.854689 0.505350 0.070541 0.860026 40.420692
0.860006 0.018646 -0.509942 -15.724499 -0.052223 0.997301 -0.051608 -2.922851 0.507604 0.071014 0.858659 41.328003
0.858324 0.019952 -0.512720 -16.266474 -0.053019 0.997344 -0.049946 -2.993890 0.510361 0.070054 0.857102 42.249187
0.856343 0.021422 -0.515962 -16.812227 -0.052967 0.997513 -0.046494 -3.065387 0.513683 0.067144 0.855349 43.181629
0.853735 0.021555 -0.520262 -17.362730 -0.051222 0.997773 -0.042715 -3.134217 0.518182 0.063116 0.852938 44.114155
0.849836 0.021770 -0.526598 -17.918344 -0.050674 0.997893 -0.040524 -3.203973 0.524606 0.061124 0.849148 45.025433
0.844138 0.018800 -0.535796 -18.478746 -0.048611 0.997952 -0.041571 -3.270569 0.533917 0.061137 0.843324 45.926685
0.837905 0.015794 -0.545587 -19.045042 -0.047512 0.997898 -0.044079 -3.339146 0.543744 0.062856 0.836894 46.823307
0.831720 0.016378 -0.554954 -19.637081 -0.048804 0.997852 -0.043695 -3.403942 0.553047 0.063426 0.830733 47.712811
0.825924 0.020092 -0.563423 -20.263777 -0.050888 0.997942 -0.039010 -3.468400 0.561480 0.060890 0.825247 48.616993
0.820837 0.024709 -0.570628 -20.886055 -0.054057 0.997940 -0.034548 -3.536797 0.568598 0.059205 0.820482 49.496147
0.816655 0.024565 -0.576603 -21.500574 -0.054878 0.997872 -0.035213 -3.596426 0.574511 0.060400 0.816265 50.360592
0.813262 0.022348 -0.581468 -22.118444 -0.055160 0.997723 -0.038802 -3.653223 0.579277 0.063630 0.812643 51.225887
0.810358 0.020415 -0.585580 -22.746361 -0.057878 0.997294 -0.045327 -3.719061 0.583070 0.070624 0.809347 52.079288
0.807090 0.019565 -0.590105 -23.378986 -0.058785 0.997148 -0.047341 -3.778608 0.587495 0.072898 0.805938 52.936131
0.803329 0.020904 -0.595168 -24.017298 -0.058584 0.997310 -0.044046 -3.846444 0.592647 0.070251 0.802393 53.811619
0.800138 0.024060 -0.599334 -24.673725 -0.059397 0.997462 -0.039256 -3.913291 0.596868 0.067009 0.799536 54.688511
0.796839 0.025492 -0.603654 -25.330635 -0.059443 0.997570 -0.036339 -3.972488 0.601261 0.064839 0.796418 55.545834
0.793622 0.026748 -0.607823 -25.993919 -0.061411 0.997453 -0.036288 -4.034460 0.605304 0.066126 0.793243 56.416317
0.790372 0.026167 -0.612068 -26.660919 -0.062393 0.997331 -0.037931 -4.094054 0.609442 0.068168 0.789895 57.273865
0.787012 0.024269 -0.616460 -27.327721 -0.062296 0.997245 -0.040270 -4.154245 0.613784 0.070096 0.786356 58.127747
0.782597 0.024271 -0.622055 -27.999590 -0.063295 0.997164 -0.040724 -4.215811 0.619303 0.071243 0.781914 58.976528
0.778377 0.024445 -0.627321 -28.683025 -0.063406 0.997193 -0.039816 -4.277051 0.624587 0.070768 0.777742 59.822453
0.773358 0.024889 -0.633480 -29.374683 -0.064001 0.997189 -0.038954 -4.339611 0.630730 0.070669 0.772778 60.660206
0.768303 0.024255 -0.639626 -30.073841 -0.064362 0.997145 -0.039498 -4.403968 0.636842 0.071514 0.767671 61.499954
0.763076 0.023702 -0.645874 -30.773371 -0.064901 0.997086 -0.040087 -4.463644 0.643042 0.072508 0.762391 62.328514
0.758008 0.022577 -0.651854 -31.493155 -0.064756 0.997068 -0.040768 -4.523993 0.649023 0.073114 0.757248 63.168045
0.752031 0.021716 -0.658770 -32.208134 -0.064884 0.997042 -0.041203 -4.588862 0.655926 0.073730 0.751215 63.994186
0.745928 0.019828 -0.665732 -32.938629 -0.064035 0.997061 -0.042052 -4.651628 0.662941 0.073998 0.745005 64.820763
0.739623 0.019054 -0.672752 -33.666676 -0.063653 0.997099 -0.041740 -4.714960 0.670004 0.073695 0.738690 65.642143
0.733158 0.019606 -0.679776 -34.399651 -0.063857 0.997153 -0.040111 -4.778110 0.677054 0.072816 0.732322 66.463516
0.727108 0.019325 -0.686252 -35.186317 -0.063502 0.997212 -0.039201 -4.844972 0.683580 0.072082 0.726307 67.284874
0.720856 0.018467 -0.692839 -35.966583 -0.063413 0.997209 -0.039397 -4.913708 0.690178 0.072335 0.720016 68.090889
0.714542 0.017185 -0.699382 -36.732071 -0.063691 0.997145 -0.040570 -4.979503 0.696687 0.073534 0.713596 68.882698
0.708633 0.018442 -0.705336 -37.522625 -0.066042 0.997003 -0.040282 -5.045734 0.702480 0.075127 0.707727 69.673462
0.703531 0.019689 -0.710392 -38.322411 -0.067594 0.996938 -0.039310 -5.113345 0.707443 0.075674 0.702708 70.466248
0.698818 0.020277 -0.715012 -39.103573 -0.069118 0.996835 -0.039283 -5.176588 0.711953 0.076872 0.698007 71.257431
0.693762 0.020155 -0.719922 -39.906696 -0.070016 0.996761 -0.039566 -5.243232 0.716793 0.077856 0.692926 72.040695
0.687901 0.018746 -0.725562 -40.724033 -0.071028 0.996607 -0.041592 -5.312580 0.722321 0.080147 0.686898 72.831154
0.682611 0.016182 -0.730603 -41.543221 -0.070564 0.996543 -0.043856 -5.379728 0.727368 0.081491 0.681392 73.617630
0.677359 0.016091 -0.735477 -42.381096 -0.071924 0.996420 -0.044441 -5.446895 0.732129 0.083001 0.676091 74.395729
0.672405 0.017150 -0.739984 -43.234295 -0.072846 0.996411 -0.043101 -5.515550 0.736590 0.082886 0.671242 75.187370
0.667810 0.017532 -0.744125 -44.104301 -0.072632 0.996486 -0.041705 -5.586272 0.740779 0.081898 0.666737 75.970947
0.662734 0.016895 -0.748664 -44.968060 -0.072699 0.996475 -0.041867 -5.658830 0.745318 0.082174 0.661626 76.747978
0.658049 0.016429 -0.752796 -45.837715 -0.072924 0.996453 -0.041999 -5.726505 0.749436 0.082535 0.656913 77.517738
0.653797 0.015856 -0.756504 -46.722866 -0.072307 0.996514 -0.041603 -5.795548 0.753207 0.081900 0.652664 78.293884
0.650144 0.015914 -0.759644 -47.606010 -0.072620 0.996505 -0.041276 -5.864679 0.756332 0.082001 0.649028 79.049454
0.646315 0.013547 -0.762950 -48.493969 -0.070366 0.996640 -0.041913 -5.931320 0.759819 0.080775 0.645097 79.813370
0.642578 0.010327 -0.766150 -49.385548 -0.068706 0.996658 -0.044190 -6.002305 0.763133 0.081035 0.641140 80.580986
0.638083 0.006513 -0.769940 -50.296852 -0.064880 0.996863 -0.045337 -6.071273 0.767229 0.078882 0.636504 81.362602
0.631995 0.003216 -0.774966 -51.209442 -0.060788 0.997116 -0.045436 -6.143103 0.772585 0.075824 0.630368 82.135284
0.624899 -0.000506 -0.780705 -52.134315 -0.056689 0.997331 -0.046022 -6.218476 0.778645 0.073016 0.623202 82.904854
0.616043 -0.001486 -0.787711 -53.062874 -0.054899 0.997486 -0.044816 -6.296690 0.785797 0.070853 0.614413 83.668045
0.607688 0.000268 -0.794176 -54.021374 -0.055862 0.997537 -0.042408 -6.368610 0.792208 0.070135 0.606207 84.418633
0.599031 0.000785 -0.800725 -54.977917 -0.057159 0.997490 -0.041783 -6.449287 0.798683 0.070798 0.597573 85.154366
0.589477 -0.000157 -0.807786 -55.953068 -0.058562 0.997360 -0.042930 -6.518723 0.805660 0.072612 0.587911 85.876701
0.580537 -0.001851 -0.814232 -56.935551 -0.058808 0.997290 -0.044197 -6.594337 0.812107 0.073541 0.578855 86.590775
0.571769 -0.002631 -0.820411 -57.935463 -0.059407 0.997237 -0.044601 -6.666891 0.818261 0.074240 0.570033 87.301437
0.562893 -0.003314 -0.826523 -58.957756 -0.057962 0.997372 -0.043473 -6.741558 0.824495 0.072377 0.561222 88.011848
0.552960 -0.002654 -0.833203 -59.989082 -0.057978 0.997448 -0.041655 -6.820460 0.831188 0.071341 0.551395 88.706367
0.543765 -0.003167 -0.839231 -61.036137 -0.058196 0.997443 -0.041471 -6.898894 0.837217 0.071390 0.542191 89.387756
0.534306 -0.003786 -0.845283 -62.089172 -0.059419 0.997348 -0.042025 -6.971050 0.843200 0.072680 0.532664 90.053802
0.524080 -0.003816 -0.851660 -63.144619 -0.061243 0.997232 -0.042155 -7.044549 0.849464 0.074251 0.522396 90.716705
0.514071 -0.004493 -0.857736 -64.223785 -0.062621 0.997121 -0.042755 -7.115461 0.855459 0.075692 0.512310 91.360512
0.504845 -0.004151 -0.863200 -65.315056 -0.064550 0.997007 -0.042547 -7.191358 0.860793 0.077199 0.503066 91.998138
0.495980 -0.002448 -0.868330 -66.418060 -0.066015 0.996996 -0.040518 -7.265115 0.865821 0.077419 0.494329 92.640381
0.487655 -0.000790 -0.873036 -67.519104 -0.066276 0.997080 -0.037922 -7.336204 0.870517 0.076355 0.486179 93.271927
0.479564 -0.001242 -0.877506 -68.629738 -0.065909 0.997123 -0.037431 -7.405596 0.875028 0.075786 0.478103 93.885735
0.472249 -0.004145 -0.881455 -69.752769 -0.064113 0.997179 -0.039038 -7.475101 0.879130 0.074948 0.470651 94.488823
0.465776 -0.007323 -0.884872 -70.856964 -0.061992 0.997239 -0.040885 -7.549157 0.882729 0.073899 0.464036 95.094040
0.460399 -0.010291 -0.887653 -71.978027 -0.060442 0.997249 -0.042911 -7.623875 0.885652 0.073408 0.458510 95.683784
0.455853 -0.013735 -0.889949 -73.098167 -0.058689 0.997241 -0.045452 -7.697547 0.888118 0.072949 0.453789 96.266754
0.451784 -0.015218 -0.891997 -74.241776 -0.056558 0.997355 -0.045661 -7.774804 0.890333 0.071078 0.449728 96.840645
0.448147 -0.013867 -0.893853 -75.374977 -0.054529 0.997594 -0.042816 -7.855816 0.892295 0.067928 0.446312 97.414139
0.445116 -0.012672 -0.895383 -76.509644 -0.051142 0.997908 -0.039547 -7.934988 0.894011 0.063394 0.443537 97.985641
0.442522 -0.012417 -0.896671 -77.645416 -0.048844 0.998086 -0.037927 -8.011593 0.895426 0.060581 0.441069 98.540642
0.439876 -0.012798 -0.897967 -78.779175 -0.047263 0.998183 -0.037379 -8.083804 0.896814 0.058883 0.438472 99.088722
0.438331 -0.012282 -0.898730 -79.934990 -0.045478 0.998323 -0.035824 -8.151932 0.897662 0.056575 0.437038 99.627319
0.435977 -0.012416 -0.899872 -81.044640 -0.042876 0.998483 -0.034549 -8.219963 0.898936 0.053645 0.434783 100.168755
0.434144 -0.013300 -0.900745 -82.167587 -0.041060 0.998560 -0.034534 -8.291482 0.899907 0.051977 0.432972 100.708069
0.432618 -0.013938 -0.901470 -83.281990 -0.039098 0.998650 -0.034203 -8.355551 0.900729 0.050043 0.431488 101.228188
0.431284 -0.013349 -0.902118 -84.378448 -0.037074 0.998784 -0.032503 -8.418059 0.901454 0.047463 0.430264 101.745834
0.429889 -0.012662 -0.902793 -85.465271 -0.035649 0.998884 -0.030984 -8.484468 0.902178 0.045503 0.428958 102.262985
0.428490 -0.013435 -0.903447 -86.510391 -0.034249 0.998929 -0.031099 -8.552732 0.902897 0.044268 0.427571 102.769844
0.427354 -0.014682 -0.903965 -87.560089 -0.033307 0.998934 -0.031971 -8.614273 0.903471 0.043771 0.426410 103.267189
0.427443 -0.016055 -0.903900 -88.612465 -0.032865 0.998905 -0.033284 -8.680470 0.903445 0.043933 0.426448 103.748886
0.428285 -0.016703 -0.903489 -89.622643 -0.033983 0.998824 -0.034574 -8.744477 0.903004 0.045511 0.427214 104.221176
0.430352 -0.016578 -0.902509 -90.660027 -0.035842 0.998729 -0.035436 -8.814922 0.901949 0.047598 0.429211 104.688660
0.434793 -0.016444 -0.900380 -91.663811 -0.038139 0.998600 -0.036655 -8.882057 0.899723 0.050277 0.433557 105.157631
0.439399 -0.016382 -0.898142 -92.644600 -0.040624 0.998448 -0.038086 -8.948094 0.897373 0.053221 0.438052 105.628418
0.444839 -0.016458 -0.895459 -93.631096 -0.041445 0.998382 -0.038938 -9.013638 0.894651 0.054433 0.443438 106.102356
0.450517 -0.015091 -0.892640 -94.586464 -0.043147 0.998321 -0.038654 -9.085825 0.891725 0.055929 0.449109 106.589119
0.458142 -0.013909 -0.888770 -95.554245 -0.044259 0.998280 -0.038437 -9.154581 0.887776 0.056946 0.456739 107.071419
0.466712 -0.013406 -0.884308 -96.486427 -0.045106 0.998223 -0.038939 -9.218954 0.883259 0.058060 0.465277 107.557526
0.474935 -0.012976 -0.879925 -97.407951 -0.046495 0.998125 -0.039815 -9.282294 0.878792 0.059822 0.473441 108.049591
0.484475 -0.013327 -0.874704 -98.325478 -0.047814 0.997986 -0.041688 -9.348475 0.873497 0.062020 0.482862 108.549767
0.494820 -0.013734 -0.868887 -99.230995 -0.050878 0.997702 -0.044744 -9.413157 0.867505 0.066347 0.492985 109.044868
0.505718 -0.014168 -0.862582 -100.118790 -0.052195 0.997531 -0.046986 -9.482610 0.861118 0.068784 0.503730 109.559273
0.517860 -0.012270 -0.855377 -100.994728 -0.054804 0.997367 -0.047486 -9.551782 0.853708 0.071469 0.515824 110.075829
0.530307 -0.008766 -0.847760 -101.867599 -0.057681 0.997256 -0.046394 -9.626326 0.845841 0.073503 0.528346 110.613251
0.542016 -0.006880 -0.840340 -102.733238 -0.058007 0.997275 -0.045580 -9.694100 0.838363 0.073451 0.540140 111.165581
0.553379 -0.006459 -0.832904 -103.599548 -0.058074 0.997237 -0.046318 -9.764256 0.830902 0.074001 0.551476 111.735237
0.563528 -0.006313 -0.826073 -104.394936 -0.059165 0.997094 -0.047981 -9.834252 0.823976 0.075913 0.561517 112.301460
0.574032 -0.006397 -0.818808 -105.217102 -0.059837 0.996968 -0.049738 -9.909491 0.816644 0.077546 0.571909 112.868874
0.584261 -0.008206 -0.811524 -106.009499 -0.057493 0.997018 -0.051474 -9.981462 0.809527 0.076731 0.582047 113.450615
0.594662 -0.007719 -0.803939 -106.812180 -0.057281 0.997006 -0.051943 -10.058401 0.801933 0.076939 0.592439 114.037186
0.604514 -0.004942 -0.796579 -107.577736 -0.058624 0.996993 -0.050674 -10.132963 0.794434 0.077332 0.602407 114.611404
0.613396 -0.002474 -0.789772 -108.345619 -0.058319 0.997123 -0.048419 -10.204721 0.787619 0.075759 0.611487 115.204475
0.622732 -0.000941 -0.782435 -109.082512 -0.059510 0.997046 -0.048563 -10.275437 0.780169 0.076805 0.620836 115.778481
0.631779 -0.000127 -0.775148 -109.824066 -0.061207 0.996869 -0.050050 -10.342524 0.772728 0.079065 0.629794 116.358185
0.640353 0.000230 -0.768081 -110.567024 -0.062141 0.996737 -0.051509 -10.412547 0.765563 0.080713 0.638278 116.958679
0.649207 0.001005 -0.760611 -111.309311 -0.062102 0.996730 -0.051689 -10.482345 0.758072 0.080792 0.647147 117.571320
0.657541 0.003228 -0.753412 -112.032951 -0.062539 0.996774 -0.050310 -10.553534 0.750819 0.080199 0.655621 118.188698
0.665797 0.004880 -0.746117 -112.740715 -0.062418 0.996838 -0.049178 -10.620387 0.743518 0.079314 0.663996 118.813019
0.673454 0.005629 -0.739207 -113.442932 -0.062148 0.996862 -0.049029 -10.691152 0.736612 0.078959 0.671691 119.441917
0.680956 0.006276 -0.732297 -114.138161 -0.062835 0.996776 -0.049887 -10.756680 0.729623 0.079984 0.679155 120.067238
0.688142 0.007766 -0.725535 -114.827133 -0.063573 0.996742 -0.049627 -10.822379 0.722786 0.080275 0.686394 120.696732
0.694709 0.010127 -0.719220 -115.511696 -0.063934 0.996813 -0.047720 -10.884873 0.716444 0.079134 0.693142 121.338303
0.701554 0.012953 -0.712498 -116.180519 -0.064755 0.996857 -0.045638 -10.949965 0.709668 0.078155 0.700188 121.974129
0.708439 0.014572 -0.705621 -116.828529 -0.065703 0.996807 -0.045380 -11.007447 0.702707 0.078511 0.707134 122.605499
0.715582 0.015508 -0.698356 -117.462273 -0.066074 0.996774 -0.045570 -11.068472 0.695396 0.078753 0.714298 123.233238
0.723225 0.018158 -0.690373 -118.091270 -0.068200 0.996646 -0.045232 -11.125845 0.687236 0.079796 0.722038 123.856445
0.731825 0.021099 -0.681166 -118.701324 -0.068692 0.996714 -0.042928 -11.185941 0.678022 0.078207 0.730869 124.486519
0.740757 0.024747 -0.671317 -119.303841 -0.070353 0.996684 -0.040889 -11.239782 0.668079 0.077518 0.740041 125.123154
0.750736 0.026834 -0.660057 -119.880936 -0.071617 0.996592 -0.040940 -11.293718 0.656709 0.078006 0.750099 125.753914
0.760538 0.027281 -0.648720 -120.436073 -0.072484 0.996439 -0.043074 -11.343857 0.645235 0.079781 0.759807 126.379211
0.770236 0.026655 -0.637202 -120.990326 -0.072069 0.996364 -0.045436 -11.395850 0.633674 0.080920 0.769357 127.006927
0.779814 0.027154 -0.625422 -121.512611 -0.071887 0.996334 -0.046374 -11.448090 0.621871 0.081123 0.778907 127.638039
0.789721 0.028801 -0.612789 -122.047493 -0.071890 0.996360 -0.045818 -11.500785 0.609239 0.080237 0.788917 128.277435
0.799150 0.030754 -0.600345 -122.557022 -0.071492 0.996465 -0.044122 -11.555311 0.596866 0.078180 0.798523 128.921036
0.808202 0.031868 -0.588042 -123.054466 -0.070656 0.996569 -0.043102 -11.606157 0.584651 0.076384 0.807681 129.576401
0.816973 0.033203 -0.575719 -123.539085 -0.069790 0.996696 -0.041554 -11.658682 0.572437 0.074128 0.816591 130.237961
0.824626 0.033890 -0.564662 -124.014946 -0.068728 0.996811 -0.040542 -11.710006 0.561487 0.072240 0.824326 130.913925
0.831440 0.033542 -0.554601 -124.470276 -0.067144 0.996926 -0.040368 -11.758544 0.551542 0.070802 0.831137 131.594559
0.838252 0.033583 -0.544247 -124.933281 -0.066427 0.996957 -0.040794 -11.813903 0.541221 0.070348 0.837932 132.283951
0.844869 0.034712 -0.533845 -125.384094 -0.066993 0.996902 -0.041202 -11.863085 0.530761 0.070574 0.844578 132.964691
0.851267 0.036232 -0.523480 -125.843285 -0.067861 0.996837 -0.041359 -11.914308 0.520326 0.070732 0.851034 133.650391
0.857328 0.037338 -0.513415 -126.295555 -0.068402 0.996785 -0.041731 -11.958920 0.510206 0.070895 0.857125 134.336563
0.863255 0.036720 -0.503430 -126.730347 -0.067249 0.996826 -0.042606 -12.008270 0.500268 0.070635 0.862985 135.057953
0.868558 0.035527 -0.494313 -127.163147 -0.065843 0.996857 -0.044047 -12.057555 0.491194 0.070805 0.868168 135.791519
0.872815 0.034967 -0.486797 -127.589264 -0.064949 0.996880 -0.044846 -12.113456 0.483710 0.070759 0.872363 136.536774
0.876164 0.035652 -0.480693 -128.015854 -0.065062 0.996882 -0.044653 -12.167572 0.477602 0.070398 0.875751 137.288162
0.879319 0.037558 -0.474750 -128.450455 -0.065109 0.997006 -0.041720 -12.222590 0.471762 0.067596 0.879131 138.059982
0.882213 0.041219 -0.469043 -128.892471 -0.066823 0.997038 -0.038067 -12.276204 0.466085 0.064926 0.882354 138.835617
0.885424 0.044186 -0.462680 -129.336243 -0.068321 0.997031 -0.035528 -12.320126 0.459736 0.063068 0.885813 139.620590
0.888634 0.046585 -0.456246 -129.781494 -0.069606 0.997003 -0.033772 -12.366763 0.453305 0.061768 0.889213 140.420197
0.891705 0.048557 -0.450005 -130.217773 -0.070463 0.997000 -0.032046 -12.403535 0.447098 0.060284 0.892451 141.229492
0.895294 0.049801 -0.442683 -130.656418 -0.070203 0.997087 -0.029811 -12.444641 0.439909 0.057768 0.896182 142.063217
0.898871 0.049944 -0.435359 -131.089951 -0.069165 0.997201 -0.028405 -12.483200 0.432722 0.055644 0.899809 142.916626
0.902554 0.049597 -0.427710 -131.509506 -0.068085 0.997286 -0.028029 -12.527533 0.425159 0.054419 0.903481 143.774826
0.906384 0.048942 -0.419611 -131.926437 -0.067060 0.997341 -0.028527 -12.560448 0.417099 0.053996 0.907256 144.642700
0.910558 0.046673 -0.410737 -132.330811 -0.064418 0.997488 -0.029459 -12.607544 0.408331 0.053283 0.911278 145.531509
0.914804 0.045105 -0.401372 -132.738373 -0.062808 0.997543 -0.031049 -12.647407 0.398985 0.053614 0.915389 146.421844
0.919624 0.044067 -0.390320 -133.136185 -0.061975 0.997519 -0.033398 -12.698484 0.387880 0.054904 0.920073 147.336395
0.925010 0.045759 -0.377176 -133.536194 -0.063519 0.997375 -0.034775 -12.747346 0.374595 0.056125 0.925488 148.246429
0.931056 0.048967 -0.361575 -133.936752 -0.065886 0.997227 -0.034605 -12.798559 0.358877 0.056042 0.931701 149.171188
0.937524 0.052829 -0.343888 -134.327896 -0.068254 0.997126 -0.032897 -12.839019 0.341161 0.054313 0.938434 150.117828
0.944019 0.055666 -0.325160 -134.704346 -0.069887 0.997035 -0.032213 -12.888433 0.322402 0.053134 0.945110 151.082092
0.950594 0.057202 -0.305122 -135.053680 -0.070381 0.996995 -0.032360 -12.939079 0.302354 0.052236 0.951763 152.073349
0.956953 0.058588 -0.284267 -135.382568 -0.070605 0.996984 -0.032202 -12.978641 0.281523 0.050886 0.958204 153.068405
0.962968 0.059494 -0.262971 -135.695053 -0.069929 0.997086 -0.030494 -13.032436 0.260391 0.047754 0.964322 154.094086
0.968385 0.061609 -0.241732 -135.996628 -0.070479 0.997114 -0.028214 -13.078183 0.239296 0.044359 0.969933 155.149536
0.973482 0.063465 -0.219782 -136.276642 -0.070666 0.997185 -0.025049 -13.129540 0.217574 0.039916 0.975227 156.221436
0.977986 0.065552 -0.198108 -136.531128 -0.071416 0.997191 -0.022594 -13.170019 0.196070 0.036245 0.979920 157.307770
0.982003 0.066685 -0.176699 -136.760330 -0.071876 0.997145 -0.023135 -13.217338 0.174652 0.035419 0.983993 158.407074
0.985624 0.066565 -0.155290 -136.965851 -0.071416 0.997111 -0.025868 -13.259549 0.153119 0.036586 0.987530 159.526489
0.988647 0.066581 -0.134702 -137.154175 -0.070927 0.997096 -0.027721 -13.302747 0.132465 0.036961 0.990498 160.654099
0.991201 0.065505 -0.115023 -137.316437 -0.069050 0.997245 -0.027104 -13.352302 0.112930 0.034807 0.992993 161.817017
0.993279 0.066075 -0.095029 -137.462326 -0.068804 0.997298 -0.025735 -13.405793 0.093072 0.032101 0.995142 162.996170
0.994974 0.066162 -0.075162 -137.590302 -0.068261 0.997336 -0.025702 -13.455653 0.073262 0.030704 0.996840 164.190231
0.996205 0.067274 -0.055224 -137.698166 -0.068781 0.997297 -0.025846 -13.503753 0.053336 0.029547 0.998139 165.376465
0.997094 0.067608 -0.035104 -137.780914 -0.068542 0.997306 -0.026116 -13.551133 0.033243 0.028446 0.999042 166.587128
0.997506 0.068921 -0.015206 -137.850739 -0.069315 0.997226 -0.027137 -13.602728 0.013294 0.028123 0.999516 167.775177
0.997540 0.069954 0.004580 -137.917664 -0.069794 0.997142 -0.028911 -13.646694 -0.006590 0.028520 0.999572 168.952408
0.997272 0.069792 0.024031 -137.933655 -0.069024 0.997119 -0.031441 -13.703917 -0.026156 0.029697 0.999217 170.195496
0.996573 0.070994 0.042445 -137.918701 -0.069559 0.996986 -0.034369 -13.764332 -0.044757 0.031299 0.998507 171.448425
0.995583 0.071624 0.060697 -137.881317 -0.069486 0.996911 -0.036620 -13.821361 -0.063133 0.032241 0.997484 172.711517
0.994329 0.071170 0.079023 -137.827835 -0.068204 0.996884 -0.039629 -13.891724 -0.081597 0.034014 0.996085 173.998535
0.992658 0.071546 0.097525 -137.744339 -0.067415 0.996709 -0.045025 -13.957412 -0.100426 0.038120 0.994214 175.274933
0.990717 0.072320 0.115108 -137.632141 -0.066717 0.996426 -0.051813 -14.040029 -0.118444 0.043652 0.992001 176.554443
0.988462 0.074541 0.131861 -137.501404 -0.067449 0.996067 -0.057462 -14.120296 -0.135626 0.047905 0.989601 177.856308
0.986006 0.075931 0.148414 -137.348328 -0.067406 0.995818 -0.061661 -14.217840 -0.152476 0.050794 0.987001 179.155685
0.983085 0.078205 0.165616 -137.171402 -0.068260 0.995553 -0.064921 -14.319383 -0.169956 0.052517 0.984051 180.480591
0.980071 0.078164 0.182621 -136.958725 -0.067193 0.995586 -0.065520 -14.421128 -0.186936 0.051943 0.980998 181.810120
0.976822 0.076739 0.199822 -136.717636 -0.064649 0.995700 -0.066349 -14.527280 -0.204055 0.051893 0.977583 183.159500
0.973397 0.075516 0.216325 -136.449890 -0.061490 0.995589 -0.070860 -14.647082 -0.220721 0.055673 0.973747 184.504349
0.969608 0.076342 0.232448 -136.166153 -0.060294 0.995330 -0.075386 -14.768723 -0.237118 0.059079 0.969683 185.848083
0.965324 0.078556 0.248957 -135.865265 -0.061346 0.995206 -0.076164 -14.890945 -0.253746 0.058250 0.965515 187.196503
0.960634 0.079779 0.266117 -135.531754 -0.061436 0.995170 -0.076570 -15.017547 -0.270940 0.057206 0.960895 188.548279
0.955416 0.082824 0.283410 -135.178345 -0.062603 0.994852 -0.079692 -15.141236 -0.288552 0.058397 0.955682 189.890991
0.950093 0.083936 0.300463 -134.806839 -0.061496 0.994617 -0.083396 -15.271390 -0.305845 0.060756 0.950141 191.230560
0.944517 0.084177 0.317492 -134.400497 -0.059685 0.994496 -0.086115 -15.400199 -0.322994 0.062387 0.944343 192.565857
0.938671 0.083974 0.334431 -133.958954 -0.056548 0.994250 -0.090935 -15.546906 -0.340145 0.066447 0.938023 193.900391
0.931910 0.086104 0.352320 -133.495346 -0.055381 0.993802 -0.096391 -15.698791 -0.358436 0.070316 0.930902 195.208588
0.923661 0.089154 0.372696 -133.028046 -0.055503 0.993429 -0.100089 -15.855047 -0.379171 0.071762 0.922540 196.526169
0.913738 0.092018 0.395746 -132.502853 -0.055930 0.993231 -0.101806 -16.017982 -0.402435 0.070890 0.912700 197.867279
0.902303 0.095171 0.420465 -131.971649 -0.056365 0.992999 -0.103807 -16.186419 -0.427401 0.069966 0.901351 199.165314
0.889946 0.099081 0.445173 -131.393036 -0.057031 0.992631 -0.106917 -16.351547 -0.452486 0.069762 0.889039 200.454605
0.877041 0.102018 0.469459 -130.765060 -0.056593 0.992328 -0.109916 -16.530165 -0.477071 0.069833 0.876086 201.759293
0.863594 0.103575 0.493435 -130.109436 -0.054838 0.992162 -0.112285 -16.704731 -0.501198 0.069909 0.862504 203.027435
0.849778 0.104244 0.516730 -129.402908 -0.052241 0.992080 -0.114229 -16.888830 -0.524545 0.070075 0.848494 204.283813
0.835449 0.105198 0.539406 -128.669952 -0.048516 0.991794 -0.118283 -17.075115 -0.547422 0.072649 0.833697 205.516342
0.820928 0.106961 0.560924 -127.904198 -0.045359 0.991411 -0.122665 -17.272205 -0.569227 0.075256 0.818729 206.732803
0.806952 0.108228 0.580617 -127.083549 -0.042493 0.991158 -0.125696 -17.473438 -0.589087 0.076759 0.804416 207.923874
0.792441 0.109358 0.600065 -126.244530 -0.039684 0.990956 -0.128189 -17.679117 -0.608656 0.077769 0.789613 209.099091
0.778500 0.109802 0.617966 -125.365616 -0.036860 0.990877 -0.129628 -17.888025 -0.626562 0.078137 0.775445 210.271347
0.764978 0.109649 0.634655 -124.448990 -0.033594 0.990853 -0.130696 -18.103680 -0.643180 0.078659 0.761664 211.432327
0.751688 0.109763 0.650321 -123.499985 -0.029903 0.990712 -0.132652 -18.322527 -0.658841 0.080266 0.747988 212.575623
0.738317 0.110294 0.665374 -122.534546 -0.025801 0.990435 -0.135548 -18.541517 -0.673960 0.082910 0.734101 213.682831
0.725378 0.111700 0.679227 -121.542023 -0.022431 0.990058 -0.138862 -18.771006 -0.687985 0.085492 0.720672 214.780075
0.712083 0.113556 0.692851 -120.515785 -0.020335 0.989755 -0.141319 -18.998756 -0.701800 0.086542 0.707097 215.853683
0.698234 0.114026 0.706731 -119.496376 -0.018519 0.989780 -0.141397 -19.236673 -0.715630 0.085641 0.693209 216.902420
0.683353 0.114912 0.720989 -118.429100 -0.017881 0.989874 -0.140820 -19.478298 -0.729869 0.083338 0.678488 217.963730
0.667933 0.115559 0.735195 -117.340378 -0.018523 0.990147 -0.138803 -19.722649 -0.743991 0.079093 0.663492 219.001266
0.651500 0.116435 0.749660 -116.229706 -0.019654 0.990411 -0.136747 -19.963985 -0.758394 0.074357 0.647541 220.022827
0.635233 0.117770 0.763289 -115.107887 -0.020466 0.990525 -0.135798 -20.204952 -0.772049 0.070642 0.631624 221.009384
0.619141 0.119842 0.776081 -113.990211 -0.019597 0.990336 -0.137294 -20.435875 -0.785035 0.069796 0.615506 221.954712
0.602643 0.122902 0.788490 -112.859833 -0.020630 0.990138 -0.138566 -20.671747 -0.797744 0.067239 0.599235 222.861099
0.584901 0.123237 0.801688 -111.724602 -0.020514 0.990322 -0.137268 -20.906012 -0.810845 0.063843 0.581768 223.741287
0.566057 0.122180 0.815261 -110.560104 -0.019726 0.990680 -0.134774 -21.141422 -0.824130 0.060208 0.563192 224.602478
0.546632 0.119935 0.828739 -109.384468 -0.017919 0.991139 -0.131618 -21.366873 -0.837181 0.057096 0.543937 225.411316
0.526985 0.118085 0.841631 -108.211105 -0.016392 0.991528 -0.128852 -21.587715 -0.849716 0.054107 0.524457 226.195328
0.507073 0.116785 0.853955 -107.006088 -0.014064 0.991767 -0.127281 -21.805670 -0.861789 0.052530 0.504541 226.955231
0.486878 0.115916 0.865744 -105.805229 -0.011905 0.991944 -0.126118 -22.019201 -0.873389 0.051098 0.484336 227.679428
0.466900 0.114792 0.876828 -104.597511 -0.007884 0.992040 -0.125677 -22.224051 -0.884275 0.051766 0.464088 228.351303
0.447598 0.114654 0.886854 -103.407600 -0.004574 0.992027 -0.125943 -22.424366 -0.894223 0.052315 0.444554 228.977020
0.428405 0.113427 0.896439 -102.204590 -0.000325 0.992109 -0.125376 -22.628098 -0.903587 0.053420 0.425061 229.579315
0.408275 0.111387 0.906038 -100.990341 0.002341 0.992397 -0.123059 -22.830647 -0.912856 0.052363 0.404909 230.166321
0.388490 0.110647 0.914786 -99.761070 0.005745 0.992454 -0.122481 -23.022198 -0.921435 0.052838 0.384923 230.710037
0.370120 0.114608 0.921887 -98.595352 0.007905 0.991936 -0.126491 -23.208998 -0.928950 0.054104 0.366229 231.217636
0.351993 0.122821 0.927909 -97.454903 0.008334 0.990903 -0.134320 -23.393021 -0.935965 0.055012 0.347767 231.681641
0.334597 0.130193 0.933325 -96.295738 0.006119 0.990089 -0.140305 -23.590479 -0.942342 0.052657 0.330484 232.127655
0.316194 0.133654 0.939233 -95.131187 0.004309 0.989814 -0.142302 -23.792583 -0.948685 0.049042 0.312398 232.553345
0.298023 0.134896 0.944979 -93.971138 0.002153 0.989867 -0.141983 -23.991722 -0.954556 0.044348 0.294712 232.956543
0.279251 0.135411 0.950622 -92.789062 0.000061 0.990004 -0.141039 -24.197617 -0.960218 0.039443 0.276452 233.338974
0.261083 0.135740 0.955725 -91.627579 -0.001737 0.990128 -0.140152 -24.395638 -0.965315 0.034932 0.258741 233.687790
0.243974 0.134726 0.960378 -90.460701 -0.001041 0.990339 -0.138665 -24.592768 -0.969781 0.032831 0.241758 234.014252
0.226411 0.134585 0.964689 -89.299431 -0.000739 0.990432 -0.138003 -24.781801 -0.974032 0.030533 0.224344 234.316208
0.209472 0.134615 0.968504 -88.141479 0.001823 0.990423 -0.138056 -24.970621 -0.977813 0.030685 0.207221 234.579453
0.192122 0.137447 0.971698 -86.989326 -0.000323 0.990152 -0.139993 -25.155752 -0.981371 0.026582 0.190274 234.841736
0.174125 0.138531 0.974931 -85.834618 -0.000411 0.990065 -0.140608 -25.352232 -0.984723 0.024083 0.172452 235.073486
0.158898 0.135796 0.977911 -84.683151 -0.000153 0.990499 -0.137519 -25.539379 -0.987295 0.021702 0.157409 235.290665
0.145013 0.131612 0.980637 -83.532600 0.003035 0.991050 -0.133459 -25.729273 -0.989425 0.022330 0.143316 235.473190
0.132195 0.127547 0.982983 -82.384270 0.004700 0.991595 -0.129296 -25.907974 -0.991213 0.021712 0.130484 235.639557
0.121087 0.124993 0.984741 -81.258217 0.006936 0.991910 -0.126755 -26.078365 -0.992618 0.022179 0.119240 235.780579
0.111292 0.124326 0.985980 -80.144302 0.008710 0.991984 -0.126066 -26.248037 -0.993750 0.022618 0.109317 235.910812
0.103321 0.126178 0.986612 -79.040398 0.008963 0.991763 -0.127775 -26.417513 -0.994608 0.022045 0.101339 236.028305
0.096851 0.127808 0.987059 -77.949570 0.008040 0.991588 -0.129183 -26.581341 -0.995266 0.020448 0.095008 236.148270
0.091463 0.131525 0.987085 -76.881134 0.008097 0.991108 -0.132811 -26.740343 -0.995776 0.020139 0.089584 236.252762
0.086212 0.138886 0.986549 -75.831108 0.007852 0.990110 -0.140074 -26.919230 -0.996246 0.019822 0.084269 236.348755
0.081662 0.141301 0.986593 -74.779266 0.005476 0.989820 -0.142216 -27.092607 -0.996645 0.017016 0.080057 236.446396
0.077859 0.134448 0.987857 -73.704239 0.003620 0.990820 -0.135137 -27.267193 -0.996958 0.014098 0.076658 236.534134
0.075793 0.124907 0.989269 -72.635872 0.004709 0.992067 -0.125621 -27.434690 -0.997112 0.014180 0.074603 236.614288
0.074836 0.121205 0.989802 -71.582611 0.004878 0.992529 -0.121908 -27.594526 -0.997184 0.013951 0.073686 236.685501
0.074993 0.122730 0.989603 -70.556915 0.004527 0.992345 -0.123413 -27.746134 -0.997174 0.013735 0.073864 236.766617
0.076150 0.125753 0.989135 -69.539803 0.004393 0.991963 -0.126451 -27.894186 -0.997087 0.013975 0.074985 236.842758
0.078027 0.127820 0.988723 -68.526321 0.002512 0.991719 -0.128405 -28.051477 -0.996948 0.012503 0.077060 236.926376
0.080593 0.128833 0.988386 -67.516403 0.000187 0.991610 -0.129268 -28.208324 -0.996747 0.010603 0.079893 237.014496
0.084521 0.129871 0.987922 -66.513519 -0.001065 0.991481 -0.130248 -28.358442 -0.996421 0.009957 0.083939 237.095367
0.088622 0.131139 0.987395 -65.524605 -0.002671 0.991323 -0.131421 -28.506485 -0.996062 0.009009 0.088204 237.187057
0.093731 0.132231 0.986777 -64.533424 -0.004594 0.991188 -0.132386 -28.650850 -0.995587 0.007876 0.093512 237.281540
0.100595 0.132152 0.986112 -63.539803 -0.005884 0.991201 -0.132234 -28.798704 -0.994910 0.007499 0.100488 237.386765
0.108517 0.130953 0.985432 -62.550194 -0.005502 0.991350 -0.131133 -28.948313 -0.994079 0.008809 0.108298 237.487091
0.117148 0.129917 0.984580 -61.564606 -0.003636 0.991456 -0.130392 -29.101973 -0.993108 0.011695 0.116619 237.576675
0.124411 0.130427 0.983621 -60.603771 -0.003528 0.991375 -0.131009 -29.251183 -0.992224 0.012829 0.123798 237.695877
0.131439 0.130370 0.982714 -59.623055 -0.003845 0.991374 -0.131004 -29.407433 -0.991317 0.013441 0.130806 237.824951
0.137546 0.129929 0.981937 -58.669704 -0.005583 0.991445 -0.130405 -29.553688 -0.990480 0.012455 0.137095 237.959961
0.144181 0.128412 0.981184 -57.703732 -0.006175 0.991642 -0.128874 -29.697956 -0.989532 0.012523 0.143769 238.095718
0.150799 0.126993 0.980374 -56.753864 -0.007104 0.991828 -0.127384 -29.848417 -0.988539 0.012245 0.150469 238.236679
0.157340 0.127408 0.979291 -55.809639 -0.009286 0.991790 -0.127543 -30.000277 -0.987501 0.010974 0.157231 238.385818
0.163849 0.129468 0.977953 -54.865021 -0.009591 0.991513 -0.129656 -30.148788 -0.986439 0.011865 0.163700 238.543045
0.170595 0.130906 0.976607 -53.911346 -0.010447 0.991320 -0.131053 -30.294825 -0.985286 0.012154 0.170482 238.702332
0.177358 0.132557 0.975178 -52.952652 -0.012263 0.991108 -0.132492 -30.448793 -0.984070 0.011540 0.177406 238.877106
0.183871 0.133588 0.973830 -52.009853 -0.014486 0.990983 -0.133206 -30.591249 -0.982844 0.010386 0.184148 239.059631
0.191156 0.133877 0.972387 -51.073521 -0.016430 0.990953 -0.133203 -30.739594 -0.981422 0.009486 0.191626 239.244583
0.198378 0.132123 0.971180 -50.135521 -0.018083 0.991197 -0.131152 -30.885359 -0.979959 0.008456 0.199021 239.434143
0.205400 0.130631 0.969921 -49.189426 -0.018692 0.991395 -0.129565 -31.034063 -0.978500 0.008483 0.206074 239.636200
