1.000000 0.000000 0.000000 0.000000 0.000000 1.000000 0.000000 0.000000 0.000000 0.000000 1.000000 0.000000
0.999884 0.001211 0.015184 -0.017916 -0.001203 0.999999 -0.000512 -0.006723 -0.015185 0.000493 0.999885 0.100704
0.999344 0.003635 0.036020 -0.032103 -0.003646 0.999993 0.000229 -0.006989 -0.036018 -0.000360 0.999351 0.225278
0.998024 0.005051 0.062627 -0.043642 -0.005170 0.999985 0.001745 -0.004343 -0.062617 -0.002065 0.998035 0.370231
0.995374 0.004479 0.095973 -0.036476 -0.004946 0.999977 0.004620 -0.000133 -0.095950 -0.005073 0.995373 0.533687
0.991059 0.001394 0.133417 0.001243 -0.002319 0.999974 0.006776 0.005757 -0.133404 -0.007025 0.991037 0.726185
0.985013 -0.001893 0.172471 0.059958 0.000503 0.999967 0.008098 0.000909 -0.172480 -0.007890 0.984981 0.918723
0.976395 -0.002550 0.215977 0.111272 0.000440 0.999952 0.009818 -0.002652 -0.215992 -0.009491 0.976349 1.132353
0.964821 -0.002647 0.262895 0.164054 -0.000808 0.999915 0.013034 0.001516 -0.262907 -0.012788 0.964736 1.358366
0.950749 -0.006071 0.309903 0.267412 -0.000130 0.999800 0.019985 0.012712 -0.309962 -0.019041 0.950558 1.612567
0.934182 -0.015526 0.356459 0.391383 0.005879 0.999587 0.028130 0.015083 -0.356748 -0.024183 0.933887 1.854416
0.913444 -0.022045 0.406368 0.519484 0.009030 0.999384 0.033918 0.003812 -0.406865 -0.027313 0.913080 2.096719
0.888805 -0.024732 0.457618 0.652310 0.007996 0.999228 0.038474 -0.002123 -0.458216 -0.030537 0.888316 2.355535
0.861210 -0.027238 0.507519 0.808630 0.006098 0.999045 0.043270 0.016103 -0.508213 -0.034170 0.860554 2.613313
0.829936 -0.032503 0.556911 0.999419 0.006848 0.998820 0.048089 0.024813 -0.557817 -0.036097 0.829179 2.852593
0.794872 -0.038856 0.605531 1.215028 0.008984 0.998592 0.052285 0.030663 -0.606710 -0.036120 0.794102 3.089142
0.758124 -0.044095 0.650618 1.455537 0.010049 0.998383 0.055955 0.037526 -0.652033 -0.035883 0.757341 3.321563
0.719134 -0.048162 0.693200 1.714896 0.010953 0.998257 0.057994 0.053300 -0.694785 -0.034113 0.718408 3.558484
0.678575 -0.050650 0.732783 1.992296 0.009700 0.998151 0.060010 0.063985 -0.734468 -0.033614 0.677811 3.792898
0.636857 -0.051768 0.769242 2.290210 0.005196 0.998009 0.062861 0.080644 -0.770964 -0.036037 0.635858 4.047395
0.595965 -0.053307 0.801239 2.630078 0.001992 0.997889 0.064909 0.103104 -0.803008 -0.037088 0.594814 4.293239
0.556916 -0.054816 0.828758 2.992065 -0.000624 0.997792 0.066416 0.127726 -0.830569 -0.037505 0.555652 4.524803
0.519369 -0.057769 0.852595 3.388496 -0.002238 0.997617 0.068958 0.147762 -0.854547 -0.037723 0.518002 4.748974
0.482819 -0.058720 0.873749 3.799475 -0.005039 0.997547 0.069824 0.171539 -0.875706 -0.038115 0.481338 4.984806
0.447459 -0.058724 0.892374 4.240978 -0.006448 0.997604 0.068882 0.202774 -0.894281 -0.036576 0.446008 5.202096
0.414825 -0.058059 0.908047 4.713389 -0.005899 0.997770 0.066491 0.235606 -0.909882 -0.032939 0.413557 5.407438
0.385889 -0.056959 0.920785 5.226518 -0.004429 0.997966 0.063589 0.266578 -0.922535 -0.028616 0.384852 5.607877
0.361042 -0.055723 0.930883 5.748465 -0.003988 0.998112 0.061294 0.296682 -0.932541 -0.025842 0.360138 5.810204
0.342139 -0.055526 0.938007 6.314855 -0.003408 0.998173 0.060330 0.329754 -0.939643 -0.023838 0.341325 6.016646
0.328060 -0.056335 0.942976 6.919315 -0.002705 0.998160 0.060573 0.364077 -0.944653 -0.022423 0.327304 6.215218
0.317744 -0.058069 0.946397 7.551396 -0.002152 0.998076 0.061963 0.392241 -0.948174 -0.021725 0.317007 6.413206
0.307867 -0.060193 0.949524 8.200232 -0.003268 0.997924 0.064321 0.424336 -0.951424 -0.022905 0.307031 6.624901
0.298211 -0.062012 0.952483 8.872435 -0.004559 0.997783 0.066389 0.463601 -0.954489 -0.024141 0.297267 6.841692
0.288763 -0.063822 0.955271 9.558103 -0.005384 0.997652 0.068282 0.505597 -0.957385 -0.024861 0.287742 7.055318
0.279543 -0.065994 0.957863 10.269741 -0.006528 0.997481 0.070628 0.543326 -0.960111 -0.025996 0.278408 7.271363
0.270103 -0.067579 0.960457 11.005219 -0.006918 0.997372 0.072122 0.589608 -0.962806 -0.026125 0.268926 7.483886
0.260537 -0.069105 0.962987 11.752387 -0.007303 0.997265 0.073541 0.632687 -0.965436 -0.026193 0.259320 7.681966
0.251208 -0.071909 0.965258 12.516633 -0.009121 0.997016 0.076649 0.677147 -0.967890 -0.028059 0.249802 7.904347
0.241500 -0.075587 0.967453 13.294939 -0.011123 0.996681 0.080647 0.727616 -0.970337 -0.030237 0.239858 8.112829
0.231052 -0.079594 0.969680 14.082473 -0.011677 0.996350 0.084565 0.776618 -0.972871 -0.030862 0.229279 8.309487
0.219079 -0.082045 0.972252 14.870091 -0.012212 0.996150 0.086813 0.827023 -0.975631 -0.030892 0.217234 8.495037
0.206140 -0.082899 0.975005 15.662375 -0.012546 0.996099 0.087345 0.878290 -0.978442 -0.030237 0.204296 8.673453
0.192502 -0.082391 0.977832 16.458860 -0.013425 0.996155 0.086578 0.933298 -0.981205 -0.029793 0.190656 8.842797
0.177300 -0.081820 0.980750 17.250992 -0.014304 0.996219 0.085697 0.987492 -0.984053 -0.029223 0.175459 8.998266
0.158153 -0.081081 0.984080 18.046885 -0.016510 0.996266 0.084738 1.035939 -0.987277 -0.029649 0.156224 9.143793
0.134133 -0.080369 0.987699 18.854136 -0.020803 0.996258 0.083891 1.087031 -0.990745 -0.031799 0.131959 9.270834
0.105000 -0.080542 0.991205 19.665655 -0.025042 0.996185 0.083600 1.139321 -0.994157 -0.033599 0.102582 9.381827
0.072683 -0.080786 0.994078 20.486376 -0.028082 0.996153 0.083008 1.191832 -0.996960 -0.033949 0.070135 9.462924
0.039674 -0.080630 0.995954 21.310654 -0.029959 0.996195 0.081843 1.242583 -0.998763 -0.033085 0.037107 9.514214
0.007445 -0.079997 0.996767 22.139023 -0.031700 0.996275 0.080195 1.291789 -0.999470 -0.032194 0.004881 9.542471
-0.024750 -0.078557 0.996602 22.969706 -0.034063 0.996395 0.077695 1.338098 -0.999113 -0.032025 -0.027337 9.541657
-0.056405 -0.076126 0.995502 23.799314 -0.036135 0.996591 0.074162 1.386766 -0.997754 -0.031790 -0.058964 9.521797
-0.088121 -0.071682 0.993527 24.628319 -0.034264 0.997035 0.068896 1.434836 -0.995520 -0.027972 -0.090315 9.454130
-0.118902 -0.066709 0.990663 25.457890 -0.029995 0.997526 0.063571 1.474136 -0.992453 -0.022157 -0.120609 9.357566
-0.149143 -0.060915 0.986938 26.282763 -0.024919 0.998015 0.057833 1.511670 -0.988502 -0.015968 -0.150365 9.234946
-0.177253 -0.056136 0.982563 27.103209 -0.020581 0.998365 0.053326 1.540114 -0.983950 -0.010770 -0.178119 9.085981
-0.204611 -0.050374 0.977546 27.920408 -0.012907 0.998727 0.048764 1.574799 -0.978758 -0.002640 -0.205000 8.902936
-0.229745 -0.040044 0.972427 28.727865 -0.007601 0.999197 0.039350 1.600387 -0.973221 0.001650 -0.229865 8.707051
-0.254383 -0.024616 0.966790 29.510738 -0.003427 0.999693 0.024552 1.615726 -0.967098 0.002933 -0.254389 8.506179
-0.278499 -0.007760 0.960405 30.291630 -0.001929 0.999970 0.007520 1.621084 -0.960435 0.000242 -0.278505 8.295923
-0.303642 0.006452 0.952764 31.054152 -0.002944 0.999966 -0.007710 1.616755 -0.952781 -0.005146 -0.303613 8.064688
-0.328236 0.016122 0.944458 31.818457 -0.001021 0.999848 -0.017423 1.592136 -0.944595 -0.006683 -0.328169 7.810534
-0.351644 0.019478 0.935931 32.594158 0.001975 0.999797 -0.020066 1.555794 -0.936132 -0.005207 -0.351611 7.524323
-0.374396 0.017907 0.927096 33.364902 0.003478 0.999834 -0.017907 1.516511 -0.927262 -0.003480 -0.374396 7.231408
-0.394621 0.013550 0.918744 34.126373 0.006636 0.999907 -0.011897 1.482981 -0.918820 0.001402 -0.394674 6.908731
-0.412359 0.011371 0.910951 34.864407 0.012566 0.999898 -0.006793 1.456532 -0.910935 0.008646 -0.412460 6.556520
-0.425904 0.012307 0.904684 35.591259 0.016178 0.999851 -0.005986 1.427393 -0.904624 0.012087 -0.426040 6.205148
-0.437388 0.015314 0.899142 36.306019 0.018635 0.999795 -0.007963 1.394253 -0.899080 0.013273 -0.437584 5.849677
-0.447715 0.017438 0.894006 37.010204 0.020280 0.999751 -0.009344 1.368237 -0.893946 0.013947 -0.447957 5.495636
-0.458168 0.016690 0.888709 37.715847 0.014710 0.999829 -0.011193 1.328981 -0.888744 0.007945 -0.458336 5.155976
-0.469789 0.015155 0.882649 38.421032 0.012625 0.999866 -0.010448 1.312778 -0.882688 0.006235 -0.469917 4.808457
-0.478928 0.016560 0.877698 39.119087 0.014184 0.999838 -0.011124 1.295251 -0.877739 0.007122 -0.479086 4.424456
-0.486196 0.019231 0.873638 39.821190 0.017372 0.999773 -0.012340 1.268059 -0.873677 0.009177 -0.486419 4.027939
-0.490340 0.022250 0.871247 40.529221 0.018644 0.999713 -0.015038 1.244871 -0.871332 0.008870 -0.490614 3.631426
-0.490228 0.023456 0.871278 41.257645 0.017584 0.999701 -0.017019 1.215643 -0.871417 0.006977 -0.490494 3.220538
-0.486885 0.023758 0.873143 42.010788 0.019119 0.999680 -0.016539 1.188244 -0.873257 0.008641 -0.487183 2.790523
-0.481082 0.022600 0.876384 42.789829 0.017815 0.999713 -0.016001 1.153440 -0.876494 0.007915 -0.481347 2.377210
-0.473829 0.021388 0.880357 43.583992 0.016051 0.999749 -0.015650 1.129081 -0.880471 0.006715 -0.474053 1.951520
-0.466175 0.020747 0.884449 44.393696 0.014082 0.999772 -0.016030 1.101345 -0.884581 0.004982 -0.466361 1.523896
-0.459346 0.019689 0.888039 45.212872 0.011796 0.999801 -0.016066 1.071965 -0.888179 0.003095 -0.459487 1.094054
-0.454477 0.017881 0.890579 46.050549 0.008238 0.999840 -0.015870 1.043360 -0.890721 0.000124 -0.454551 0.676711
-0.452303 0.014989 0.891738 46.919266 0.003042 0.999879 -0.015264 1.014516 -0.891859 -0.004191 -0.452294 0.244520
-0.452057 0.013126 0.891892 47.794384 0.000172 0.999893 -0.014628 0.985790 -0.891989 -0.006459 -0.452011 -0.195306
-0.452909 0.011946 0.891477 48.681458 -0.001612 0.999898 -0.014219 0.960141 -0.891555 -0.007877 -0.452844 -0.628669
-0.453166 0.011577 0.891351 49.574303 -0.001669 0.999903 -0.013835 0.933874 -0.891425 -0.007757 -0.453103 -1.082566
-0.453258 0.010843 0.891314 50.483231 -0.002202 0.999909 -0.013284 0.902324 -0.891377 -0.007983 -0.453193 -1.541147
-0.452764 0.010403 0.891570 51.402996 -0.002144 0.999916 -0.012756 0.874871 -0.891628 -0.007687 -0.452704 -2.010995
-0.452695 0.009677 0.891613 52.329243 -0.002713 0.999922 -0.012229 0.840404 -0.891662 -0.007955 -0.452633 -2.486918
-0.452451 0.008420 0.891749 53.256397 -0.004094 0.999925 -0.011519 0.812039 -0.891780 -0.008862 -0.452383 -2.955700
-0.452301 0.007936 0.891830 54.174793 -0.004613 0.999926 -0.011237 0.779890 -0.891853 -0.009196 -0.452231 -3.423521
-0.451814 0.007189 0.892083 55.090202 -0.005508 0.999926 -0.010848 0.748309 -0.892095 -0.009815 -0.451741 -3.876970
-0.449668 0.005677 0.893178 56.014439 -0.006431 0.999933 -0.009593 0.713487 -0.893173 -0.010057 -0.449601 -4.346016
-0.447343 0.003543 0.894356 56.921188 -0.006195 0.999956 -0.007060 0.681872 -0.894341 -0.008699 -0.447301 -4.818968
-0.444986 0.002220 0.895535 57.821556 -0.005792 0.999969 -0.005357 0.650273 -0.895519 -0.007571 -0.444959 -5.276399
-0.442853 0.001885 0.896592 58.727295 -0.006022 0.999969 -0.005077 0.622768 -0.896574 -0.007648 -0.442827 -5.728694
-0.440821 0.002201 0.897592 59.641434 -0.005649 0.999970 -0.005226 0.594133 -0.897577 -0.007374 -0.440796 -6.177534
-0.439365 0.002499 0.898305 60.536674 -0.005868 0.999967 -0.005652 0.562531 -0.898289 -0.007754 -0.439336 -6.623754
-0.440385 0.003737 0.897801 61.422546 -0.006233 0.999955 -0.007220 0.535013 -0.897788 -0.008776 -0.440341 -7.057636
-0.443368 0.005026 0.896326 62.317711 -0.007257 0.999931 -0.009196 0.504935 -0.896310 -0.010582 -0.443301 -7.484084
-0.448002 0.005501 0.894016 63.213608 -0.008217 0.999914 -0.010271 0.476397 -0.893995 -0.011947 -0.447918 -7.917387
-0.453813 0.003747 0.891089 64.103630 -0.009020 0.999921 -0.008798 0.452863 -0.891051 -0.012030 -0.453743 -8.363297
-0.459415 0.001521 0.888220 65.000488 -0.006815 0.999963 -0.005237 0.414633 -0.888195 -0.008459 -0.459388 -8.828084
-0.464498 -0.000282 0.885574 65.877647 -0.008591 0.999954 -0.004188 0.387602 -0.885533 -0.009553 -0.464479 -9.274990
-0.469546 0.001327 0.882907 66.763695 -0.008339 0.999948 -0.005938 0.358717 -0.882869 -0.010151 -0.469511 -9.730151
-0.474551 0.003397 0.880221 67.639565 -0.007648 0.999939 -0.007982 0.331221 -0.880195 -0.010520 -0.474496 -10.188723
-0.479544 0.003790 0.877510 68.511597 -0.009188 0.999914 -0.009340 0.296426 -0.877470 -0.012542 -0.479468 -10.645635
-0.483519 0.003752 0.875326 69.382881 -0.010614 0.999892 -0.010149 0.264627 -0.875269 -0.014198 -0.483427 -11.111965
-0.487173 0.002185 0.873303 70.247978 -0.011680 0.999891 -0.009017 0.225967 -0.873228 -0.014593 -0.487094 -11.577583
-0.489955 -0.004875 0.871734 71.123932 -0.011626 0.999932 -0.000942 0.190175 -0.871670 -0.010596 -0.489978 -12.066556
-0.492370 -0.012435 0.870297 71.994804 -0.011394 0.999904 0.007841 0.163727 -0.870312 -0.006055 -0.492464 -12.557028
-0.494289 -0.014376 0.869179 72.842491 -0.010965 0.999887 0.010303 0.150132 -0.869228 -0.004438 -0.494391 -13.040668
-0.496163 -0.010149 0.868170 73.658844 -0.010747 0.999927 0.005548 0.136303 -0.868163 -0.006577 -0.496236 -13.497456
-0.497557 -0.004004 0.867422 74.479355 -0.009830 0.999951 -0.001022 0.123989 -0.867375 -0.009035 -0.497572 -13.975860
-0.498167 -0.000330 0.867081 75.300652 -0.005544 0.999981 -0.002804 0.112243 -0.867063 -0.006204 -0.498160 -14.469264
-0.497593 -0.000197 0.867411 76.129066 -0.003641 0.999992 -0.001861 0.085210 -0.867403 -0.004084 -0.497590 -14.971147
-0.496781 -0.002724 0.867872 76.954369 -0.003406 0.999994 0.001189 0.058937 -0.867869 -0.002366 -0.496787 -15.452692
-0.495706 -0.007837 0.868455 77.772652 -0.005731 0.999967 0.005752 0.041459 -0.868472 -0.002126 -0.495735 -15.921654
-0.495008 -0.013289 0.868787 78.606628 -0.007328 0.999911 0.011119 0.023714 -0.868858 -0.000863 -0.495061 -16.399687
-0.494719 -0.018799 0.868850 79.432053 -0.014838 0.999803 0.013184 0.003355 -0.868927 -0.006369 -0.494900 -16.848995
-0.493457 -0.023166 0.869461 80.256767 -0.022398 0.999652 0.013924 0.001583 -0.869482 -0.012603 -0.493805 -17.288132
-0.491411 -0.023049 0.870623 81.065987 -0.021613 0.999665 0.014266 -0.003639 -0.870659 -0.011806 -0.491745 -17.744362
-0.488667 -0.020414 0.872231 81.865372 -0.017915 0.999750 0.013361 -0.018505 -0.872286 -0.009097 -0.488911 -18.207947
-0.483393 -0.017330 0.875232 82.668655 -0.015972 0.999812 0.010976 -0.029265 -0.875258 -0.008674 -0.483579 -18.665306
-0.475072 -0.015844 0.879804 83.485374 -0.012794 0.999857 0.011098 -0.039403 -0.879854 -0.005984 -0.475206 -19.134378
-0.466657 -0.013088 0.884342 84.292313 -0.006391 0.999914 0.011426 -0.051944 -0.884415 -0.000320 -0.466701 -19.596210
-0.455912 -0.013461 0.889923 85.112473 -0.006653 0.999909 0.011716 -0.063928 -0.890000 -0.000579 -0.455961 -20.017275
-0.444779 -0.015473 0.895507 85.929214 -0.009349 0.999876 0.012632 -0.067243 -0.895592 -0.002754 -0.444869 -20.414043
-0.433153 -0.018209 0.901136 86.759552 -0.008871 0.999834 0.015939 -0.071574 -0.901277 -0.001090 -0.433243 -20.819307
-0.421320 -0.018659 0.906720 87.591370 -0.008865 0.999825 0.016455 -0.075333 -0.906869 -0.001106 -0.421412 -21.204208
-0.408960 -0.018571 0.912363 88.421722 -0.008616 0.999827 0.016489 -0.071070 -0.912512 -0.001118 -0.409049 -21.573860
-0.395820 -0.016724 0.918176 89.244110 -0.005396 0.999859 0.015885 -0.072886 -0.918312 0.001333 -0.395855 -21.938192
-0.382758 -0.012440 0.923765 90.078743 -0.004704 0.999923 0.011516 -0.080351 -0.923837 0.000063 -0.382787 -22.278664
-0.370430 -0.003001 0.928855 90.888573 -0.000308 0.999995 0.003108 -0.083140 -0.928860 0.000865 -0.370429 -22.621454
-0.356656 0.001917 0.934234 91.737694 -0.001353 0.999996 -0.002568 -0.095610 -0.934235 -0.002180 -0.356652 -22.949352
-0.344061 -0.000405 0.938947 92.605507 -0.004617 0.999989 -0.001260 -0.106609 -0.938936 -0.004769 -0.344059 -23.261135
-0.331188 -0.003930 0.943557 93.492355 -0.007845 0.999968 0.001412 -0.133955 -0.943532 -0.006935 -0.331208 -23.579042
-0.320446 -0.004208 0.947257 94.350922 -0.011949 0.999929 0.000399 -0.161528 -0.947191 -0.011191 -0.320473 -23.864843
-0.312952 -0.000223 0.949769 95.192177 -0.017920 0.999823 -0.005670 -0.186838 -0.949600 -0.018794 -0.312900 -24.134300
-0.307777 0.005335 0.951443 96.033989 -0.023700 0.999631 -0.013272 -0.201421 -0.951163 -0.026635 -0.307537 -24.396624
-0.303966 0.007774 0.952651 96.898911 -0.028115 0.999458 -0.017127 -0.226923 -0.952268 -0.031990 -0.303583 -24.659380
-0.300084 0.007234 0.953885 97.765610 -0.031243 0.999360 -0.017408 -0.259610 -0.953401 -0.035026 -0.299666 -24.915045
-0.295884 0.005980 0.955205 98.632599 -0.033869 0.999286 -0.016747 -0.300208 -0.954623 -0.037307 -0.295470 -25.172070
-0.290777 0.002373 0.956788 99.518280 -0.036623 0.999236 -0.013609 -0.327032 -0.956090 -0.038998 -0.290468 -25.426041
-0.286171 -0.001119 0.958178 100.393913 -0.037518 0.999246 -0.010039 -0.355147 -0.957444 -0.038822 -0.285997 -25.682199
-0.280618 -0.003670 0.959813 101.254028 -0.037987 0.999252 -0.007285 -0.380529 -0.959068 -0.038505 -0.280547 -25.934519
-0.275088 -0.004435 0.961409 102.121506 -0.040419 0.999159 -0.006956 -0.410734 -0.960569 -0.040773 -0.275036 -26.171495
-0.269316 -0.003843 0.963044 102.987740 -0.048921 0.998756 -0.009695 -0.431096 -0.961809 -0.049724 -0.269169 -26.386602
-0.262962 -0.000518 0.964806 103.856720 -0.048672 0.998734 -0.012730 -0.460342 -0.963578 -0.050307 -0.262654 -26.633320
-0.256552 0.002287 0.966528 104.728676 -0.048718 0.998695 -0.015295 -0.497428 -0.965302 -0.051011 -0.256106 -26.871061
-0.250399 0.000880 0.968142 105.600464 -0.050213 0.998642 -0.013894 -0.527854 -0.966840 -0.052092 -0.250014 -27.101681
-0.243233 -0.003004 0.969963 106.490234 -0.051101 0.998646 -0.009722 -0.557311 -0.968621 -0.051931 -0.243057 -27.335117
-0.236265 -0.005869 0.971671 107.378258 -0.054014 0.998515 -0.007103 -0.593819 -0.970186 -0.054162 -0.236231 -27.551332
-0.229883 -0.003007 0.973214 108.250702 -0.054915 0.998442 -0.009886 -0.615376 -0.971668 -0.055716 -0.229690 -27.758041
-0.223427 -0.000641 0.974720 109.112671 -0.055743 0.998372 -0.012121 -0.645851 -0.973125 -0.057042 -0.223099 -27.963032
-0.216236 0.000514 0.976341 109.985672 -0.056430 0.998322 -0.013024 -0.668666 -0.974709 -0.057911 -0.215844 -28.154024
-0.209435 0.000285 0.977823 110.849701 -0.057192 0.998284 -0.012540 -0.693591 -0.976149 -0.058550 -0.209059 -28.334236
-0.201640 0.000222 0.979460 111.714569 -0.054873 0.998427 -0.011523 -0.721828 -0.977921 -0.056069 -0.201310 -28.524426
-0.193785 0.000573 0.981044 112.589584 -0.051522 0.998614 -0.010760 -0.755523 -0.979690 -0.052630 -0.193487 -28.720816
-0.186942 0.001031 0.982370 113.460075 -0.050237 0.998681 -0.010608 -0.785599 -0.981086 -0.051334 -0.186643 -28.894905
-0.179791 0.000471 0.983705 114.332237 -0.055170 0.998421 -0.010561 -0.811666 -0.982157 -0.056170 -0.179481 -29.047201
-0.173223 -0.000994 0.984882 115.206696 -0.059674 0.998173 -0.009488 -0.836423 -0.983073 -0.060416 -0.172966 -29.196157
-0.168703 -0.001404 0.985666 116.078529 -0.058964 0.998222 -0.008670 -0.861289 -0.983902 -0.059581 -0.168486 -29.354239
-0.163974 -0.001148 0.986464 116.952171 -0.058747 0.998236 -0.008603 -0.895143 -0.984714 -0.059362 -0.163753 -29.510111
-0.159667 -0.000106 0.987171 117.809975 -0.058078 0.998269 -0.009286 -0.922732 -0.985461 -0.058816 -0.159397 -29.653521
-0.153683 -0.000971 0.988120 118.682983 -0.054630 0.998478 -0.007516 -0.941754 -0.986609 -0.055136 -0.153503 -29.813604
-0.148725 -0.002184 0.988876 119.550812 -0.048753 0.998798 -0.005127 -0.963120 -0.987676 -0.048973 -0.148653 -29.972107
-0.143756 -0.004087 0.989605 120.422615 -0.048841 0.998802 -0.002970 -0.996638 -0.988407 -0.048760 -0.143783 -30.112997
-0.138857 -0.002806 0.990308 121.288017 -0.051699 0.998653 -0.004419 -1.020206 -0.988962 -0.051812 -0.138815 -30.245062
-0.135549 -0.000866 0.990770 122.152153 -0.053508 0.998547 -0.006448 -1.039877 -0.989325 -0.053888 -0.135398 -30.365673
-0.133201 -0.001123 0.991088 123.032310 -0.056371 0.998389 -0.006445 -1.063221 -0.989485 -0.056727 -0.133050 -30.486452
-0.131975 -0.001824 0.991251 123.907951 -0.058100 0.998293 -0.005899 -1.080170 -0.989549 -0.058370 -0.131856 -30.601389
-0.130473 -0.005522 0.991437 124.784706 -0.056880 0.998379 -0.001924 -1.094612 -0.989819 -0.056644 -0.130575 -30.727398
-0.129699 -0.009918 0.991504 125.662102 -0.059393 0.998232 0.002216 -1.110798 -0.989773 -0.058601 -0.130058 -30.835550
-0.128448 -0.010581 0.991660 126.516106 -0.059424 0.998228 0.002954 -1.118579 -0.989934 -0.058549 -0.128849 -30.947788
-0.127179 -0.006167 0.991861 127.352539 -0.059011 0.998256 -0.001359 -1.132618 -0.990123 -0.058703 -0.127321 -31.057665
-0.126572 -0.001751 0.991956 128.197098 -0.058750 0.998256 -0.005735 -1.139780 -0.990216 -0.059004 -0.126454 -31.166914
-0.126064 -0.001950 0.992020 129.058365 -0.060753 0.998136 -0.005758 -1.148198 -0.990160 -0.060994 -0.125948 -31.272285
-0.124956 -0.002091 0.992160 129.915710 -0.062192 0.998048 -0.005729 -1.162246 -0.990211 -0.062421 -0.124842 -31.377350
-0.123842 -0.001251 0.992301 130.770096 -0.058677 0.998259 -0.006064 -1.176776 -0.990566 -0.058976 -0.123700 -31.497450
-0.122743 0.000685 0.992438 131.619431 -0.059346 0.998205 -0.008029 -1.198401 -0.990663 -0.059882 -0.122482 -31.598955
-0.122837 0.002611 0.992423 132.466629 -0.067115 0.997685 -0.010932 -1.216460 -0.990155 -0.067949 -0.122377 -31.670067
-0.121776 0.004313 0.992548 133.315613 -0.072413 0.997287 -0.013218 -1.238223 -0.989913 -0.073483 -0.121133 -31.751692
-0.120955 0.007809 0.992627 134.150009 -0.069932 0.997417 -0.016369 -1.263981 -0.990192 -0.071396 -0.120096 -31.857315
-0.120066 0.008325 0.992731 134.992126 -0.069143 0.997467 -0.016728 -1.294757 -0.990355 -0.070648 -0.119186 -31.960514
-0.118033 0.009448 0.992965 135.843307 -0.070203 0.997373 -0.017835 -1.329335 -0.990525 -0.071815 -0.117060 -32.058979
-0.115921 0.008898 0.993219 136.672913 -0.066122 0.997672 -0.016656 -1.350201 -0.991055 -0.067604 -0.115063 -32.175823
-0.111795 0.006184 0.993712 137.508865 -0.062315 0.997969 -0.013221 -1.378608 -0.991776 -0.063401 -0.111183 -32.288815
-0.109547 0.001699 0.993980 138.336929 -0.060198 0.998152 -0.008341 -1.402194 -0.992157 -0.060750 -0.109242 -32.400631
-0.105887 0.001224 0.994377 139.142227 -0.058200 0.998277 -0.007427 -1.431373 -0.992674 -0.058660 -0.105633 -32.496319
-0.100858 0.005354 0.994886 139.944931 -0.058035 0.998251 -0.011256 -1.460642 -0.993207 -0.058873 -0.100371 -32.583324
-0.094656 0.008805 0.995471 140.737610 -0.051990 0.998553 -0.013776 -1.484190 -0.994152 -0.053059 -0.094061 -32.681976
-0.086755 0.009447 0.996185 141.544968 -0.052993 0.998496 -0.014084 -1.507278 -0.994819 -0.054013 -0.086124 -32.756393
-0.077538 0.005911 0.996972 142.342880 -0.054305 0.998473 -0.010143 -1.529603 -0.995509 -0.054927 -0.077099 -32.822453
-0.066229 0.003874 0.997797 143.123840 -0.048488 0.998799 -0.007096 -1.557930 -0.996626 -0.048851 -0.065961 -32.898697
-0.052777 0.005425 0.998592 143.895981 -0.045005 0.998956 -0.007806 -1.583871 -0.997592 -0.045353 -0.052478 -32.962238
-0.039405 0.006373 0.999203 144.668961 -0.047259 0.998849 -0.008235 -1.609135 -0.998105 -0.047546 -0.039058 -32.993694
-0.026179 0.006450 0.999636 145.438538 -0.047462 0.998843 -0.007688 -1.630128 -0.998530 -0.047646 -0.025843 -33.021183
-0.013306 0.007721 0.999882 146.196335 -0.043244 0.999030 -0.008290 -1.654125 -0.998976 -0.043350 -0.012959 -33.046970
-0.000165 0.013044 0.999915 146.928650 -0.043994 0.998947 -0.013039 -1.684266 -0.999032 -0.043992 0.000409 -33.050308
0.012781 0.022090 0.999674 147.666565 -0.046832 0.998672 -0.021469 -1.710515 -0.998821 -0.046542 0.013799 -33.030762
0.025792 0.030856 0.999191 148.394638 -0.054224 0.998095 -0.029422 -1.734066 -0.998196 -0.053421 0.027416 -32.990303
0.038432 0.033095 0.998713 149.144547 -0.057216 0.997885 -0.030866 -1.757872 -0.997622 -0.055956 0.040245 -32.954113
0.049845 0.030405 0.998294 149.870377 -0.062925 0.997646 -0.027243 -1.789805 -0.996773 -0.061460 0.051641 -32.899418
0.060881 0.028394 0.997741 150.605377 -0.062203 0.997760 -0.024598 -1.825247 -0.996205 -0.060565 0.062511 -32.848888
0.069970 0.033238 0.996995 151.321030 -0.059238 0.997819 -0.029108 -1.870008 -0.995789 -0.057023 0.071786 -32.802780
0.076890 0.041688 0.996168 152.034225 -0.060865 0.997458 -0.037044 -1.898005 -0.995180 -0.057784 0.079232 -32.741455
0.079316 0.046204 0.995778 152.754074 -0.067471 0.996883 -0.040881 -1.923585 -0.994564 -0.063943 0.082186 -32.657997
0.079065 0.043405 0.995924 153.493286 -0.071813 0.996704 -0.037738 -1.955624 -0.994280 -0.068536 0.081921 -32.575268
0.077618 0.039069 0.996217 154.228790 -0.071640 0.996867 -0.033513 -2.005782 -0.994406 -0.068768 0.080174 -32.509434
0.074677 0.036178 0.996551 154.973572 -0.067067 0.997261 -0.031178 -2.041994 -0.994950 -0.064507 0.076899 -32.456047
0.071476 0.036013 0.996792 155.703552 -0.063715 0.997472 -0.031469 -2.079082 -0.995405 -0.061262 0.073590 -32.403133
0.068332 0.035897 0.997017 156.441406 -0.060555 0.997659 -0.031770 -2.115751 -0.995823 -0.058204 0.070345 -32.354008
0.063463 0.034540 0.997386 157.170746 -0.061576 0.997632 -0.030631 -2.152580 -0.996083 -0.059471 0.065439 -32.299347
0.057887 0.034384 0.997731 157.876541 -0.061553 0.997628 -0.030809 -2.185912 -0.996424 -0.059630 0.059866 -32.253201
0.051694 0.033101 0.998114 158.607452 -0.064190 0.997494 -0.029756 -2.218872 -0.996598 -0.062531 0.053689 -32.200886
0.045514 0.030709 0.998492 159.333755 -0.062281 0.997670 -0.027845 -2.258042 -0.997020 -0.060920 0.047320 -32.176228
0.039916 0.029937 0.998754 160.060013 -0.061882 0.997706 -0.027433 -2.293948 -0.997285 -0.060710 0.041677 -32.145817
0.033245 0.031355 0.998955 160.755157 -0.062410 0.997622 -0.029236 -2.323727 -0.997497 -0.061373 0.035123 -32.115875
0.028302 0.033450 0.999040 161.452850 -0.062391 0.997550 -0.031633 -2.358799 -0.997650 -0.061436 0.030320 -32.090984
0.025311 0.035426 0.999052 162.143280 -0.062670 0.997462 -0.033782 -2.390708 -0.997713 -0.061755 0.027467 -32.073334
0.023399 0.036459 0.999061 162.826385 -0.057123 0.997751 -0.035074 -2.422408 -0.998093 -0.056249 0.025429 -32.068562
0.023859 0.034799 0.999110 163.533401 -0.054813 0.997936 -0.033449 -2.462560 -0.998212 -0.053966 0.025717 -32.057400
0.027119 0.031376 0.999140 164.252106 -0.052899 0.998152 -0.029909 -2.506104 -0.998232 -0.052042 0.028728 -32.046585
0.033839 0.030604 0.998959 164.947891 -0.052232 0.998219 -0.028812 -2.547448 -0.998061 -0.051203 0.035378 -32.023876
0.044356 0.031646 0.998514 165.639191 -0.050805 0.998276 -0.029381 -2.583239 -0.997723 -0.049426 0.045887 -32.001472
0.057965 0.031930 0.997808 166.318604 -0.049165 0.998367 -0.029092 -2.617357 -0.997107 -0.047371 0.059440 -31.971918
0.073026 0.030711 0.996857 166.991104 -0.049398 0.998410 -0.027140 -2.647583 -0.996106 -0.047261 0.074427 -31.915428
0.089131 0.026856 0.995658 167.671799 -0.052550 0.998371 -0.022225 -2.674430 -0.994633 -0.050341 0.090397 -31.839418
0.104852 0.021637 0.994252 168.352676 -0.055288 0.998344 -0.015895 -2.701508 -0.992950 -0.053303 0.105875 -31.760115
0.121464 0.015447 0.992476 169.025879 -0.056257 0.998379 -0.008654 -2.724928 -0.991000 -0.054783 0.122136 -31.671011
0.138515 0.008731 0.990322 169.699615 -0.056357 0.998410 -0.000920 -2.744344 -0.988756 -0.055684 0.138787 -31.577280
0.155343 0.003230 0.987855 170.357285 -0.056708 0.998375 0.005653 -2.761954 -0.986232 -0.056898 0.155273 -31.469139
0.173353 0.000982 0.984859 171.002853 -0.056565 0.998359 0.008961 -2.779376 -0.983234 -0.057262 0.173124 -31.351696
0.191267 0.000552 0.981538 171.637726 -0.054340 0.998472 0.010027 -2.785348 -0.980033 -0.055254 0.191005 -31.231575
0.208251 0.000441 0.978075 172.263916 -0.053101 0.998530 0.010856 -2.789592 -0.976633 -0.054197 0.207968 -31.096027
0.224221 -0.000183 0.974538 172.886703 -0.054708 0.998421 0.012774 -2.792075 -0.973001 -0.056179 0.223857 -30.935480
0.238358 -0.002303 0.971175 173.503845 -0.057577 0.998205 0.016498 -2.795189 -0.969469 -0.059850 0.237797 -30.762907
0.250906 -0.005948 0.967993 174.123016 -0.054196 0.998326 0.020182 -2.802741 -0.966493 -0.057525 0.250164 -30.608343
0.261607 -0.007445 0.965146 174.727097 -0.050541 0.998493 0.021402 -2.807566 -0.963850 -0.054378 0.260836 -30.452450
0.271359 -0.004610 0.962467 175.316528 -0.052806 0.998411 0.019671 -2.816869 -0.961029 -0.056162 0.270684 -30.267090
0.279844 0.002405 0.960043 175.882446 -0.056252 0.998320 0.013896 -2.821806 -0.958396 -0.057893 0.279509 -30.075821
0.288853 0.012103 0.957297 176.440216 -0.055842 0.998431 0.004226 -2.822692 -0.955744 -0.054678 0.289075 -29.898174
0.297350 0.018759 0.954584 177.007599 -0.051463 0.998668 -0.003595 -2.821518 -0.953381 -0.048057 0.297920 -29.729963
0.304345 0.018430 0.952384 177.593323 -0.050857 0.998701 -0.003075 -2.821430 -0.951203 -0.047499 0.304887 -29.534260
0.310298 0.013061 0.950550 178.195801 -0.054692 0.998495 0.004134 -2.823520 -0.949065 -0.053271 0.310545 -29.313822
0.314840 0.003881 0.949137 178.803772 -0.059566 0.998101 0.015678 -2.832247 -0.947274 -0.061473 0.314473 -29.091177
0.317228 -0.003808 0.948342 179.417007 -0.060165 0.997897 0.024133 -2.840071 -0.946439 -0.064713 0.316331 -28.879524
0.317965 -0.006484 0.948080 180.024368 -0.055535 0.998132 0.025452 -2.856450 -0.946475 -0.060745 0.317011 -28.689848
0.319302 -0.004639 0.947641 180.617859 -0.052045 0.998393 0.022423 -2.850111 -0.946223 -0.056480 0.318548 -28.500944
0.320814 -0.004825 0.947130 181.226257 -0.049438 0.998539 0.021833 -2.845616 -0.945851 -0.053829 0.320107 -28.306335
0.322694 -0.006010 0.946484 181.848495 -0.050732 0.998433 0.023636 -2.833248 -0.945143 -0.055644 0.321883 -28.093605
0.325222 -0.008951 0.945595 182.474457 -0.050754 0.998349 0.026907 -2.828453 -0.944275 -0.056744 0.324231 -27.877470
0.328194 -0.013231 0.944518 183.109634 -0.050297 0.998239 0.031461 -2.824461 -0.943270 -0.057832 0.326950 -27.664217
0.332137 -0.016242 0.943092 183.743240 -0.048845 0.998214 0.034393 -2.819351 -0.941966 -0.057489 0.330750 -27.446560
0.337630 -0.017903 0.941109 184.375992 -0.047254 0.998236 0.035942 -2.806031 -0.940092 -0.056606 0.336189 -27.231539
0.344810 -0.020013 0.938459 185.004700 -0.046405 0.998187 0.038337 -2.792390 -0.937525 -0.056769 0.343256 -27.022274
0.353798 -0.021998 0.935063 185.637482 -0.043331 0.998264 0.039880 -2.782883 -0.934317 -0.054627 0.352231 -26.803185
0.364287 -0.019718 0.931078 186.268524 -0.045290 0.998218 0.038860 -2.775110 -0.930185 -0.056325 0.362745 -26.563494
0.375188 -0.016623 0.926800 186.899673 -0.045848 0.998283 0.036465 -2.762789 -0.925814 -0.056173 0.373781 -26.317560
0.386385 -0.013249 0.922243 187.521774 -0.047303 0.998296 0.034160 -2.748701 -0.921124 -0.056823 0.385100 -26.067781
0.397517 -0.011756 0.917520 188.146255 -0.046865 0.998353 0.033096 -2.728543 -0.916397 -0.056156 0.396311 -25.812490
0.408715 -0.013564 0.912561 188.775314 -0.047325 0.998229 0.036033 -2.718305 -0.911434 -0.057914 0.407350 -25.539661
0.419883 -0.014332 0.907465 189.404770 -0.048049 0.998122 0.037997 -2.708837 -0.906305 -0.059557 0.418406 -25.250614
0.430895 -0.014299 0.902289 190.027191 -0.049817 0.997973 0.039606 -2.705811 -0.901026 -0.062015 0.429309 -24.956188
0.440123 -0.014471 0.897821 190.652954 -0.053095 0.997701 0.042109 -2.687818 -0.896367 -0.066203 0.438342 -24.649691
0.447277 -0.013153 0.894299 191.274689 -0.056714 0.997463 0.043036 -2.675313 -0.892595 -0.069968 0.445396 -24.329248
0.452004 -0.014470 0.891899 191.902176 -0.056661 0.997384 0.044896 -2.652214 -0.890215 -0.070829 0.450001 -24.015594
0.454179 -0.018387 0.890721 192.543991 -0.053052 0.997455 0.047642 -2.636209 -0.889329 -0.068893 0.452047 -23.699810
0.455241 -0.017969 0.890187 193.169800 -0.049619 0.997731 0.045515 -2.617459 -0.888984 -0.064890 0.453317 -23.388054
0.454658 -0.017607 0.890492 193.811584 -0.048930 0.997801 0.044711 -2.600997 -0.889321 -0.063900 0.452797 -23.061979
0.453947 -0.016884 0.890868 194.466385 -0.045506 0.998076 0.042104 -2.577742 -0.889866 -0.059653 0.452306 -22.749578
0.454045 -0.017975 0.890798 195.131454 -0.043226 0.998175 0.042175 -2.555821 -0.889930 -0.057655 0.452439 -22.424536
0.453864 -0.022625 0.890784 195.810165 -0.040865 0.998097 0.046172 -2.535530 -0.890133 -0.057358 0.452076 -22.095425
0.452430 -0.025550 0.891434 196.484421 -0.040217 0.997988 0.049016 -2.519017 -0.890893 -0.058027 0.450492 -21.755390
0.450344 -0.027711 0.892425 197.163925 -0.039362 0.997930 0.050850 -2.498817 -0.891987 -0.058027 0.448321 -21.427053
0.448734 -0.028008 0.893227 197.835449 -0.040377 0.997853 0.051573 -2.475238 -0.892753 -0.059208 0.446639 -21.081038
0.447197 -0.027965 0.893998 198.512177 -0.042300 0.997732 0.052370 -2.451453 -0.893435 -0.061236 0.445000 -20.741425
0.445567 -0.026851 0.894846 199.184601 -0.043393 0.997728 0.051545 -2.428104 -0.894196 -0.061797 0.443389 -20.404797
0.444544 -0.024114 0.895432 199.858322 -0.042263 0.997960 0.047857 -2.406846 -0.894760 -0.059119 0.442618 -20.070137
0.444063 -0.018694 0.895801 200.523041 -0.043320 0.998165 0.042305 -2.389446 -0.894948 -0.057592 0.442438 -19.732826
0.442658 -0.016049 0.896547 201.197891 -0.045770 0.998132 0.040465 -2.368122 -0.895522 -0.058947 0.441097 -19.383429
0.440984 -0.017859 0.897337 201.877411 -0.047162 0.997960 0.043038 -2.346027 -0.896275 -0.061299 0.439242 -19.029385
0.439655 -0.020571 0.897931 202.551651 -0.048808 0.997713 0.046755 -2.330691 -0.896840 -0.064382 0.437645 -18.681570
0.437249 -0.019701 0.899125 203.217682 -0.052385 0.997505 0.047332 -2.311769 -0.897813 -0.067797 0.435126 -18.329327
0.432770 -0.019510 0.901293 203.885239 -0.055017 0.997331 0.048006 -2.292519 -0.899824 -0.070362 0.430541 -17.982990
0.426456 -0.019990 0.904287 204.553268 -0.055492 0.997294 0.048216 -2.267192 -0.902804 -0.070743 0.424193 -17.654163
0.418336 -0.020146 0.908069 205.220490 -0.054818 0.997372 0.047381 -2.245806 -0.906636 -0.069600 0.416132 -17.328243
0.409142 -0.019736 0.912257 205.879883 -0.052407 0.997607 0.045087 -2.233351 -0.910965 -0.066256 0.407128 -17.029213
0.398667 -0.017001 0.916938 206.546844 -0.053867 0.997668 0.041918 -2.224403 -0.915512 -0.066104 0.396822 -16.729687
0.387750 -0.016420 0.921618 207.213684 -0.056788 0.997517 0.041664 -2.203602 -0.920013 -0.068492 0.385855 -16.430992
0.377512 -0.023062 0.925718 207.912445 -0.053422 0.997482 0.046636 -2.179597 -0.924462 -0.067059 0.375329 -16.149635
0.369677 -0.032217 0.928602 208.626251 -0.048545 0.997364 0.053928 -2.172256 -0.927891 -0.065015 0.367138 -15.876614
0.363370 -0.037946 0.930872 209.328232 -0.047724 0.997100 0.059275 -2.159523 -0.930422 -0.065964 0.360505 -15.609658
0.359183 -0.039043 0.932450 210.024292 -0.051846 0.996747 0.061707 -2.133543 -0.931826 -0.070507 0.355990 -15.321189
0.356746 -0.040146 0.933338 210.726501 -0.051896 0.996682 0.062706 -2.097632 -0.932759 -0.070807 0.353479 -15.050433
0.355764 -0.041050 0.933674 211.436172 -0.051427 0.996661 0.063415 -2.069488 -0.933160 -0.070577 0.352465 -14.785811
0.355201 -0.040289 0.933921 212.151428 -0.051118 0.996739 0.062441 -2.046285 -0.933391 -0.069920 0.351983 -14.508426
0.354759 -0.038612 0.934160 212.854401 -0.053252 0.996690 0.061419 -2.010089 -0.933440 -0.071535 0.351528 -14.230602
0.355403 -0.039041 0.933897 213.574387 -0.054307 0.996577 0.062329 -1.977358 -0.933134 -0.072869 0.352066 -13.965362
0.357005 -0.040011 0.933245 214.297684 -0.054460 0.996491 0.063556 -1.943246 -0.932514 -0.073514 0.353573 -13.692890
0.358141 -0.041593 0.932741 215.030121 -0.053089 0.996484 0.064820 -1.909907 -0.932157 -0.072733 0.354673 -13.422751
0.359857 -0.042857 0.932023 215.762314 -0.049045 0.996695 0.064767 -1.884930 -0.931717 -0.069018 0.356566 -13.156545
0.362811 -0.044024 0.930822 216.505096 -0.047754 0.996693 0.065753 -1.849862 -0.930638 -0.068306 0.359509 -12.879985
0.367243 -0.044800 0.929045 217.252441 -0.050686 0.996391 0.068083 -1.818427 -0.928743 -0.072093 0.363647 -12.583972
0.372188 -0.047843 0.926924 218.009125 -0.052171 0.996013 0.072357 -1.777911 -0.926690 -0.075289 0.368208 -12.283062
0.377289 -0.051542 0.924660 218.756775 -0.052260 0.995674 0.076824 -1.739848 -0.924620 -0.077308 0.372964 -11.983653
0.381369 -0.051975 0.922961 219.488037 -0.052693 0.995573 0.077837 -1.702289 -0.922920 -0.078318 0.376942 -11.685719
0.385290 -0.048811 0.921504 220.221054 -0.054259 0.995674 0.075426 -1.660526 -0.921199 -0.079061 0.380975 -11.376766
0.389147 -0.043293 0.920158 220.932816 -0.057857 0.995774 0.071319 -1.614401 -0.919357 -0.080992 0.384998 -11.062722
0.393313 -0.039807 0.918543 221.648819 -0.061739 0.995664 0.069586 -1.566385 -0.917330 -0.084079 0.389149 -10.746481
0.397557 -0.039267 0.916737 222.387207 -0.063535 0.995508 0.070194 -1.522814 -0.915375 -0.086151 0.393276 -10.426998
0.401524 -0.037336 0.915087 223.109695 -0.064556 0.995530 0.068944 -1.481556 -0.913570 -0.086757 0.397319 -10.114204
0.405203 -0.034903 0.913560 223.834656 -0.064994 0.995643 0.066867 -1.445974 -0.911914 -0.086471 0.401169 -9.794670
0.409701 -0.033937 0.911588 224.558273 -0.065883 0.995597 0.066674 -1.408213 -0.909838 -0.087374 0.405662 -9.468514
0.414313 -0.034730 0.909472 225.284760 -0.066145 0.995480 0.068147 -1.371800 -0.907728 -0.088391 0.410143 -9.138316
0.419074 -0.035125 0.907272 226.015579 -0.063010 0.995717 0.067654 -1.335345 -0.905763 -0.085519 0.415066 -8.810991
0.423541 -0.035037 0.905199 226.745575 -0.058903 0.996072 0.066115 -1.296352 -0.903960 -0.081322 0.419814 -8.481278
0.428423 -0.033237 0.902967 227.471527 -0.059587 0.996109 0.064937 -1.263752 -0.901612 -0.081625 0.424775 -8.137134
0.433057 -0.032037 0.900797 228.189331 -0.063818 0.995770 0.066095 -1.221248 -0.899104 -0.086110 0.429181 -7.773354
0.438478 -0.030648 0.898219 228.920319 -0.067313 0.995491 0.066827 -1.177731 -0.896218 -0.089764 0.434438 -7.407412
0.443272 -0.028072 0.895947 229.635880 -0.064339 0.995935 0.063037 -1.135575 -0.894075 -0.085587 0.439664 -7.063644
0.447270 -0.022443 0.894117 230.336197 -0.062226 0.996482 0.056140 -1.100517 -0.892232 -0.080747 0.444300 -6.715131
0.450432 -0.016998 0.892649 231.033417 -0.065831 0.996465 0.052193 -1.064713 -0.890381 -0.082273 0.447720 -6.344719
0.453368 -0.016337 0.891174 231.751053 -0.073017 0.995791 0.055401 -1.013674 -0.888328 -0.090188 0.450267 -5.953909
0.456046 -0.024880 0.889608 232.498779 -0.073333 0.995159 0.065426 -0.975873 -0.886930 -0.095075 0.452014 -5.573316
0.457798 -0.036611 0.888302 233.251511 -0.069151 0.994659 0.076632 -0.940445 -0.886363 -0.096509 0.452821 -5.205811
0.458980 -0.044224 0.887345 233.990555 -0.069377 0.993927 0.085422 -0.893149 -0.885734 -0.100768 0.453124 -4.820224
0.460591 -0.046452 0.886396 234.717896 -0.068849 0.993751 0.087854 -0.846205 -0.884938 -0.101493 0.454514 -4.436400
0.462628 -0.043767 0.885472 235.432770 -0.066973 0.994201 0.084132 -0.795301 -0.884019 -0.098224 0.457014 -4.069750
0.466424 -0.037689 0.883758 236.146622 -0.066669 0.994752 0.077608 -0.738181 -0.882045 -0.095117 0.461464 -3.698411
0.470225 -0.032849 0.881935 236.865387 -0.067449 0.995047 0.073024 -0.681655 -0.879965 -0.093823 0.465680 -3.315399
0.474070 -0.030555 0.879957 237.589600 -0.066450 0.995306 0.070360 -0.630754 -0.877976 -0.091829 0.469814 -2.934753
0.477146 -0.028784 0.878353 238.301605 -0.065728 0.995495 0.068328 -0.585922 -0.876363 -0.090335 0.473105 -2.545829
0.480449 -0.029787 0.876516 239.016815 -0.064355 0.995531 0.069106 -0.542242 -0.874658 -0.089610 0.476386 -2.155429
0.483679 -0.032690 0.874635 239.745926 -0.064824 0.995220 0.073045 -0.494038 -0.872842 -0.092028 0.479248 -1.751072
0.486310 -0.037725 0.872972 240.471481 -0.063932 0.994854 0.078607 -0.448277 -0.871445 -0.094038 0.481395 -1.359679
0.488796 -0.042393 0.871367 241.177155 -0.063367 0.994455 0.083928 -0.403581 -0.870094 -0.096239 0.483400 -0.975547
0.490083 -0.046490 0.870435 241.894257 -0.063004 0.994076 0.088566 -0.347427 -0.869396 -0.098246 0.484251 -0.591471
0.491541 -0.053471 0.869211 242.616623 -0.058899 0.993786 0.094442 -0.296835 -0.868860 -0.097618 0.485338 -0.209007
0.492670 -0.053488 0.868571 243.330597 -0.060119 0.993632 0.095290 -0.241362 -0.868137 -0.099165 0.486317 0.186443
0.493652 -0.043694 0.868561 244.007309 -0.066244 0.993946 0.087652 -0.188603 -0.867133 -0.100807 0.487769 0.596301
0.494847 -0.031222 0.868419 244.687149 -0.068219 0.994874 0.074641 -0.128215 -0.866298 -0.096179 0.490181 0.995935
0.495474 -0.023408 0.868307 245.391037 -0.068335 0.995488 0.065830 -0.070609 -0.865931 -0.091953 0.491639 1.405518
0.495128 -0.024866 0.868464 246.126938 -0.067942 0.995421 0.067236 -0.027131 -0.866159 -0.092296 0.491171 1.827638
